EndNode1[0]<--->Repeater1[0]
REAL
   0.416462 0.000391342 0.000122378    0.323997
0.000391342   0.0865492 -0.00439889  0.00157101
0.000122378 -0.00439889   0.0869953   0.0092045
   0.323997  0.00157101   0.0092045    0.409993
IMAGINARY
           0 -0.000329312   0.00729363  -0.00346339
 0.000329312            0   0.00480388   0.00751875
 -0.00729363  -0.00480388            0  -0.00526648
  0.00346339  -0.00751875   0.00526648            0
EndNode2[0]<--->HoM1[0]
REAL
    0.416889  -0.00761081  -0.00387959     0.316696
 -0.00761081    0.0931373  0.000966276 -0.000352853
 -0.00387959  0.000966276    0.0828877  -0.00279871
    0.316696 -0.000352853  -0.00279871     0.407086
IMAGINARY
           0 -0.000161883  -0.00692731  0.000206753
 0.000161883            0    0.0041314   0.00121172
  0.00692731   -0.0041314            0  -0.00326747
-0.000206753  -0.00121172   0.00326747            0
Repeater1[0]<--->EndNode1[0]
REAL
   0.416462 0.000122378 0.000391342    0.323997
0.000122378   0.0869953 -0.00439889   0.0092045
0.000391342 -0.00439889   0.0865492  0.00157101
   0.323997   0.0092045  0.00157101    0.409993
IMAGINARY
           0   0.00729363 -0.000329312  -0.00346339
 -0.00729363            0  -0.00480388  -0.00526648
 0.000329312   0.00480388            0   0.00751875
  0.00346339   0.00526648  -0.00751875            0
Repeater1[0]<--->HoM1[0]
REAL
    0.416889  -0.00387959  -0.00761081     0.316696
 -0.00387959    0.0828877  0.000966276  -0.00279871
 -0.00761081  0.000966276    0.0931373 -0.000352853
    0.316696  -0.00279871 -0.000352853     0.407086
IMAGINARY
           0  -0.00692731 -0.000161883  0.000206753
  0.00692731            0   -0.0041314  -0.00326747
 0.000161883    0.0041314            0   0.00121172
-0.000206753   0.00326747  -0.00121172            0
EndNode1[0]<--->Repeater1[0]
REAL
    0.426585   0.00164484   0.00554767     0.327571
  0.00164484    0.0784314  8.62124e-05 -0.000176239
  0.00554767  8.62124e-05    0.0866393  -0.00770198
    0.327571 -0.000176239  -0.00770198     0.408345
IMAGINARY
           0   -0.0030024   0.00325575  0.000160128
   0.0030024            0   -0.0018497   0.00047982
 -0.00325575    0.0018497            0  -0.00163876
-0.000160128  -0.00047982   0.00163876            0
EndNode2[0]<--->HoM1[0]
REAL
   0.413098  0.00952775   0.0100661    0.326036
 0.00952775   0.0790845 0.000439367 -0.00447577
  0.0100661 0.000439367   0.0881487  0.00634882
   0.326036 -0.00447577  0.00634882    0.419669
IMAGINARY
          0 -0.00483837  0.00460368   0.0121512
 0.00483837           0 -0.00193334  0.00170547
-0.00460368  0.00193334           0 -0.00597732
 -0.0121512 -0.00170547  0.00597732           0
Repeater1[0]<--->EndNode1[0]
REAL
    0.426585   0.00554767   0.00164484     0.327571
  0.00554767    0.0866393  8.62124e-05  -0.00770198
  0.00164484  8.62124e-05    0.0784314 -0.000176239
    0.327571  -0.00770198 -0.000176239     0.408345
IMAGINARY
           0   0.00325575   -0.0030024  0.000160128
 -0.00325575            0    0.0018497  -0.00163876
   0.0030024   -0.0018497            0   0.00047982
-0.000160128   0.00163876  -0.00047982            0
Repeater1[0]<--->HoM1[0]
REAL
   0.413098   0.0100661  0.00952775    0.326036
  0.0100661   0.0881487 0.000439367  0.00634882
 0.00952775 0.000439367   0.0790845 -0.00447577
   0.326036  0.00634882 -0.00447577    0.419669
IMAGINARY
          0  0.00460368 -0.00483837   0.0121512
-0.00460368           0  0.00193334 -0.00597732
 0.00483837 -0.00193334           0  0.00170547
 -0.0121512  0.00597732 -0.00170547           0
EndNode1[0]<--->Repeater1[0]
REAL
   0.398352 -0.00228834 -0.00811193     0.32678
-0.00228834   0.0895124  0.00149119  0.00754102
-0.00811193  0.00149119    0.093743 -0.00376327
    0.32678  0.00754102 -0.00376327    0.418392
IMAGINARY
          0 -0.00487197   -0.002559  0.00837134
 0.00487197           0  0.00169577  0.00607135
   0.002559 -0.00169577           0  0.00113302
-0.00837134 -0.00607135 -0.00113302           0
EndNode2[0]<--->HoM1[0]
REAL
   0.414087  0.00544164  0.00230699    0.322871
 0.00544164   0.0834455 -0.00596978  0.00585309
 0.00230699 -0.00596978   0.0939883 -0.00242353
   0.322871  0.00585309 -0.00242353    0.408479
IMAGINARY
          0  0.00587551 -0.00685574  0.00664864
-0.00587551           0 -0.00406959  0.00730498
 0.00685574  0.00406959           0 -0.00497703
-0.00664864 -0.00730498  0.00497703           0
Repeater1[0]<--->EndNode1[0]
REAL
   0.398352 -0.00811193 -0.00228834     0.32678
-0.00811193    0.093743  0.00149119 -0.00376327
-0.00228834  0.00149119   0.0895124  0.00754102
    0.32678 -0.00376327  0.00754102    0.418392
IMAGINARY
          0   -0.002559 -0.00487197  0.00837134
   0.002559           0 -0.00169577  0.00113302
 0.00487197  0.00169577           0  0.00607135
-0.00837134 -0.00113302 -0.00607135           0
Repeater1[0]<--->HoM1[0]
REAL
   0.414087  0.00230699  0.00544164    0.322871
 0.00230699   0.0939883 -0.00596978 -0.00242353
 0.00544164 -0.00596978   0.0834455  0.00585309
   0.322871 -0.00242353  0.00585309    0.408479
IMAGINARY
          0 -0.00685574  0.00587551  0.00664864
 0.00685574           0  0.00406959 -0.00497703
-0.00587551 -0.00406959           0  0.00730498
-0.00664864  0.00497703 -0.00730498           0
EndNode1[0]<--->Repeater1[0]
REAL
    0.402236   0.00275384 -0.000296455     0.321299
  0.00275384    0.0832763 -0.000717216  -0.00500709
-0.000296455 -0.000717216    0.0892083    0.0039038
    0.321299  -0.00500709    0.0039038     0.425279
IMAGINARY
           0  -0.00233437   0.00593637 -3.44154e-05
  0.00233437            0  -0.00207061   0.00184617
 -0.00593637   0.00207061            0   0.00289832
 3.44154e-05  -0.00184617  -0.00289832            0
EndNode2[0]<--->HoM1[0]
REAL
    0.413079   0.00105934 -0.000293539     0.324742
  0.00105934    0.0978586   0.00413636  -0.00439003
-0.000293539   0.00413636    0.0879576  -0.00094511
    0.324742  -0.00439003  -0.00094511     0.401105
IMAGINARY
          0 -0.00785669  0.00213501  -0.0154627
 0.00785669           0 -0.00737649  0.00147999
-0.00213501  0.00737649           0  0.00198231
  0.0154627 -0.00147999 -0.00198231           0
Repeater1[0]<--->EndNode1[0]
REAL
    0.402236 -0.000296455   0.00275384     0.321299
-0.000296455    0.0892083 -0.000717216    0.0039038
  0.00275384 -0.000717216    0.0832763  -0.00500709
    0.321299    0.0039038  -0.00500709     0.425279
IMAGINARY
           0   0.00593637  -0.00233437 -3.44154e-05
 -0.00593637            0   0.00207061   0.00289832
  0.00233437  -0.00207061            0   0.00184617
 3.44154e-05  -0.00289832  -0.00184617            0
Repeater1[0]<--->HoM1[0]
REAL
    0.413079 -0.000293539   0.00105934     0.324742
-0.000293539    0.0879576   0.00413636  -0.00094511
  0.00105934   0.00413636    0.0978586  -0.00439003
    0.324742  -0.00094511  -0.00439003     0.401105
IMAGINARY
          0  0.00213501 -0.00785669  -0.0154627
-0.00213501           0  0.00737649  0.00198231
 0.00785669 -0.00737649           0  0.00147999
  0.0154627 -0.00198231 -0.00147999           0
EndNode1[0]<--->Repeater1[0]
REAL
    0.411872  -0.00687348  -0.00104268     0.331543
 -0.00687348    0.0858447 -0.000832312   0.00666318
 -0.00104268 -0.000832312     0.090411   0.00777276
    0.331543   0.00666318   0.00777276     0.411872
IMAGINARY
           0  -0.00317343  -0.00680873  -0.00110083
  0.00317343            0    0.0050035  0.000837923
  0.00680873   -0.0050035            0   0.00427914
  0.00110083 -0.000837923  -0.00427914            0
EndNode2[0]<--->HoM1[0]
REAL
     0.40643  -0.00411148  -0.00100443     0.333035
 -0.00411148     0.086918   0.00155857 -0.000107171
 -0.00100443   0.00155857    0.0855876   0.00922487
    0.333035 -0.000107171   0.00922487     0.421064
IMAGINARY
           0   0.00260455  0.000983426   0.00630634
 -0.00260455            0    0.0108169   0.00367884
-0.000983426   -0.0108169            0  0.000693151
 -0.00630634  -0.00367884 -0.000693151            0
Repeater1[0]<--->EndNode1[0]
REAL
    0.411872  -0.00104268  -0.00687348     0.331543
 -0.00104268     0.090411 -0.000832312   0.00777276
 -0.00687348 -0.000832312    0.0858447   0.00666318
    0.331543   0.00777276   0.00666318     0.411872
IMAGINARY
           0  -0.00680873  -0.00317343  -0.00110083
  0.00680873            0   -0.0050035   0.00427914
  0.00317343    0.0050035            0  0.000837923
  0.00110083  -0.00427914 -0.000837923            0
Repeater1[0]<--->HoM1[0]
REAL
     0.40643  -0.00100443  -0.00411148     0.333035
 -0.00100443    0.0855876   0.00155857   0.00922487
 -0.00411148   0.00155857     0.086918 -0.000107171
    0.333035   0.00922487 -0.000107171     0.421064
IMAGINARY
           0  0.000983426   0.00260455   0.00630634
-0.000983426            0   -0.0108169  0.000693151
 -0.00260455    0.0108169            0   0.00367884
 -0.00630634 -0.000693151  -0.00367884            0
EndNode1[0]<--->Repeater1[0]
REAL
   0.414422 -0.00566739  -0.0037698    0.323514
-0.00566739   0.0832406  0.00450974 7.63549e-05
 -0.0037698  0.00450974   0.0963721 -0.00195034
   0.323514 7.63549e-05 -0.00195034    0.405965
IMAGINARY
          0 -0.00130562  0.00563723  0.00505278
 0.00130562           0 -0.00296257   0.0101999
-0.00563723  0.00296257           0  -0.0059342
-0.00505278  -0.0101999   0.0059342           0
EndNode2[0]<--->HoM1[0]
REAL
   0.406006  -0.0034054  0.00332859    0.320429
 -0.0034054   0.0873453 -0.00458789 5.34775e-05
 0.00332859 -0.00458789   0.0894085 -0.00194044
   0.320429 5.34775e-05 -0.00194044     0.41724
IMAGINARY
          0     0.01326 -0.00538013  -0.0075003
   -0.01326           0  0.00162337  -0.0116666
 0.00538013 -0.00162337           0  0.00446406
  0.0075003   0.0116666 -0.00446406           0
Repeater1[0]<--->EndNode1[0]
REAL
   0.414422  -0.0037698 -0.00566739    0.323514
 -0.0037698   0.0963721  0.00450974 -0.00195034
-0.00566739  0.00450974   0.0832406 7.63549e-05
   0.323514 -0.00195034 7.63549e-05    0.405965
IMAGINARY
          0  0.00563723 -0.00130562  0.00505278
-0.00563723           0  0.00296257  -0.0059342
 0.00130562 -0.00296257           0   0.0101999
-0.00505278   0.0059342  -0.0101999           0
Repeater1[0]<--->HoM1[0]
REAL
   0.406006  0.00332859  -0.0034054    0.320429
 0.00332859   0.0894085 -0.00458789 -0.00194044
 -0.0034054 -0.00458789   0.0873453 5.34775e-05
   0.320429 -0.00194044 5.34775e-05     0.41724
IMAGINARY
          0 -0.00538013     0.01326  -0.0075003
 0.00538013           0 -0.00162337  0.00446406
   -0.01326  0.00162337           0  -0.0116666
  0.0075003 -0.00446406   0.0116666           0
EndNode1[0]<--->Repeater1[0]
REAL
   0.397504  0.00981555  0.00176811    0.325491
 0.00981555   0.0790998 -0.00642192 -0.00110292
 0.00176811 -0.00642192   0.0880125  0.00504033
   0.325491 -0.00110292  0.00504033    0.435383
IMAGINARY
           0  -0.00059145   0.00507368 -0.000517518
  0.00059145            0  -0.00209197 -0.000811387
 -0.00507368   0.00209197            0    0.0052909
 0.000517518  0.000811387   -0.0052909            0
EndNode2[0]<--->HoM1[0]
REAL
    0.403338   0.00150454    0.0139592     0.330726
  0.00150454    0.0913306 -0.000109831  0.000986458
   0.0139592 -0.000109831    0.0887807   0.00574183
    0.330726  0.000986458   0.00574183     0.416551
IMAGINARY
           0   0.00152536  -0.00167929   0.00625251
 -0.00152536            0   0.00411432  0.000998089
  0.00167929  -0.00411432            0  -0.00334189
 -0.00625251 -0.000998089   0.00334189            0
Repeater1[0]<--->EndNode1[0]
REAL
   0.397504  0.00176811  0.00981555    0.325491
 0.00176811   0.0880125 -0.00642192  0.00504033
 0.00981555 -0.00642192   0.0790998 -0.00110292
   0.325491  0.00504033 -0.00110292    0.435383
IMAGINARY
           0   0.00507368  -0.00059145 -0.000517518
 -0.00507368            0   0.00209197    0.0052909
  0.00059145  -0.00209197            0 -0.000811387
 0.000517518   -0.0052909  0.000811387            0
Repeater1[0]<--->HoM1[0]
REAL
    0.403338    0.0139592   0.00150454     0.330726
   0.0139592    0.0887807 -0.000109831   0.00574183
  0.00150454 -0.000109831    0.0913306  0.000986458
    0.330726   0.00574183  0.000986458     0.416551
IMAGINARY
           0  -0.00167929   0.00152536   0.00625251
  0.00167929            0  -0.00411432  -0.00334189
 -0.00152536   0.00411432            0  0.000998089
 -0.00625251   0.00334189 -0.000998089            0
EndNode1[0]<--->Repeater1[0]
REAL
    0.411712   -0.0097066   -0.0116904     0.328684
  -0.0097066    0.0921171 -0.000467378   -0.0104315
  -0.0116904 -0.000467378    0.0849099  -0.00948076
    0.328684   -0.0104315  -0.00948076     0.411261
IMAGINARY
           0   0.00477232  -0.00371463 -0.000363658
 -0.00477232            0   0.00631738  -0.00244413
  0.00371463  -0.00631738            0  0.000245931
 0.000363658   0.00244413 -0.000245931            0
EndNode2[0]<--->HoM1[0]
REAL
   0.409112 -0.00419634 0.000575888    0.331463
-0.00419634   0.0865385 -0.00198034 -0.00684651
0.000575888 -0.00198034   0.0849359  0.00518644
   0.331463 -0.00684651  0.00518644    0.419414
IMAGINARY
           0   0.00482611  0.000544161  -0.00297671
 -0.00482611            0   0.00553248   0.00199279
-0.000544161  -0.00553248            0   -0.0115545
  0.00297671  -0.00199279    0.0115545            0
Repeater1[0]<--->EndNode1[0]
REAL
    0.411712   -0.0116904   -0.0097066     0.328684
  -0.0116904    0.0849099 -0.000467378  -0.00948076
  -0.0097066 -0.000467378    0.0921171   -0.0104315
    0.328684  -0.00948076   -0.0104315     0.411261
IMAGINARY
           0  -0.00371463   0.00477232 -0.000363658
  0.00371463            0  -0.00631738  0.000245931
 -0.00477232   0.00631738            0  -0.00244413
 0.000363658 -0.000245931   0.00244413            0
Repeater1[0]<--->HoM1[0]
REAL
   0.409112 0.000575888 -0.00419634    0.331463
0.000575888   0.0849359 -0.00198034  0.00518644
-0.00419634 -0.00198034   0.0865385 -0.00684651
   0.331463  0.00518644 -0.00684651    0.419414
IMAGINARY
           0  0.000544161   0.00482611  -0.00297671
-0.000544161            0  -0.00553248   -0.0115545
 -0.00482611   0.00553248            0   0.00199279
  0.00297671    0.0115545  -0.00199279            0
EndNode1[0]<--->Repeater1[0]
REAL
   0.406151   0.0035638 -0.00642681    0.322337
  0.0035638   0.0915875 -0.00480401   0.0103304
-0.00642681 -0.00480401   0.0872908  0.00390887
   0.322337   0.0103304  0.00390887    0.414971
IMAGINARY
          0   -0.002206    0.011027  0.00149798
   0.002206           0  0.00572584  0.00392539
  -0.011027 -0.00572584           0  0.00288565
-0.00149798 -0.00392539 -0.00288565           0
EndNode2[0]<--->HoM1[0]
REAL
   0.416283 -0.00457128  0.00166179    0.322797
-0.00457128   0.0809568  0.00176812 -0.00545136
 0.00166179  0.00176812   0.0857866  0.00590877
   0.322797 -0.00545136  0.00590877    0.416973
IMAGINARY
           0   0.00029288   0.00230484  -0.00927761
 -0.00029288            0   0.00156466  0.000156008
 -0.00230484  -0.00156466            0  -0.00185888
  0.00927761 -0.000156008   0.00185888            0
Repeater1[0]<--->EndNode1[0]
REAL
   0.406151 -0.00642681   0.0035638    0.322337
-0.00642681   0.0872908 -0.00480401  0.00390887
  0.0035638 -0.00480401   0.0915875   0.0103304
   0.322337  0.00390887   0.0103304    0.414971
IMAGINARY
          0    0.011027   -0.002206  0.00149798
  -0.011027           0 -0.00572584  0.00288565
   0.002206  0.00572584           0  0.00392539
-0.00149798 -0.00288565 -0.00392539           0
Repeater1[0]<--->HoM1[0]
REAL
   0.416283  0.00166179 -0.00457128    0.322797
 0.00166179   0.0857866  0.00176812  0.00590877
-0.00457128  0.00176812   0.0809568 -0.00545136
   0.322797  0.00590877 -0.00545136    0.416973
IMAGINARY
           0   0.00230484   0.00029288  -0.00927761
 -0.00230484            0  -0.00156466  -0.00185888
 -0.00029288   0.00156466            0  0.000156008
  0.00927761   0.00185888 -0.000156008            0
EndNode1[0]<--->Repeater1[0]
REAL
   0.413824 0.000185761 -0.00518065     0.33003
0.000185761   0.0914052  0.00017181  0.00861787
-0.00518065  0.00017181   0.0814006  0.00164742
    0.33003  0.00861787  0.00164742     0.41337
IMAGINARY
          0 -0.00333067 -0.00472601   0.0127628
 0.00333067           0 -0.00922141 -0.00392528
 0.00472601  0.00922141           0  0.00155605
 -0.0127628  0.00392528 -0.00155605           0
EndNode2[0]<--->HoM1[0]
REAL
   0.416354 -0.00110178  0.00550162    0.323241
-0.00110178   0.0848619 -0.00146357  0.00461431
 0.00550162 -0.00146357   0.0877348   0.0116724
   0.323241  0.00461431   0.0116724     0.41105
IMAGINARY
           0   -0.0175088  -0.00453081  -0.00515231
   0.0175088            0  -0.00446738     0.012024
  0.00453081   0.00446738            0 -0.000883586
  0.00515231    -0.012024  0.000883586            0
Repeater1[0]<--->EndNode1[0]
REAL
   0.413824 -0.00518065 0.000185761     0.33003
-0.00518065   0.0814006  0.00017181  0.00164742
0.000185761  0.00017181   0.0914052  0.00861787
    0.33003  0.00164742  0.00861787     0.41337
IMAGINARY
          0 -0.00472601 -0.00333067   0.0127628
 0.00472601           0  0.00922141  0.00155605
 0.00333067 -0.00922141           0 -0.00392528
 -0.0127628 -0.00155605  0.00392528           0
Repeater1[0]<--->HoM1[0]
REAL
   0.416354  0.00550162 -0.00110178    0.323241
 0.00550162   0.0877348 -0.00146357   0.0116724
-0.00110178 -0.00146357   0.0848619  0.00461431
   0.323241   0.0116724  0.00461431     0.41105
IMAGINARY
           0  -0.00453081   -0.0175088  -0.00515231
  0.00453081            0   0.00446738 -0.000883586
   0.0175088  -0.00446738            0     0.012024
  0.00515231  0.000883586    -0.012024            0
EndNode1[0]<--->Repeater1[0]
REAL
   0.406022 -0.00113624  0.00215285    0.333653
-0.00113624   0.0885544  0.00311796 -0.00148021
 0.00215285  0.00311796   0.0881116  0.00449947
   0.333653 -0.00148021  0.00449947    0.417312
IMAGINARY
           0    0.0078057  -0.00141884   0.00396981
  -0.0078057            0   0.00797872  0.000284541
  0.00141884  -0.00797872            0  -0.00190733
 -0.00396981 -0.000284541   0.00190733            0
EndNode2[0]<--->HoM1[0]
REAL
    0.413622 -0.000808102  -0.00835677     0.321847
-0.000808102    0.0872801   0.00252283  0.000434435
 -0.00835677   0.00252283    0.0913396  -0.00599841
    0.321847  0.000434435  -0.00599841     0.407758
IMAGINARY
          0 -0.00438942 -0.00767725 -0.00459818
 0.00438942           0 -0.00394201  0.00447944
 0.00767725  0.00394201           0 -0.00269144
 0.00459818 -0.00447944  0.00269144           0
Repeater1[0]<--->EndNode1[0]
REAL
   0.406022  0.00215285 -0.00113624    0.333653
 0.00215285   0.0881116  0.00311796  0.00449947
-0.00113624  0.00311796   0.0885544 -0.00148021
   0.333653  0.00449947 -0.00148021    0.417312
IMAGINARY
           0  -0.00141884    0.0078057   0.00396981
  0.00141884            0  -0.00797872  -0.00190733
  -0.0078057   0.00797872            0  0.000284541
 -0.00396981   0.00190733 -0.000284541            0
Repeater1[0]<--->HoM1[0]
REAL
    0.413622  -0.00835677 -0.000808102     0.321847
 -0.00835677    0.0913396   0.00252283  -0.00599841
-0.000808102   0.00252283    0.0872801  0.000434435
    0.321847  -0.00599841  0.000434435     0.407758
IMAGINARY
          0 -0.00767725 -0.00438942 -0.00459818
 0.00767725           0  0.00394201 -0.00269144
 0.00438942 -0.00394201           0  0.00447944
 0.00459818  0.00269144 -0.00447944           0
EndNode1[0]<--->Repeater1[0]
REAL
      0.401 -0.00394568 -0.00723898    0.319895
-0.00394568   0.0913844  0.00448987 -0.00528899
-0.00723898  0.00448987   0.0891112 -0.00746371
   0.319895 -0.00528899 -0.00746371    0.418504
IMAGINARY
           0    0.0061316 -0.000456526   0.00795444
  -0.0061316            0  -0.00150502   -0.0075116
 0.000456526   0.00150502            0   0.00759129
 -0.00795444    0.0075116  -0.00759129            0
EndNode2[0]<--->HoM1[0]
REAL
    0.411015     0.004812   0.00184918     0.321319
    0.004812    0.0851161 -7.72182e-05  8.39556e-05
  0.00184918 -7.72182e-05    0.0876195   -0.0015143
    0.321319  8.39556e-05   -0.0015143     0.416249
IMAGINARY
          0 -0.00389116  0.00124535 -0.00385296
 0.00389116           0 -0.00328671   0.0014745
-0.00124535  0.00328671           0 -0.00200186
 0.00385296  -0.0014745  0.00200186           0
Repeater1[0]<--->EndNode1[0]
REAL
      0.401 -0.00723898 -0.00394568    0.319895
-0.00723898   0.0891112  0.00448987 -0.00746371
-0.00394568  0.00448987   0.0913844 -0.00528899
   0.319895 -0.00746371 -0.00528899    0.418504
IMAGINARY
           0 -0.000456526    0.0061316   0.00795444
 0.000456526            0   0.00150502   0.00759129
  -0.0061316  -0.00150502            0   -0.0075116
 -0.00795444  -0.00759129    0.0075116            0
Repeater1[0]<--->HoM1[0]
REAL
    0.411015   0.00184918     0.004812     0.321319
  0.00184918    0.0876195 -7.72182e-05   -0.0015143
    0.004812 -7.72182e-05    0.0851161  8.39556e-05
    0.321319   -0.0015143  8.39556e-05     0.416249
IMAGINARY
          0  0.00124535 -0.00389116 -0.00385296
-0.00124535           0  0.00328671 -0.00200186
 0.00389116 -0.00328671           0   0.0014745
 0.00385296  0.00200186  -0.0014745           0
EndNode1[0]<--->Repeater1[0]
REAL
    0.425077   0.00049003   0.00140499     0.326674
  0.00049003    0.0850595  -0.00330317 -5.66725e-05
  0.00140499  -0.00330317    0.0885853   0.00445379
    0.326674 -5.66725e-05   0.00445379     0.401278
IMAGINARY
          0  0.00171864 -0.00608861 -0.00143906
-0.00171864           0 -0.00516788  0.00448678
 0.00608861  0.00516788           0 -0.00217631
 0.00143906 -0.00448678  0.00217631           0
EndNode2[0]<--->HoM1[0]
REAL
   0.404622 -0.00230876 -0.00316734     0.32282
-0.00230876   0.0908473  0.00320626   0.0060669
-0.00316734  0.00320626   0.0881287  0.00520832
    0.32282   0.0060669  0.00520832    0.416402
IMAGINARY
          0 -0.00843522  0.00127416  0.00406149
 0.00843522           0  0.00483531  0.00260868
-0.00127416 -0.00483531           0  0.00388674
-0.00406149 -0.00260868 -0.00388674           0
Repeater1[0]<--->EndNode1[0]
REAL
    0.425077   0.00140499   0.00049003     0.326674
  0.00140499    0.0885853  -0.00330317   0.00445379
  0.00049003  -0.00330317    0.0850595 -5.66725e-05
    0.326674   0.00445379 -5.66725e-05     0.401278
IMAGINARY
          0 -0.00608861  0.00171864 -0.00143906
 0.00608861           0  0.00516788 -0.00217631
-0.00171864 -0.00516788           0  0.00448678
 0.00143906  0.00217631 -0.00448678           0
Repeater1[0]<--->HoM1[0]
REAL
   0.404622 -0.00316734 -0.00230876     0.32282
-0.00316734   0.0881287  0.00320626  0.00520832
-0.00230876  0.00320626   0.0908473   0.0060669
    0.32282  0.00520832   0.0060669    0.416402
IMAGINARY
          0  0.00127416 -0.00843522  0.00406149
-0.00127416           0 -0.00483531  0.00388674
 0.00843522  0.00483531           0  0.00260868
-0.00406149 -0.00388674 -0.00260868           0
EndNode1[0]<--->Repeater1[0]
REAL
    0.417707   -0.0107286    0.0011908     0.325145
  -0.0107286    0.0892061  -0.00325557  0.000282122
   0.0011908  -0.00325557    0.0860839 -0.000488216
    0.325145  0.000282122 -0.000488216     0.407003
IMAGINARY
          0  0.00032811  0.00305855  0.00699634
-0.00032811           0  0.00710883 -0.00592618
-0.00305855 -0.00710883           0  0.00253952
-0.00699634  0.00592618 -0.00253952           0
EndNode2[0]<--->HoM1[0]
REAL
   0.416922   0.0113782 -0.00269286    0.322145
  0.0113782   0.0848273  0.00366304 -0.00200574
-0.00269286  0.00366304   0.0863577  0.00409282
   0.322145 -0.00200574  0.00409282    0.411893
IMAGINARY
          0  0.00262161  0.00451493  0.00295837
-0.00262161           0 -0.00318139  0.00131566
-0.00451493  0.00318139           0 -0.00427177
-0.00295837 -0.00131566  0.00427177           0
Repeater1[0]<--->EndNode1[0]
REAL
    0.417707    0.0011908   -0.0107286     0.325145
   0.0011908    0.0860839  -0.00325557 -0.000488216
  -0.0107286  -0.00325557    0.0892061  0.000282122
    0.325145 -0.000488216  0.000282122     0.407003
IMAGINARY
          0  0.00305855  0.00032811  0.00699634
-0.00305855           0 -0.00710883  0.00253952
-0.00032811  0.00710883           0 -0.00592618
-0.00699634 -0.00253952  0.00592618           0
Repeater1[0]<--->HoM1[0]
REAL
   0.416922 -0.00269286   0.0113782    0.322145
-0.00269286   0.0863577  0.00366304  0.00409282
  0.0113782  0.00366304   0.0848273 -0.00200574
   0.322145  0.00409282 -0.00200574    0.411893
IMAGINARY
          0  0.00451493  0.00262161  0.00295837
-0.00451493           0  0.00318139 -0.00427177
-0.00262161 -0.00318139           0  0.00131566
-0.00295837  0.00427177 -0.00131566           0
EndNode1[0]<--->Repeater1[0]
REAL
   0.409399   0.0050833 -0.00668175    0.330624
  0.0050833   0.0878897  0.00259595 -0.00135174
-0.00668175  0.00259595   0.0842747 -0.00610163
   0.330624 -0.00135174 -0.00610163    0.418437
IMAGINARY
           0   -0.0111931  0.000280175     0.003484
   0.0111931            0   0.00203278   0.00502487
-0.000280175  -0.00203278            0 -0.000301128
   -0.003484  -0.00502487  0.000301128            0
EndNode2[0]<--->HoM1[0]
REAL
   0.421341   0.0089941  0.00573778    0.328307
  0.0089941   0.0839033 -0.00597454   0.0134756
 0.00573778 -0.00597454   0.0825353  0.00479433
   0.328307   0.0134756  0.00479433    0.412221
IMAGINARY
           0  -0.00839984   0.00685341   0.00112159
  0.00839984            0  0.000549903    0.0016829
 -0.00685341 -0.000549903            0   0.00259515
 -0.00112159   -0.0016829  -0.00259515            0
Repeater1[0]<--->EndNode1[0]
REAL
   0.409399 -0.00668175   0.0050833    0.330624
-0.00668175   0.0842747  0.00259595 -0.00610163
  0.0050833  0.00259595   0.0878897 -0.00135174
   0.330624 -0.00610163 -0.00135174    0.418437
IMAGINARY
           0  0.000280175   -0.0111931     0.003484
-0.000280175            0  -0.00203278 -0.000301128
   0.0111931   0.00203278            0   0.00502487
   -0.003484  0.000301128  -0.00502487            0
Repeater1[0]<--->HoM1[0]
REAL
   0.421341  0.00573778   0.0089941    0.328307
 0.00573778   0.0825353 -0.00597454  0.00479433
  0.0089941 -0.00597454   0.0839033   0.0134756
   0.328307  0.00479433   0.0134756    0.412221
IMAGINARY
           0   0.00685341  -0.00839984   0.00112159
 -0.00685341            0 -0.000549903   0.00259515
  0.00839984  0.000549903            0    0.0016829
 -0.00112159  -0.00259515   -0.0016829            0
EndNode1[0]<--->Repeater1[0]
REAL
   0.415901  0.00283733 0.000632238    0.328137
 0.00283733   0.0819709 -0.00140867 -0.00224514
0.000632238 -0.00140867   0.0826428 -0.00260692
   0.328137 -0.00224514 -0.00260692    0.419485
IMAGINARY
          0 -0.00117942 -0.00442111  0.00467263
 0.00117942           0 -0.00211991  0.00146657
 0.00442111  0.00211991           0  0.00458851
-0.00467263 -0.00146657 -0.00458851           0
EndNode2[0]<--->HoM1[0]
REAL
   0.403552 -0.00434453  0.00377915    0.328386
-0.00434453   0.0879047  0.00122019 -0.00355554
 0.00377915  0.00122019   0.0917266 0.000990321
   0.328386 -0.00355554 0.000990321    0.416817
IMAGINARY
           0   0.00643766  -0.00328231   0.00577861
 -0.00643766            0  -0.00343747  0.000349099
  0.00328231   0.00343747            0   0.00191072
 -0.00577861 -0.000349099  -0.00191072            0
Repeater1[0]<--->EndNode1[0]
REAL
   0.415901 0.000632238  0.00283733    0.328137
0.000632238   0.0826428 -0.00140867 -0.00260692
 0.00283733 -0.00140867   0.0819709 -0.00224514
   0.328137 -0.00260692 -0.00224514    0.419485
IMAGINARY
          0 -0.00442111 -0.00117942  0.00467263
 0.00442111           0  0.00211991  0.00458851
 0.00117942 -0.00211991           0  0.00146657
-0.00467263 -0.00458851 -0.00146657           0
Repeater1[0]<--->HoM1[0]
REAL
   0.403552  0.00377915 -0.00434453    0.328386
 0.00377915   0.0917266  0.00122019 0.000990321
-0.00434453  0.00122019   0.0879047 -0.00355554
   0.328386 0.000990321 -0.00355554    0.416817
IMAGINARY
           0  -0.00328231   0.00643766   0.00577861
  0.00328231            0   0.00343747   0.00191072
 -0.00643766  -0.00343747            0  0.000349099
 -0.00577861  -0.00191072 -0.000349099            0
EndNode1[0]<--->Repeater1[0]
REAL
  0.426179 0.00819861  0.0126298   0.322471
0.00819861  0.0804319 0.00516981 0.00444778
 0.0126298 0.00516981  0.0921111 0.00978375
  0.322471 0.00444778 0.00978375   0.401278
IMAGINARY
           0  -0.00440364   0.00497917   0.00563095
  0.00440364            0  -0.00448783 -0.000586284
 -0.00497917   0.00448783            0     0.004291
 -0.00563095  0.000586284    -0.004291            0
EndNode2[0]<--->HoM1[0]
REAL
   0.405586  0.00216854  0.00424658    0.327367
 0.00216854   0.0886427 -0.00049077  0.00892588
 0.00424658 -0.00049077   0.0918744   -0.002722
   0.327367  0.00892588   -0.002722    0.413897
IMAGINARY
           0   0.00114414  -0.00585511  -0.00374606
 -0.00114414            0 -0.000521687 -0.000445524
  0.00585511  0.000521687            0   0.00268125
  0.00374606  0.000445524  -0.00268125            0
Repeater1[0]<--->EndNode1[0]
REAL
  0.426179  0.0126298 0.00819861   0.322471
 0.0126298  0.0921111 0.00516981 0.00978375
0.00819861 0.00516981  0.0804319 0.00444778
  0.322471 0.00978375 0.00444778   0.401278
IMAGINARY
           0   0.00497917  -0.00440364   0.00563095
 -0.00497917            0   0.00448783     0.004291
  0.00440364  -0.00448783            0 -0.000586284
 -0.00563095    -0.004291  0.000586284            0
Repeater1[0]<--->HoM1[0]
REAL
   0.405586  0.00424658  0.00216854    0.327367
 0.00424658   0.0918744 -0.00049077   -0.002722
 0.00216854 -0.00049077   0.0886427  0.00892588
   0.327367   -0.002722  0.00892588    0.413897
IMAGINARY
           0  -0.00585511   0.00114414  -0.00374606
  0.00585511            0  0.000521687   0.00268125
 -0.00114414 -0.000521687            0 -0.000445524
  0.00374606  -0.00268125  0.000445524            0
EndNode1[0]<--->Repeater1[0]
REAL
    0.408616   0.00194143  -0.00466872     0.330589
  0.00194143    0.0937772  -0.00596935 -0.000956689
 -0.00466872  -0.00596935    0.0855091    0.0045664
    0.330589 -0.000956689    0.0045664     0.412097
IMAGINARY
           0  -0.00597029   0.00594668  1.41016e-05
  0.00597029            0  -0.00369961  0.000996184
 -0.00594668   0.00369961            0   0.00312486
-1.41016e-05 -0.000996184  -0.00312486            0
EndNode2[0]<--->HoM1[0]
REAL
    0.413964  -0.00119219   0.00044264     0.326838
 -0.00119219    0.0903153 -0.000693524  -0.00244353
  0.00044264 -0.000693524    0.0833333  0.000525232
    0.326838  -0.00244353  0.000525232     0.412387
IMAGINARY
          0 -0.00230114   0.0110757  0.00187197
 0.00230114           0  0.00699447 -0.00400186
 -0.0110757 -0.00699447           0 -0.00028139
-0.00187197  0.00400186  0.00028139           0
Repeater1[0]<--->EndNode1[0]
REAL
    0.408616  -0.00466872   0.00194143     0.330589
 -0.00466872    0.0855091  -0.00596935    0.0045664
  0.00194143  -0.00596935    0.0937772 -0.000956689
    0.330589    0.0045664 -0.000956689     0.412097
IMAGINARY
           0   0.00594668  -0.00597029  1.41016e-05
 -0.00594668            0   0.00369961   0.00312486
  0.00597029  -0.00369961            0  0.000996184
-1.41016e-05  -0.00312486 -0.000996184            0
Repeater1[0]<--->HoM1[0]
REAL
    0.413964   0.00044264  -0.00119219     0.326838
  0.00044264    0.0833333 -0.000693524  0.000525232
 -0.00119219 -0.000693524    0.0903153  -0.00244353
    0.326838  0.000525232  -0.00244353     0.412387
IMAGINARY
          0   0.0110757 -0.00230114  0.00187197
 -0.0110757           0 -0.00699447 -0.00028139
 0.00230114  0.00699447           0 -0.00400186
-0.00187197  0.00028139  0.00400186           0
EndNode1[0]<--->Repeater1[0]
REAL
   0.396268 -0.00436314 0.000445214    0.329496
-0.00436314    0.086406  0.00162904  0.00123904
0.000445214  0.00162904   0.0950689 -0.00113877
   0.329496  0.00123904 -0.00113877    0.422257
IMAGINARY
          0  0.00197666  0.00515721  0.00749695
-0.00197666           0 -0.00212061 -0.00436553
-0.00515721  0.00212061           0  0.00243411
-0.00749695  0.00436553 -0.00243411           0
EndNode2[0]<--->HoM1[0]
REAL
    0.412986 -0.000680612   0.00149464     0.327119
-0.000680612     0.092042   0.00459928   0.00313091
  0.00149464   0.00459928    0.0887626  -0.00614758
    0.327119   0.00313091  -0.00614758     0.406209
IMAGINARY
          0  0.00397396 -0.00358438 -0.00457298
-0.00397396           0  0.00219903  0.00726331
 0.00358438 -0.00219903           0 -0.00453137
 0.00457298 -0.00726331  0.00453137           0
Repeater1[0]<--->EndNode1[0]
REAL
   0.396268 0.000445214 -0.00436314    0.329496
0.000445214   0.0950689  0.00162904 -0.00113877
-0.00436314  0.00162904    0.086406  0.00123904
   0.329496 -0.00113877  0.00123904    0.422257
IMAGINARY
          0  0.00515721  0.00197666  0.00749695
-0.00515721           0  0.00212061  0.00243411
-0.00197666 -0.00212061           0 -0.00436553
-0.00749695 -0.00243411  0.00436553           0
Repeater1[0]<--->HoM1[0]
REAL
    0.412986   0.00149464 -0.000680612     0.327119
  0.00149464    0.0887626   0.00459928  -0.00614758
-0.000680612   0.00459928     0.092042   0.00313091
    0.327119  -0.00614758   0.00313091     0.406209
IMAGINARY
          0 -0.00358438  0.00397396 -0.00457298
 0.00358438           0 -0.00219903 -0.00453137
-0.00397396  0.00219903           0  0.00726331
 0.00457298  0.00453137 -0.00726331           0
EndNode1[0]<--->Repeater1[0]
REAL
    0.407151  -0.00744923  -0.00498014     0.327244
 -0.00744923    0.0896089  0.000831232 -0.000964076
 -0.00498014  0.000831232    0.0936313   -0.0044392
    0.327244 -0.000964076   -0.0044392     0.409609
IMAGINARY
          0 -0.00573704  0.00226667  0.00520584
 0.00573704           0   -0.002636  0.00442723
-0.00226667    0.002636           0 -0.00345289
-0.00520584 -0.00442723  0.00345289           0
EndNode2[0]<--->HoM1[0]
REAL
    0.413048   -0.0090061 -0.000106419     0.323517
  -0.0090061     0.084391   0.00571824   0.00261097
-0.000106419   0.00571824    0.0875084   0.00194781
    0.323517   0.00261097   0.00194781     0.415052
IMAGINARY
          0  0.00106249  0.00432978  0.00372931
-0.00106249           0  0.00327476  0.00232801
-0.00432978 -0.00327476           0 -0.00394753
-0.00372931 -0.00232801  0.00394753           0
Repeater1[0]<--->EndNode1[0]
REAL
    0.407151  -0.00498014  -0.00744923     0.327244
 -0.00498014    0.0936313  0.000831232   -0.0044392
 -0.00744923  0.000831232    0.0896089 -0.000964076
    0.327244   -0.0044392 -0.000964076     0.409609
IMAGINARY
          0  0.00226667 -0.00573704  0.00520584
-0.00226667           0    0.002636 -0.00345289
 0.00573704   -0.002636           0  0.00442723
-0.00520584  0.00345289 -0.00442723           0
Repeater1[0]<--->HoM1[0]
REAL
    0.413048 -0.000106419   -0.0090061     0.323517
-0.000106419    0.0875084   0.00571824   0.00194781
  -0.0090061   0.00571824     0.084391   0.00261097
    0.323517   0.00194781   0.00261097     0.415052
IMAGINARY
          0  0.00432978  0.00106249  0.00372931
-0.00432978           0 -0.00327476 -0.00394753
-0.00106249  0.00327476           0  0.00232801
-0.00372931  0.00394753 -0.00232801           0
EndNode1[0]<--->Repeater1[0]
REAL
    0.408957  -0.00260424 -0.000961603     0.321825
 -0.00260424    0.0904773   0.00426199  5.58059e-05
-0.000961603   0.00426199    0.0864058   0.00215134
    0.321825  5.58059e-05   0.00215134      0.41416
IMAGINARY
           0   0.00496342  -0.00207606    0.0032203
 -0.00496342            0 -0.000144433 -7.96053e-05
  0.00207606  0.000144433            0 -8.48183e-05
  -0.0032203  7.96053e-05  8.48183e-05            0
EndNode2[0]<--->HoM1[0]
REAL
   0.407886 -0.00169731   0.0040549    0.329446
-0.00169731   0.0866563  -0.0034741  0.00462451
  0.0040549  -0.0034741   0.0882156 -0.00192826
   0.329446  0.00462451 -0.00192826    0.417242
IMAGINARY
           0  -0.00148997   -0.0126053  0.000263631
  0.00148997            0  -0.00698593  0.000783638
   0.0126053   0.00698593            0    0.0101592
-0.000263631 -0.000783638   -0.0101592            0
Repeater1[0]<--->EndNode1[0]
REAL
    0.408957 -0.000961603  -0.00260424     0.321825
-0.000961603    0.0864058   0.00426199   0.00215134
 -0.00260424   0.00426199    0.0904773  5.58059e-05
    0.321825   0.00215134  5.58059e-05      0.41416
IMAGINARY
           0  -0.00207606   0.00496342    0.0032203
  0.00207606            0  0.000144433 -8.48183e-05
 -0.00496342 -0.000144433            0 -7.96053e-05
  -0.0032203  8.48183e-05  7.96053e-05            0
Repeater1[0]<--->HoM1[0]
REAL
   0.407886   0.0040549 -0.00169731    0.329446
  0.0040549   0.0882156  -0.0034741 -0.00192826
-0.00169731  -0.0034741   0.0866563  0.00462451
   0.329446 -0.00192826  0.00462451    0.417242
IMAGINARY
           0   -0.0126053  -0.00148997  0.000263631
   0.0126053            0   0.00698593    0.0101592
  0.00148997  -0.00698593            0  0.000783638
-0.000263631   -0.0101592 -0.000783638            0
EndNode1[0]<--->Repeater1[0]
REAL
   0.415519 -0.00244608  0.00250162    0.317762
-0.00244608    0.100551 -0.00232941  0.00205698
 0.00250162 -0.00232941   0.0819559  0.00211252
   0.317762  0.00205698  0.00211252    0.401974
IMAGINARY
          0 -0.00440027  0.00238039 -0.00563089
 0.00440027           0    0.001331  0.00652372
-0.00238039   -0.001331           0 -0.00861343
 0.00563089 -0.00652372  0.00861343           0
EndNode2[0]<--->HoM1[0]
REAL
   0.404362  0.00439821    0.003442    0.319476
 0.00439821   0.0865516  0.00137919  0.00457939
   0.003442  0.00137919   0.0874602 5.81217e-05
   0.319476  0.00457939 5.81217e-05    0.421627
IMAGINARY
          0 -0.00478845  0.00437534 -0.00334303
 0.00478845           0  0.00188268  0.00551068
-0.00437534 -0.00188268           0   0.0111853
 0.00334303 -0.00551068  -0.0111853           0
Repeater1[0]<--->EndNode1[0]
REAL
   0.415519  0.00250162 -0.00244608    0.317762
 0.00250162   0.0819559 -0.00232941  0.00211252
-0.00244608 -0.00232941    0.100551  0.00205698
   0.317762  0.00211252  0.00205698    0.401974
IMAGINARY
          0  0.00238039 -0.00440027 -0.00563089
-0.00238039           0   -0.001331 -0.00861343
 0.00440027    0.001331           0  0.00652372
 0.00563089  0.00861343 -0.00652372           0
Repeater1[0]<--->HoM1[0]
REAL
   0.404362    0.003442  0.00439821    0.319476
   0.003442   0.0874602  0.00137919 5.81217e-05
 0.00439821  0.00137919   0.0865516  0.00457939
   0.319476 5.81217e-05  0.00457939    0.421627
IMAGINARY
          0  0.00437534 -0.00478845 -0.00334303
-0.00437534           0 -0.00188268   0.0111853
 0.00478845  0.00188268           0  0.00551068
 0.00334303  -0.0111853 -0.00551068           0
EndNode1[0]<--->Repeater1[0]
REAL
    0.411791   0.00165184  0.000783815     0.322256
  0.00165184    0.0869565 -0.000424554 -0.000332755
 0.000783815 -0.000424554    0.0915092   0.00872254
    0.322256 -0.000332755   0.00872254     0.409743
IMAGINARY
          0  0.00115314 -0.00168517   0.0125318
-0.00115314           0  0.00373286  0.00386158
 0.00168517 -0.00373286           0  0.00354331
 -0.0125318 -0.00386158 -0.00354331           0
EndNode2[0]<--->HoM1[0]
REAL
   0.420498 -0.00477997 -0.00183251    0.322212
-0.00477997   0.0832025 -0.00205846  0.00431783
-0.00183251 -0.00205846    0.083651  0.00771716
   0.322212  0.00431783  0.00771716    0.412649
IMAGINARY
           0    0.0064381  -0.00615435     0.014118
  -0.0064381            0 -0.000610652  -0.00312947
  0.00615435  0.000610652            0    0.0101401
   -0.014118   0.00312947   -0.0101401            0
Repeater1[0]<--->EndNode1[0]
REAL
    0.411791  0.000783815   0.00165184     0.322256
 0.000783815    0.0915092 -0.000424554   0.00872254
  0.00165184 -0.000424554    0.0869565 -0.000332755
    0.322256   0.00872254 -0.000332755     0.409743
IMAGINARY
          0 -0.00168517  0.00115314   0.0125318
 0.00168517           0 -0.00373286  0.00354331
-0.00115314  0.00373286           0  0.00386158
 -0.0125318 -0.00354331 -0.00386158           0
Repeater1[0]<--->HoM1[0]
REAL
   0.420498 -0.00183251 -0.00477997    0.322212
-0.00183251    0.083651 -0.00205846  0.00771716
-0.00477997 -0.00205846   0.0832025  0.00431783
   0.322212  0.00771716  0.00431783    0.412649
IMAGINARY
           0  -0.00615435    0.0064381     0.014118
  0.00615435            0  0.000610652    0.0101401
  -0.0064381 -0.000610652            0  -0.00312947
   -0.014118   -0.0101401   0.00312947            0
EndNode1[0]<--->Repeater1[0]
REAL
    0.412809   0.00375875   0.00372187     0.329071
  0.00375875    0.0824719 -0.000345762 -0.000462707
  0.00372187 -0.000345762     0.085618   0.00219764
    0.329071 -0.000462707   0.00219764     0.419101
IMAGINARY
          0  0.00156511  0.00354308  0.00589834
-0.00156511           0  0.00782359 -0.00150964
-0.00354308 -0.00782359           0  0.00611677
-0.00589834  0.00150964 -0.00611677           0
EndNode2[0]<--->HoM1[0]
REAL
    0.410147   -0.0102446  -0.00124653     0.331751
  -0.0102446    0.0924464  -0.00308878  -0.00684187
 -0.00124653  -0.00308878    0.0897407 -0.000122234
    0.331751  -0.00684187 -0.000122234     0.407666
IMAGINARY
           0  0.000188033   0.00228289   0.00636029
-0.000188033            0  -0.00829255   0.00841171
 -0.00228289   0.00829255            0 -0.000959809
 -0.00636029  -0.00841171  0.000959809            0
Repeater1[0]<--->EndNode1[0]
REAL
    0.412809   0.00372187   0.00375875     0.329071
  0.00372187     0.085618 -0.000345762   0.00219764
  0.00375875 -0.000345762    0.0824719 -0.000462707
    0.329071   0.00219764 -0.000462707     0.419101
IMAGINARY
          0  0.00354308  0.00156511  0.00589834
-0.00354308           0 -0.00782359  0.00611677
-0.00156511  0.00782359           0 -0.00150964
-0.00589834 -0.00611677  0.00150964           0
Repeater1[0]<--->HoM1[0]
REAL
    0.410147  -0.00124653   -0.0102446     0.331751
 -0.00124653    0.0897407  -0.00308878 -0.000122234
  -0.0102446  -0.00308878    0.0924464  -0.00684187
    0.331751 -0.000122234  -0.00684187     0.407666
IMAGINARY
           0   0.00228289  0.000188033   0.00636029
 -0.00228289            0   0.00829255 -0.000959809
-0.000188033  -0.00829255            0   0.00841171
 -0.00636029  0.000959809  -0.00841171            0
EndNode1[0]<--->Repeater1[0]
REAL
   0.418725 -0.00136322  0.00533731    0.324129
-0.00136322   0.0889088 -0.00173652 -0.00511249
 0.00533731 -0.00173652   0.0929502 0.000688762
   0.324129 -0.00511249 0.000688762    0.399416
IMAGINARY
           0  3.83189e-05  -0.00489094    0.0102866
-3.83189e-05            0    0.0126616   0.00733104
  0.00489094   -0.0126616            0    0.0017363
  -0.0102866  -0.00733104   -0.0017363            0
EndNode2[0]<--->HoM1[0]
REAL
   0.420406 -0.00393028  0.00454127     0.33267
-0.00393028   0.0821612 -0.00667934  0.00442486
 0.00454127 -0.00667934   0.0823845 -0.00481446
    0.33267  0.00442486 -0.00481446    0.415048
IMAGINARY
           0   0.00072449    0.0115567  0.000411998
 -0.00072449            0  -0.00710245  -0.00866012
  -0.0115567   0.00710245            0  0.000612408
-0.000411998   0.00866012 -0.000612408            0
Repeater1[0]<--->EndNode1[0]
REAL
   0.418725  0.00533731 -0.00136322    0.324129
 0.00533731   0.0929502 -0.00173652 0.000688762
-0.00136322 -0.00173652   0.0889088 -0.00511249
   0.324129 0.000688762 -0.00511249    0.399416
IMAGINARY
           0  -0.00489094  3.83189e-05    0.0102866
  0.00489094            0   -0.0126616    0.0017363
-3.83189e-05    0.0126616            0   0.00733104
  -0.0102866   -0.0017363  -0.00733104            0
Repeater1[0]<--->HoM1[0]
REAL
   0.420406  0.00454127 -0.00393028     0.33267
 0.00454127   0.0823845 -0.00667934 -0.00481446
-0.00393028 -0.00667934   0.0821612  0.00442486
    0.33267 -0.00481446  0.00442486    0.415048
IMAGINARY
           0    0.0115567   0.00072449  0.000411998
  -0.0115567            0   0.00710245  0.000612408
 -0.00072449  -0.00710245            0  -0.00866012
-0.000411998 -0.000612408   0.00866012            0
EndNode1[0]<--->Repeater1[0]
REAL
   0.414879 -0.00703759  0.00180904    0.329206
-0.00703759    0.090706 0.000878039  0.00439389
 0.00180904 0.000878039   0.0813226  0.00460073
   0.329206  0.00439389  0.00460073    0.413092
IMAGINARY
          0  0.00227052  -0.0076528  0.00826408
-0.00227052           0 -0.00588905  -0.0015359
  0.0076528  0.00588905           0   0.0131934
-0.00826408   0.0015359  -0.0131934           0
EndNode2[0]<--->HoM1[0]
REAL
  0.407684 0.00560662 0.00335179    0.32925
0.00560662  0.0815819 0.00120464  0.0075573
0.00335179 0.00120464   0.080904 0.00393884
   0.32925  0.0075573 0.00393884   0.429831
IMAGINARY
           0   0.00604918  0.000145573   0.00764419
 -0.00604918            0  -0.00442983   0.00662168
-0.000145573   0.00442983            0   -0.0134821
 -0.00764419  -0.00662168    0.0134821            0
Repeater1[0]<--->EndNode1[0]
REAL
   0.414879  0.00180904 -0.00703759    0.329206
 0.00180904   0.0813226 0.000878039  0.00460073
-0.00703759 0.000878039    0.090706  0.00439389
   0.329206  0.00460073  0.00439389    0.413092
IMAGINARY
          0  -0.0076528  0.00227052  0.00826408
  0.0076528           0  0.00588905   0.0131934
-0.00227052 -0.00588905           0  -0.0015359
-0.00826408  -0.0131934   0.0015359           0
Repeater1[0]<--->HoM1[0]
REAL
  0.407684 0.00335179 0.00560662    0.32925
0.00335179   0.080904 0.00120464 0.00393884
0.00560662 0.00120464  0.0815819  0.0075573
   0.32925 0.00393884  0.0075573   0.429831
IMAGINARY
           0  0.000145573   0.00604918   0.00764419
-0.000145573            0   0.00442983   -0.0134821
 -0.00604918  -0.00442983            0   0.00662168
 -0.00764419    0.0134821  -0.00662168            0
EndNode1[0]<--->Repeater1[0]
REAL
   0.408636 -0.00246994  0.00319998    0.329169
-0.00246994   0.0896951  0.00465893   0.0037619
 0.00319998  0.00465893   0.0963721  0.00486665
   0.329169   0.0037619  0.00486665    0.405297
IMAGINARY
           0 -0.000480914   -0.0101131    0.0114736
 0.000480914            0  -0.00281215   0.00481907
   0.0101131   0.00281215            0   0.00329686
  -0.0114736  -0.00481907  -0.00329686            0
EndNode2[0]<--->HoM1[0]
REAL
   0.417359  0.00863096 -0.00562759    0.326299
 0.00863096   0.0858726  -0.0100887  0.00836732
-0.00562759  -0.0100887   0.0891043 0.000729775
   0.326299  0.00836732 0.000729775    0.407664
IMAGINARY
           0 -0.000175242  -0.00225051  -0.00869511
 0.000175242            0  -0.00544763  -0.00167619
  0.00225051   0.00544763            0  -0.00375146
  0.00869511   0.00167619   0.00375146            0
Repeater1[0]<--->EndNode1[0]
REAL
   0.408636  0.00319998 -0.00246994    0.329169
 0.00319998   0.0963721  0.00465893  0.00486665
-0.00246994  0.00465893   0.0896951   0.0037619
   0.329169  0.00486665   0.0037619    0.405297
IMAGINARY
           0   -0.0101131 -0.000480914    0.0114736
   0.0101131            0   0.00281215   0.00329686
 0.000480914  -0.00281215            0   0.00481907
  -0.0114736  -0.00329686  -0.00481907            0
Repeater1[0]<--->HoM1[0]
REAL
   0.417359 -0.00562759  0.00863096    0.326299
-0.00562759   0.0891043  -0.0100887 0.000729775
 0.00863096  -0.0100887   0.0858726  0.00836732
   0.326299 0.000729775  0.00836732    0.407664
IMAGINARY
           0  -0.00225051 -0.000175242  -0.00869511
  0.00225051            0   0.00544763  -0.00375146
 0.000175242  -0.00544763            0  -0.00167619
  0.00869511   0.00375146   0.00167619            0
EndNode1[0]<--->Repeater1[0]
REAL
  0.418418 0.00503897 -0.0025788   0.320373
0.00503897   0.081806 0.00475887 0.00475322
-0.0025788 0.00475887  0.0824765 -0.0111044
  0.320373 0.00475322 -0.0111044     0.4173
IMAGINARY
          0 -0.00293454   0.0076051 -0.00501434
 0.00293454           0 -0.00660308 -0.00693784
 -0.0076051  0.00660308           0  0.00293454
 0.00501434  0.00693784 -0.00293454           0
EndNode2[0]<--->HoM1[0]
REAL
    0.403501   0.00271399 -0.000141269     0.319391
  0.00271399    0.0893385   -0.0102389  -0.00142123
-0.000141269   -0.0102389    0.0984315  -0.00360685
    0.319391  -0.00142123  -0.00360685     0.408729
IMAGINARY
           0 -0.000773388    0.0113936   0.00495564
 0.000773388            0   0.00016615   -0.0058942
  -0.0113936  -0.00016615            0   -0.0116845
 -0.00495564    0.0058942    0.0116845            0
Repeater1[0]<--->EndNode1[0]
REAL
  0.418418 -0.0025788 0.00503897   0.320373
-0.0025788  0.0824765 0.00475887 -0.0111044
0.00503897 0.00475887   0.081806 0.00475322
  0.320373 -0.0111044 0.00475322     0.4173
IMAGINARY
          0   0.0076051 -0.00293454 -0.00501434
 -0.0076051           0  0.00660308  0.00293454
 0.00293454 -0.00660308           0 -0.00693784
 0.00501434 -0.00293454  0.00693784           0
Repeater1[0]<--->HoM1[0]
REAL
    0.403501 -0.000141269   0.00271399     0.319391
-0.000141269    0.0984315   -0.0102389  -0.00360685
  0.00271399   -0.0102389    0.0893385  -0.00142123
    0.319391  -0.00360685  -0.00142123     0.408729
IMAGINARY
           0    0.0113936 -0.000773388   0.00495564
  -0.0113936            0  -0.00016615   -0.0116845
 0.000773388   0.00016615            0   -0.0058942
 -0.00495564    0.0116845    0.0058942            0
EndNode1[0]<--->Repeater1[0]
REAL
    0.40362 -0.00532462  0.00592431    0.318429
-0.00532462   0.0866516 -0.00203814 -0.00458083
 0.00592431 -0.00203814   0.0893665 -0.00273628
   0.318429 -0.00458083 -0.00273628    0.420362
IMAGINARY
          0  0.00318635  -0.0099023 -0.00435337
-0.00318635           0  0.00203533 -0.00378711
  0.0099023 -0.00203533           0 -0.00475726
 0.00435337  0.00378711  0.00475726           0
EndNode2[0]<--->HoM1[0]
REAL
     0.41387 -0.000266778  -0.00428367     0.328186
-0.000266778    0.0866859  -0.00156701  -0.00450778
 -0.00428367  -0.00156701    0.0877973   -0.0109729
    0.328186  -0.00450778   -0.0109729     0.411647
IMAGINARY
          0  0.00599641  -0.0104352 -0.00547672
-0.00599641           0  0.00286249  0.00563626
  0.0104352 -0.00286249           0  0.00405843
 0.00547672 -0.00563626 -0.00405843           0
Repeater1[0]<--->EndNode1[0]
REAL
    0.40362  0.00592431 -0.00532462    0.318429
 0.00592431   0.0893665 -0.00203814 -0.00273628
-0.00532462 -0.00203814   0.0866516 -0.00458083
   0.318429 -0.00273628 -0.00458083    0.420362
IMAGINARY
          0  -0.0099023  0.00318635 -0.00435337
  0.0099023           0 -0.00203533 -0.00475726
-0.00318635  0.00203533           0 -0.00378711
 0.00435337  0.00475726  0.00378711           0
Repeater1[0]<--->HoM1[0]
REAL
     0.41387  -0.00428367 -0.000266778     0.328186
 -0.00428367    0.0877973  -0.00156701   -0.0109729
-0.000266778  -0.00156701    0.0866859  -0.00450778
    0.328186   -0.0109729  -0.00450778     0.411647
IMAGINARY
          0  -0.0104352  0.00599641 -0.00547672
  0.0104352           0 -0.00286249  0.00405843
-0.00599641  0.00286249           0  0.00563626
 0.00547672 -0.00405843 -0.00563626           0
EndNode1[0]<--->Repeater1[0]
REAL
   0.417353  -0.0045599  0.00266032    0.326818
 -0.0045599   0.0858516  0.00137321 -0.00654489
 0.00266032  0.00137321   0.0959249   0.0108862
   0.326818 -0.00654489   0.0108862     0.40087
IMAGINARY
          0 -0.00193572  0.00329706 -0.00485083
 0.00193572           0 -0.00223897  0.00420698
-0.00329706  0.00223897           0 -0.00741547
 0.00485083 -0.00420698  0.00741547           0
EndNode2[0]<--->HoM1[0]
REAL
   0.412813 -0.00296261 -0.00013541    0.322419
-0.00296261    0.094744 -0.00204277 -0.00263314
-0.00013541 -0.00204277   0.0816603  0.00218741
   0.322419 -0.00263314  0.00218741    0.410783
IMAGINARY
          0  0.00072233  0.00390906 -0.00860697
-0.00072233           0  -0.0036047  -0.0017573
-0.00390906   0.0036047           0 -0.00445959
 0.00860697   0.0017573  0.00445959           0
Repeater1[0]<--->EndNode1[0]
REAL
   0.417353  0.00266032  -0.0045599    0.326818
 0.00266032   0.0959249  0.00137321   0.0108862
 -0.0045599  0.00137321   0.0858516 -0.00654489
   0.326818   0.0108862 -0.00654489     0.40087
IMAGINARY
          0  0.00329706 -0.00193572 -0.00485083
-0.00329706           0  0.00223897 -0.00741547
 0.00193572 -0.00223897           0  0.00420698
 0.00485083  0.00741547 -0.00420698           0
Repeater1[0]<--->HoM1[0]
REAL
   0.412813 -0.00013541 -0.00296261    0.322419
-0.00013541   0.0816603 -0.00204277  0.00218741
-0.00296261 -0.00204277    0.094744 -0.00263314
   0.322419  0.00218741 -0.00263314    0.410783
IMAGINARY
          0  0.00390906  0.00072233 -0.00860697
-0.00390906           0   0.0036047 -0.00445959
-0.00072233  -0.0036047           0  -0.0017573
 0.00860697  0.00445959   0.0017573           0
EndNode1[0]<--->Repeater1[0]
REAL
    0.416073 -0.000956758  0.000107868     0.325917
-0.000956758    0.0874856   0.00297942   0.00387393
 0.000107868   0.00297942    0.0911596   0.00038793
    0.325917   0.00387393   0.00038793     0.405281
IMAGINARY
          0  0.00947456  0.00336205  0.00148651
-0.00947456           0 -0.00282579 -0.00213245
-0.00336205  0.00282579           0 -0.00578576
-0.00148651  0.00213245  0.00578576           0
EndNode2[0]<--->HoM1[0]
REAL
    0.42471 -0.00380955  -0.0021305    0.330036
-0.00380955    0.084715 -0.00111208 -0.00280224
 -0.0021305 -0.00111208   0.0792641 0.000894751
   0.330036 -0.00280224 0.000894751     0.41131
IMAGINARY
          0  0.00618437 -0.00292783 -0.00323273
-0.00618437           0 -0.00100456 -0.00247819
 0.00292783  0.00100456           0 -0.00169852
 0.00323273  0.00247819  0.00169852           0
Repeater1[0]<--->EndNode1[0]
REAL
    0.416073  0.000107868 -0.000956758     0.325917
 0.000107868    0.0911596   0.00297942   0.00038793
-0.000956758   0.00297942    0.0874856   0.00387393
    0.325917   0.00038793   0.00387393     0.405281
IMAGINARY
          0  0.00336205  0.00947456  0.00148651
-0.00336205           0  0.00282579 -0.00578576
-0.00947456 -0.00282579           0 -0.00213245
-0.00148651  0.00578576  0.00213245           0
Repeater1[0]<--->HoM1[0]
REAL
    0.42471  -0.0021305 -0.00380955    0.330036
 -0.0021305   0.0792641 -0.00111208 0.000894751
-0.00380955 -0.00111208    0.084715 -0.00280224
   0.330036 0.000894751 -0.00280224     0.41131
IMAGINARY
          0 -0.00292783  0.00618437 -0.00323273
 0.00292783           0  0.00100456 -0.00169852
-0.00618437 -0.00100456           0 -0.00247819
 0.00323273  0.00169852  0.00247819           0
EndNode1[0]<--->Repeater1[0]
REAL
   0.416971 -0.00457693 -0.00156169    0.323003
-0.00457693   0.0834854 -0.00839497   -0.001007
-0.00156169 -0.00839497   0.0805201 -0.00558613
   0.323003   -0.001007 -0.00558613    0.419024
IMAGINARY
           0  -0.00426309   0.00102945   0.00549618
  0.00426309            0 -0.000364542  -0.00303927
 -0.00102945  0.000364542            0  0.000243441
 -0.00549618   0.00303927 -0.000243441            0
EndNode2[0]<--->HoM1[0]
REAL
   0.406376  0.00436575 -0.00780174    0.326512
 0.00436575   0.0893579 0.000473348  0.00321248
-0.00780174 0.000473348   0.0886843  0.00481277
   0.326512  0.00321248  0.00481277    0.415581
IMAGINARY
           0   0.00561435    0.0040673  -0.00537024
 -0.00561435            0 -0.000204273    -0.001037
  -0.0040673  0.000204273            0 -0.000339373
  0.00537024     0.001037  0.000339373            0
Repeater1[0]<--->EndNode1[0]
REAL
   0.416971 -0.00156169 -0.00457693    0.323003
-0.00156169   0.0805201 -0.00839497 -0.00558613
-0.00457693 -0.00839497   0.0834854   -0.001007
   0.323003 -0.00558613   -0.001007    0.419024
IMAGINARY
           0   0.00102945  -0.00426309   0.00549618
 -0.00102945            0  0.000364542  0.000243441
  0.00426309 -0.000364542            0  -0.00303927
 -0.00549618 -0.000243441   0.00303927            0
Repeater1[0]<--->HoM1[0]
REAL
   0.406376 -0.00780174  0.00436575    0.326512
-0.00780174   0.0886843 0.000473348  0.00481277
 0.00436575 0.000473348   0.0893579  0.00321248
   0.326512  0.00481277  0.00321248    0.415581
IMAGINARY
           0    0.0040673   0.00561435  -0.00537024
  -0.0040673            0  0.000204273 -0.000339373
 -0.00561435 -0.000204273            0    -0.001037
  0.00537024  0.000339373     0.001037            0
EndNode1[0]<--->Repeater1[0]
REAL
    0.414884   -0.0164544  -0.00197996     0.328072
  -0.0164544    0.0871643 -0.000964787  -0.00690387
 -0.00197996 -0.000964787     0.083523  5.34775e-05
    0.328072  -0.00690387  5.34775e-05     0.414429
IMAGINARY
          0  0.00354951  0.00270696 -0.00506724
-0.00354951           0 -0.00833668  0.00113745
-0.00270696  0.00833668           0  0.00165176
 0.00506724 -0.00113745 -0.00165176           0
EndNode2[0]<--->HoM1[0]
REAL
   0.404799 -0.00629552  0.00476117    0.324529
-0.00629552   0.0850922 -0.00128511 -0.00387739
 0.00476117 -0.00128511   0.0870918 -0.00651933
   0.324529 -0.00387739 -0.00651933    0.423017
IMAGINARY
          0  0.00195096 -0.00252313 -0.00415536
-0.00195096           0 -0.00485466 -0.00342525
 0.00252313  0.00485466           0  -0.0013898
 0.00415536  0.00342525   0.0013898           0
Repeater1[0]<--->EndNode1[0]
REAL
    0.414884  -0.00197996   -0.0164544     0.328072
 -0.00197996     0.083523 -0.000964787  5.34775e-05
  -0.0164544 -0.000964787    0.0871643  -0.00690387
    0.328072  5.34775e-05  -0.00690387     0.414429
IMAGINARY
          0  0.00270696  0.00354951 -0.00506724
-0.00270696           0  0.00833668  0.00165176
-0.00354951 -0.00833668           0  0.00113745
 0.00506724 -0.00165176 -0.00113745           0
Repeater1[0]<--->HoM1[0]
REAL
   0.404799  0.00476117 -0.00629552    0.324529
 0.00476117   0.0870918 -0.00128511 -0.00651933
-0.00629552 -0.00128511   0.0850922 -0.00387739
   0.324529 -0.00651933 -0.00387739    0.423017
IMAGINARY
          0 -0.00252313  0.00195096 -0.00415536
 0.00252313           0  0.00485466  -0.0013898
-0.00195096 -0.00485466           0 -0.00342525
 0.00415536   0.0013898  0.00342525           0
EndNode1[0]<--->Repeater1[0]
REAL
   0.419311  -0.0145182 -0.00672905    0.325325
 -0.0145182   0.0826018 0.000364795 -0.00661797
-0.00672905 0.000364795   0.0902543   0.0034527
   0.325325 -0.00661797   0.0034527    0.407833
IMAGINARY
          0 -0.00631308  0.00846765 -0.00718324
 0.00631308           0  0.00134841  0.00358461
-0.00846765 -0.00134841           0 -0.00686557
 0.00718324 -0.00358461  0.00686557           0
EndNode2[0]<--->HoM1[0]
REAL
   0.412611  -0.0010557  0.00467834     0.32182
 -0.0010557   0.0847613  0.00192297 -0.00399869
 0.00467834  0.00192297   0.0916153  -0.0046081
    0.32182 -0.00399869  -0.0046081    0.411012
IMAGINARY
           0  -0.00695767   0.00426352 -0.000230604
  0.00695767            0  -0.00902231    0.0039332
 -0.00426352   0.00902231            0  -0.00258646
 0.000230604   -0.0039332   0.00258646            0
Repeater1[0]<--->EndNode1[0]
REAL
   0.419311 -0.00672905  -0.0145182    0.325325
-0.00672905   0.0902543 0.000364795   0.0034527
 -0.0145182 0.000364795   0.0826018 -0.00661797
   0.325325   0.0034527 -0.00661797    0.407833
IMAGINARY
          0  0.00846765 -0.00631308 -0.00718324
-0.00846765           0 -0.00134841 -0.00686557
 0.00631308  0.00134841           0  0.00358461
 0.00718324  0.00686557 -0.00358461           0
Repeater1[0]<--->HoM1[0]
REAL
   0.412611  0.00467834  -0.0010557     0.32182
 0.00467834   0.0916153  0.00192297  -0.0046081
 -0.0010557  0.00192297   0.0847613 -0.00399869
    0.32182  -0.0046081 -0.00399869    0.411012
IMAGINARY
           0   0.00426352  -0.00695767 -0.000230604
 -0.00426352            0   0.00902231  -0.00258646
  0.00695767  -0.00902231            0    0.0039332
 0.000230604   0.00258646   -0.0039332            0
EndNode1[0]<--->Repeater1[0]
REAL
   0.409829  0.00733807  0.00484275    0.325852
 0.00733807   0.0827218 -0.00337798 -0.00382118
 0.00484275 -0.00337798   0.0907272 -0.00223024
   0.325852 -0.00382118 -0.00223024    0.416722
IMAGINARY
           0   0.00338316   0.00391262  -0.00107868
 -0.00338316            0   0.00741926 -3.14899e-05
 -0.00391262  -0.00741926            0   0.00205042
  0.00107868  3.14899e-05  -0.00205042            0
EndNode2[0]<--->HoM1[0]
REAL
   0.401165  0.00172816 -0.00699104    0.326258
 0.00172816   0.0835948 -0.00527853 -0.00221831
-0.00699104 -0.00527853   0.0903182 -0.00577128
   0.326258 -0.00221831 -0.00577128    0.424922
IMAGINARY
          0   0.0113185 -0.00420235 -0.00299539
 -0.0113185           0  0.00288425  0.00128231
 0.00420235 -0.00288425           0 -0.00705072
 0.00299539 -0.00128231  0.00705072           0
Repeater1[0]<--->EndNode1[0]
REAL
   0.409829  0.00484275  0.00733807    0.325852
 0.00484275   0.0907272 -0.00337798 -0.00223024
 0.00733807 -0.00337798   0.0827218 -0.00382118
   0.325852 -0.00223024 -0.00382118    0.416722
IMAGINARY
           0   0.00391262   0.00338316  -0.00107868
 -0.00391262            0  -0.00741926   0.00205042
 -0.00338316   0.00741926            0 -3.14899e-05
  0.00107868  -0.00205042  3.14899e-05            0
Repeater1[0]<--->HoM1[0]
REAL
   0.401165 -0.00699104  0.00172816    0.326258
-0.00699104   0.0903182 -0.00527853 -0.00577128
 0.00172816 -0.00527853   0.0835948 -0.00221831
   0.326258 -0.00577128 -0.00221831    0.424922
IMAGINARY
          0 -0.00420235   0.0113185 -0.00299539
 0.00420235           0 -0.00288425 -0.00705072
 -0.0113185  0.00288425           0  0.00128231
 0.00299539  0.00705072 -0.00128231           0
EndNode1[0]<--->Repeater1[0]
REAL
   0.417573 -0.00366462   0.0031903    0.326251
-0.00366462    0.082982  0.00711887 0.000671984
  0.0031903  0.00711887   0.0951853 0.000685146
   0.326251 0.000671984 0.000685146     0.40426
IMAGINARY
           0  -0.00374435   0.00364427  -0.00713222
  0.00374435            0  -0.00271945   0.00647809
 -0.00364427   0.00271945            0 -0.000816268
  0.00713222  -0.00647809  0.000816268            0
EndNode2[0]<--->HoM1[0]
REAL
    0.403187 -0.000991059  -0.00542098     0.326919
-0.000991059    0.0834255  -0.00277056  4.70906e-05
 -0.00542098  -0.00277056    0.0967028  -0.00552621
    0.326919  4.70906e-05  -0.00552621     0.416685
IMAGINARY
           0   0.00476713  9.72811e-05   0.00880627
 -0.00476713            0  -0.00218152   0.00416049
-9.72811e-05   0.00218152            0   -0.0071837
 -0.00880627  -0.00416049    0.0071837            0
Repeater1[0]<--->EndNode1[0]
REAL
   0.417573   0.0031903 -0.00366462    0.326251
  0.0031903   0.0951853  0.00711887 0.000685146
-0.00366462  0.00711887    0.082982 0.000671984
   0.326251 0.000685146 0.000671984     0.40426
IMAGINARY
           0   0.00364427  -0.00374435  -0.00713222
 -0.00364427            0   0.00271945 -0.000816268
  0.00374435  -0.00271945            0   0.00647809
  0.00713222  0.000816268  -0.00647809            0
Repeater1[0]<--->HoM1[0]
REAL
    0.403187  -0.00542098 -0.000991059     0.326919
 -0.00542098    0.0967028  -0.00277056  -0.00552621
-0.000991059  -0.00277056    0.0834255  4.70906e-05
    0.326919  -0.00552621  4.70906e-05     0.416685
IMAGINARY
           0  9.72811e-05   0.00476713   0.00880627
-9.72811e-05            0   0.00218152   -0.0071837
 -0.00476713  -0.00218152            0   0.00416049
 -0.00880627    0.0071837  -0.00416049            0
EndNode1[0]<--->Repeater1[0]
REAL
    0.400538  -0.00173976  0.000874014     0.328978
 -0.00173976    0.0888092  4.29883e-05  -0.00571091
 0.000874014  4.29883e-05    0.0948643 -0.000397475
    0.328978  -0.00571091 -0.000397475     0.415788
IMAGINARY
          0 -0.00557589  0.00093559  0.00705393
 0.00557589           0  0.00293458  0.00725367
-0.00093559 -0.00293458           0 -0.00170345
-0.00705393 -0.00725367  0.00170345           0
EndNode2[0]<--->HoM1[0]
REAL
  0.407291  0.0114386 0.00180387   0.325665
 0.0114386  0.0909091 0.00126688 0.00113332
0.00180387 0.00126688  0.0888839 0.00234358
  0.325665 0.00113332 0.00234358   0.412916
IMAGINARY
           0   0.00695155   -0.0043024  -0.00543117
 -0.00695155            0   0.00332894 -0.000922498
   0.0043024  -0.00332894            0  0.000317869
  0.00543117  0.000922498 -0.000317869            0
Repeater1[0]<--->EndNode1[0]
REAL
    0.400538  0.000874014  -0.00173976     0.328978
 0.000874014    0.0948643  4.29883e-05 -0.000397475
 -0.00173976  4.29883e-05    0.0888092  -0.00571091
    0.328978 -0.000397475  -0.00571091     0.415788
IMAGINARY
          0  0.00093559 -0.00557589  0.00705393
-0.00093559           0 -0.00293458 -0.00170345
 0.00557589  0.00293458           0  0.00725367
-0.00705393  0.00170345 -0.00725367           0
Repeater1[0]<--->HoM1[0]
REAL
  0.407291 0.00180387  0.0114386   0.325665
0.00180387  0.0888839 0.00126688 0.00234358
 0.0114386 0.00126688  0.0909091 0.00113332
  0.325665 0.00234358 0.00113332   0.412916
IMAGINARY
           0   -0.0043024   0.00695155  -0.00543117
   0.0043024            0  -0.00332894  0.000317869
 -0.00695155   0.00332894            0 -0.000922498
  0.00543117 -0.000317869  0.000922498            0
EndNode1[0]<--->Repeater1[0]
REAL
   0.410366  0.00301752 -0.00674745    0.327662
 0.00301752   0.0866053  0.00259581   0.0075449
-0.00674745  0.00259581   0.0915414  0.00256462
   0.327662   0.0075449  0.00256462    0.411488
IMAGINARY
           0   0.00631371  -0.00250576   0.00412738
 -0.00631371            0 -0.000132708   0.00294474
  0.00250576  0.000132708            0  -0.00477728
 -0.00412738  -0.00294474   0.00477728            0
EndNode2[0]<--->HoM1[0]
REAL
    0.41465  -0.0056572 0.000283631    0.325841
 -0.0056572    0.090566  0.00529892 -0.00619485
0.000283631  0.00529892   0.0803552 -0.00092321
   0.325841 -0.00619485 -0.00092321    0.414428
IMAGINARY
           0 -0.000738288  0.000188241  -0.00246745
 0.000738288            0  -0.00943186    0.0015198
-0.000188241   0.00943186            0 -0.000514274
  0.00246745   -0.0015198  0.000514274            0
Repeater1[0]<--->EndNode1[0]
REAL
   0.410366 -0.00674745  0.00301752    0.327662
-0.00674745   0.0915414  0.00259581  0.00256462
 0.00301752  0.00259581   0.0866053   0.0075449
   0.327662  0.00256462   0.0075449    0.411488
IMAGINARY
           0  -0.00250576   0.00631371   0.00412738
  0.00250576            0  0.000132708  -0.00477728
 -0.00631371 -0.000132708            0   0.00294474
 -0.00412738   0.00477728  -0.00294474            0
Repeater1[0]<--->HoM1[0]
REAL
    0.41465 0.000283631  -0.0056572    0.325841
0.000283631   0.0803552  0.00529892 -0.00092321
 -0.0056572  0.00529892    0.090566 -0.00619485
   0.325841 -0.00092321 -0.00619485    0.414428
IMAGINARY
           0  0.000188241 -0.000738288  -0.00246745
-0.000188241            0   0.00943186 -0.000514274
 0.000738288  -0.00943186            0    0.0015198
  0.00246745  0.000514274   -0.0015198            0
EndNode1[0]<--->Repeater1[0]
REAL
    0.419756 -0.000627979   0.00695597      0.32369
-0.000627979    0.0879295  -0.00512088   -0.0108806
  0.00695597  -0.00512088    0.0834087  0.000964377
     0.32369   -0.0108806  0.000964377     0.408906
IMAGINARY
          0  -0.0051714 -0.00123441  0.00617211
  0.0051714           0 -0.00207647  0.00310954
 0.00123441  0.00207647           0 -0.00199824
-0.00617211 -0.00310954  0.00199824           0
EndNode2[0]<--->HoM1[0]
REAL
   0.423399  0.00395215 0.000668803    0.327796
 0.00395215   0.0927812 -0.00486775 -0.00532261
0.000668803 -0.00486775   0.0814664 -0.00406566
   0.327796 -0.00532261 -0.00406566    0.402353
IMAGINARY
           0   0.00576851  -0.00305212 -0.000754272
 -0.00576851            0   0.00300856  -0.00453377
  0.00305212  -0.00300856            0    0.0080646
 0.000754272   0.00453377   -0.0080646            0
Repeater1[0]<--->EndNode1[0]
REAL
    0.419756   0.00695597 -0.000627979      0.32369
  0.00695597    0.0834087  -0.00512088  0.000964377
-0.000627979  -0.00512088    0.0879295   -0.0108806
     0.32369  0.000964377   -0.0108806     0.408906
IMAGINARY
          0 -0.00123441  -0.0051714  0.00617211
 0.00123441           0  0.00207647 -0.00199824
  0.0051714 -0.00207647           0  0.00310954
-0.00617211  0.00199824 -0.00310954           0
Repeater1[0]<--->HoM1[0]
REAL
   0.423399 0.000668803  0.00395215    0.327796
0.000668803   0.0814664 -0.00486775 -0.00406566
 0.00395215 -0.00486775   0.0927812 -0.00532261
   0.327796 -0.00406566 -0.00532261    0.402353
IMAGINARY
           0  -0.00305212   0.00576851 -0.000754272
  0.00305212            0  -0.00300856    0.0080646
 -0.00576851   0.00300856            0  -0.00453377
 0.000754272   -0.0080646   0.00453377            0
EndNode1[0]<--->Repeater1[0]
REAL
  0.433907 0.00879058 0.00900219   0.324251
0.00879058  0.0807426 0.00823987 0.00979315
0.00900219 0.00823987  0.0881235  0.0064875
  0.324251 0.00979315  0.0064875   0.397227
IMAGINARY
           0   0.00478247  0.000858406 -0.000779152
 -0.00478247            0   0.00253817   0.00266672
-0.000858406  -0.00253817            0  -0.00762531
 0.000779152  -0.00266672   0.00762531            0
EndNode2[0]<--->HoM1[0]
REAL
   0.415531  -0.0027542 -0.00337006    0.327342
 -0.0027542   0.0915077  0.00451403   0.0059831
-0.00337006  0.00451403   0.0901453 -0.00644825
   0.327342   0.0059831 -0.00644825    0.402816
IMAGINARY
           0  -0.00217876  -0.00216651  -0.00681815
  0.00217876            0  -0.00591644 -0.000469292
  0.00216651   0.00591644            0   0.00275176
  0.00681815  0.000469292  -0.00275176            0
Repeater1[0]<--->EndNode1[0]
REAL
  0.433907 0.00900219 0.00879058   0.324251
0.00900219  0.0881235 0.00823987  0.0064875
0.00879058 0.00823987  0.0807426 0.00979315
  0.324251  0.0064875 0.00979315   0.397227
IMAGINARY
           0  0.000858406   0.00478247 -0.000779152
-0.000858406            0  -0.00253817  -0.00762531
 -0.00478247   0.00253817            0   0.00266672
 0.000779152   0.00762531  -0.00266672            0
Repeater1[0]<--->HoM1[0]
REAL
   0.415531 -0.00337006  -0.0027542    0.327342
-0.00337006   0.0901453  0.00451403 -0.00644825
 -0.0027542  0.00451403   0.0915077   0.0059831
   0.327342 -0.00644825   0.0059831    0.402816
IMAGINARY
           0  -0.00216651  -0.00217876  -0.00681815
  0.00216651            0   0.00591644   0.00275176
  0.00217876  -0.00591644            0 -0.000469292
  0.00681815  -0.00275176  0.000469292            0
EndNode1[0]<--->Repeater1[0]
REAL
     0.41028   0.00243008  -0.00653024     0.329356
  0.00243008    0.0885933 -0.000726091   0.00122431
 -0.00653024 -0.000726091    0.0836339  -0.00886494
    0.329356   0.00122431  -0.00886494     0.417493
IMAGINARY
           0  -0.00346601   0.00464447   0.00288205
  0.00346601            0  -0.00522006 -0.000787849
 -0.00464447   0.00522006            0  0.000289966
 -0.00288205  0.000787849 -0.000289966            0
EndNode2[0]<--->HoM1[0]
REAL
    0.419739  0.000773822  -0.00590333     0.323708
 0.000773822    0.0897641  5.80746e-06 -0.000808075
 -0.00590333  5.80746e-06    0.0835814  -0.00435324
    0.323708 -0.000808075  -0.00435324     0.406916
IMAGINARY
           0  -0.00429839   0.00153631    0.0035134
  0.00429839            0   -0.0068423 -0.000181906
 -0.00153631    0.0068423            0   0.00407265
  -0.0035134  0.000181906  -0.00407265            0
Repeater1[0]<--->EndNode1[0]
REAL
     0.41028  -0.00653024   0.00243008     0.329356
 -0.00653024    0.0836339 -0.000726091  -0.00886494
  0.00243008 -0.000726091    0.0885933   0.00122431
    0.329356  -0.00886494   0.00122431     0.417493
IMAGINARY
           0   0.00464447  -0.00346601   0.00288205
 -0.00464447            0   0.00522006  0.000289966
  0.00346601  -0.00522006            0 -0.000787849
 -0.00288205 -0.000289966  0.000787849            0
Repeater1[0]<--->HoM1[0]
REAL
    0.419739  -0.00590333  0.000773822     0.323708
 -0.00590333    0.0835814  5.80746e-06  -0.00435324
 0.000773822  5.80746e-06    0.0897641 -0.000808075
    0.323708  -0.00435324 -0.000808075     0.406916
IMAGINARY
           0   0.00153631  -0.00429839    0.0035134
 -0.00153631            0    0.0068423   0.00407265
  0.00429839   -0.0068423            0 -0.000181906
  -0.0035134  -0.00407265  0.000181906            0
EndNode1[0]<--->Repeater1[0]
REAL
    0.40443 -0.00755454 -0.00372285    0.322118
-0.00755454   0.0905869 0.000632869 -0.00828074
-0.00372285 0.000632869   0.0866002 -0.00400031
   0.322118 -0.00828074 -0.00400031    0.418383
IMAGINARY
          0  0.00237965  0.00215192  0.00655786
-0.00237965           0 -0.00227685 -0.00136203
-0.00215192  0.00227685           0 -0.00204112
-0.00655786  0.00136203  0.00204112           0
EndNode2[0]<--->HoM1[0]
REAL
    0.408759   0.00253848   -0.0144928     0.323041
  0.00253848    0.0912409 -0.000966083   0.00191003
  -0.0144928 -0.000966083    0.0894161   -0.0102648
    0.323041   0.00191003   -0.0102648     0.410584
IMAGINARY
          0 -0.00304577  0.00465909  0.00010587
 0.00304577           0 -0.00605039 -0.00465909
-0.00465909  0.00605039           0 -0.00191812
-0.00010587  0.00465909  0.00191812           0
Repeater1[0]<--->EndNode1[0]
REAL
    0.40443 -0.00372285 -0.00755454    0.322118
-0.00372285   0.0866002 0.000632869 -0.00400031
-0.00755454 0.000632869   0.0905869 -0.00828074
   0.322118 -0.00400031 -0.00828074    0.418383
IMAGINARY
          0  0.00215192  0.00237965  0.00655786
-0.00215192           0  0.00227685 -0.00204112
-0.00237965 -0.00227685           0 -0.00136203
-0.00655786  0.00204112  0.00136203           0
Repeater1[0]<--->HoM1[0]
REAL
    0.408759   -0.0144928   0.00253848     0.323041
  -0.0144928    0.0894161 -0.000966083   -0.0102648
  0.00253848 -0.000966083    0.0912409   0.00191003
    0.323041   -0.0102648   0.00191003     0.410584
IMAGINARY
          0  0.00465909 -0.00304577  0.00010587
-0.00465909           0  0.00605039 -0.00191812
 0.00304577 -0.00605039           0 -0.00465909
-0.00010587  0.00191812  0.00465909           0
EndNode1[0]<--->Repeater1[0]
REAL
   0.404778 -0.00627683   0.0042874    0.327179
-0.00627683    0.088215  0.00208386 -0.00971481
  0.0042874  0.00208386   0.0895934  0.00243242
   0.327179 -0.00971481  0.00243242    0.417413
IMAGINARY
          0 -0.00493699 -0.00228268 -5.5966e-05
 0.00493699           0 -5.5966e-05   0.0149197
 0.00228268  5.5966e-05           0 -0.00143743
 5.5966e-05  -0.0149197  0.00143743           0
EndNode2[0]<--->HoM1[0]
REAL
   0.419267 -0.00432364 -0.00449842    0.325204
-0.00432364   0.0847187 -0.00388005 -0.00257229
-0.00449842 -0.00388005    0.088818 -0.00274707
   0.325204 -0.00257229 -0.00274707    0.407197
IMAGINARY
           0  -0.00487532    0.0051648   0.00227095
  0.00487532            0  0.000511158    0.0044783
  -0.0051648 -0.000511158            0  -0.00498945
 -0.00227095   -0.0044783   0.00498945            0
Repeater1[0]<--->EndNode1[0]
REAL
   0.404778   0.0042874 -0.00627683    0.327179
  0.0042874   0.0895934  0.00208386  0.00243242
-0.00627683  0.00208386    0.088215 -0.00971481
   0.327179  0.00243242 -0.00971481    0.417413
IMAGINARY
          0 -0.00228268 -0.00493699 -5.5966e-05
 0.00228268           0  5.5966e-05 -0.00143743
 0.00493699 -5.5966e-05           0   0.0149197
 5.5966e-05  0.00143743  -0.0149197           0
Repeater1[0]<--->HoM1[0]
REAL
   0.419267 -0.00449842 -0.00432364    0.325204
-0.00449842    0.088818 -0.00388005 -0.00274707
-0.00432364 -0.00388005   0.0847187 -0.00257229
   0.325204 -0.00274707 -0.00257229    0.407197
IMAGINARY
           0    0.0051648  -0.00487532   0.00227095
  -0.0051648            0 -0.000511158  -0.00498945
  0.00487532  0.000511158            0    0.0044783
 -0.00227095   0.00498945   -0.0044783            0
EndNode1[0]<--->Repeater1[0]
REAL
  0.402144 0.00310699 0.00254021   0.331903
0.00310699  0.0853102 0.00790692 0.00197854
0.00254021 0.00790692  0.0944343 0.00615646
  0.331903 0.00197854 0.00615646   0.418111
IMAGINARY
           0  0.000665039  -0.00591759  -0.00188142
-0.000665039            0   0.00412659   0.00149481
  0.00591759  -0.00412659            0 -0.000778443
  0.00188142  -0.00149481  0.000778443            0
EndNode2[0]<--->HoM1[0]
REAL
     0.41533 -0.000382273   0.00105341     0.322989
-0.000382273    0.0833333  -0.00215273   0.00657765
  0.00105341  -0.00215273    0.0851159   0.00447429
    0.322989   0.00657765   0.00447429     0.416221
IMAGINARY
          0  -0.0126071   0.0106899 -0.00631607
  0.0126071           0  -0.0101991   0.0034664
 -0.0106899   0.0101991           0  0.00343384
 0.00631607  -0.0034664 -0.00343384           0
Repeater1[0]<--->EndNode1[0]
REAL
  0.402144 0.00254021 0.00310699   0.331903
0.00254021  0.0944343 0.00790692 0.00615646
0.00310699 0.00790692  0.0853102 0.00197854
  0.331903 0.00615646 0.00197854   0.418111
IMAGINARY
           0  -0.00591759  0.000665039  -0.00188142
  0.00591759            0  -0.00412659 -0.000778443
-0.000665039   0.00412659            0   0.00149481
  0.00188142  0.000778443  -0.00149481            0
Repeater1[0]<--->HoM1[0]
REAL
     0.41533   0.00105341 -0.000382273     0.322989
  0.00105341    0.0851159  -0.00215273   0.00447429
-0.000382273  -0.00215273    0.0833333   0.00657765
    0.322989   0.00447429   0.00657765     0.416221
IMAGINARY
          0   0.0106899  -0.0126071 -0.00631607
 -0.0106899           0   0.0101991  0.00343384
  0.0126071  -0.0101991           0   0.0034664
 0.00631607 -0.00343384  -0.0034664           0
EndNode1[0]<--->Repeater1[0]
REAL
   0.431495  0.00286302 -0.00134015    0.327309
 0.00286302    0.080516  0.00693498   0.0038447
-0.00134015  0.00693498   0.0827402 -0.00126921
   0.327309   0.0038447 -0.00126921    0.405249
IMAGINARY
           0  -0.00640797  0.000568616  -0.00702136
  0.00640797            0   0.00623538    0.0063054
-0.000568616  -0.00623538            0 -0.000240667
  0.00702136   -0.0063054  0.000240667            0
EndNode2[0]<--->HoM1[0]
REAL
    0.403255   0.00225077  -0.00113858     0.328603
  0.00225077    0.0931284 -0.000335917  -0.00203746
 -0.00113858 -0.000335917    0.0845389   0.00432818
    0.328603  -0.00203746   0.00432818     0.419078
IMAGINARY
           0  7.70731e-05 -7.43649e-05   0.00336853
-7.70731e-05            0   0.00303001   0.00373047
 7.43649e-05  -0.00303001            0   0.00202796
 -0.00336853  -0.00373047  -0.00202796            0
Repeater1[0]<--->EndNode1[0]
REAL
   0.431495 -0.00134015  0.00286302    0.327309
-0.00134015   0.0827402  0.00693498 -0.00126921
 0.00286302  0.00693498    0.080516   0.0038447
   0.327309 -0.00126921   0.0038447    0.405249
IMAGINARY
           0  0.000568616  -0.00640797  -0.00702136
-0.000568616            0  -0.00623538 -0.000240667
  0.00640797   0.00623538            0    0.0063054
  0.00702136  0.000240667   -0.0063054            0
Repeater1[0]<--->HoM1[0]
REAL
    0.403255  -0.00113858   0.00225077     0.328603
 -0.00113858    0.0845389 -0.000335917   0.00432818
  0.00225077 -0.000335917    0.0931284  -0.00203746
    0.328603   0.00432818  -0.00203746     0.419078
IMAGINARY
           0 -7.43649e-05  7.70731e-05   0.00336853
 7.43649e-05            0  -0.00303001   0.00202796
-7.70731e-05   0.00303001            0   0.00373047
 -0.00336853  -0.00202796  -0.00373047            0
EndNode1[0]<--->Repeater1[0]
REAL
    0.414553  -0.00070569 -0.000114083     0.325749
 -0.00070569    0.0857773   0.00161337  0.000337997
-0.000114083   0.00161337    0.0840132   0.00607963
    0.325749  0.000337997   0.00607963     0.415656
IMAGINARY
          0   0.0080608  0.00797379 -0.00260559
 -0.0080608           0  -0.0037461  0.00244526
-0.00797379   0.0037461           0  -0.0111522
 0.00260559 -0.00244526   0.0111522           0
EndNode2[0]<--->HoM1[0]
REAL
   0.418836  0.00332504  0.00506989    0.321471
 0.00332504   0.0923704 -0.00543957  0.00159065
 0.00506989 -0.00543957    0.085352  0.00218713
   0.321471  0.00159065  0.00218713    0.403441
IMAGINARY
           0   0.00249028  0.000600647    0.0070604
 -0.00249028            0    -0.004107   0.00127119
-0.000600647     0.004107            0  -0.00436211
  -0.0070604  -0.00127119   0.00436211            0
Repeater1[0]<--->EndNode1[0]
REAL
    0.414553 -0.000114083  -0.00070569     0.325749
-0.000114083    0.0840132   0.00161337   0.00607963
 -0.00070569   0.00161337    0.0857773  0.000337997
    0.325749   0.00607963  0.000337997     0.415656
IMAGINARY
          0  0.00797379   0.0080608 -0.00260559
-0.00797379           0   0.0037461  -0.0111522
 -0.0080608  -0.0037461           0  0.00244526
 0.00260559   0.0111522 -0.00244526           0
Repeater1[0]<--->HoM1[0]
REAL
   0.418836  0.00506989  0.00332504    0.321471
 0.00506989    0.085352 -0.00543957  0.00218713
 0.00332504 -0.00543957   0.0923704  0.00159065
   0.321471  0.00218713  0.00159065    0.403441
IMAGINARY
           0  0.000600647   0.00249028    0.0070604
-0.000600647            0     0.004107  -0.00436211
 -0.00249028    -0.004107            0   0.00127119
  -0.0070604   0.00436211  -0.00127119            0
EndNode1[0]<--->Repeater1[0]
REAL
   0.410193  0.00269211  0.00520919    0.317523
 0.00269211   0.0875617 0.000904651  0.00143645
 0.00520919 0.000904651   0.0864392  0.00485464
   0.317523  0.00143645  0.00485464    0.415806
IMAGINARY
          0   0.0039674 -0.00312185 -0.00128492
 -0.0039674           0  0.00196985  -0.0112851
 0.00312185 -0.00196985           0  0.00664239
 0.00128492   0.0112851 -0.00664239           0
EndNode2[0]<--->HoM1[0]
REAL
   0.413517  -0.0101239 -0.00856761    0.324748
 -0.0101239    0.086827  -0.0006239  0.00901684
-0.00856761  -0.0006239   0.0904926  0.00181303
   0.324748  0.00901684  0.00181303    0.409164
IMAGINARY
           0    0.0038178  0.000658871   -0.0023323
  -0.0038178            0   -0.0023323   0.00722756
-0.000658871    0.0023323            0  -0.00426845
   0.0023323  -0.00722756   0.00426845            0
Repeater1[0]<--->EndNode1[0]
REAL
   0.410193  0.00520919  0.00269211    0.317523
 0.00520919   0.0864392 0.000904651  0.00485464
 0.00269211 0.000904651   0.0875617  0.00143645
   0.317523  0.00485464  0.00143645    0.415806
IMAGINARY
          0 -0.00312185   0.0039674 -0.00128492
 0.00312185           0 -0.00196985  0.00664239
 -0.0039674  0.00196985           0  -0.0112851
 0.00128492 -0.00664239   0.0112851           0
Repeater1[0]<--->HoM1[0]
REAL
   0.413517 -0.00856761  -0.0101239    0.324748
-0.00856761   0.0904926  -0.0006239  0.00181303
 -0.0101239  -0.0006239    0.086827  0.00901684
   0.324748  0.00181303  0.00901684    0.409164
IMAGINARY
           0  0.000658871    0.0038178   -0.0023323
-0.000658871            0    0.0023323  -0.00426845
  -0.0038178   -0.0023323            0   0.00722756
   0.0023323   0.00426845  -0.00722756            0
EndNode1[0]<--->Repeater1[0]
REAL
   0.411192 -0.00588563 -0.00209048    0.333498
-0.00588563   0.0897145  0.00129994 -0.00186383
-0.00209048  0.00129994   0.0833711  0.00105259
   0.333498 -0.00186383  0.00105259    0.415723
IMAGINARY
          0 -0.00673513  0.00719638 -0.00138366
 0.00673513           0 -0.00578895  0.00392987
-0.00719638  0.00578895           0 -0.00280166
 0.00138366 -0.00392987  0.00280166           0
EndNode2[0]<--->HoM1[0]
REAL
   0.426211  0.00453861  0.00614651     0.32347
 0.00453861   0.0959376 -0.00801577  0.00726258
 0.00614651 -0.00801577   0.0784944 0.000234121
    0.32347  0.00726258 0.000234121    0.399357
IMAGINARY
           0  -0.00575166     0.003316  -0.00140278
  0.00575166            0  0.000601678   0.00109477
   -0.003316 -0.000601678            0  -0.00476633
  0.00140278  -0.00109477   0.00476633            0
Repeater1[0]<--->EndNode1[0]
REAL
   0.411192 -0.00209048 -0.00588563    0.333498
-0.00209048   0.0833711  0.00129994  0.00105259
-0.00588563  0.00129994   0.0897145 -0.00186383
   0.333498  0.00105259 -0.00186383    0.415723
IMAGINARY
          0  0.00719638 -0.00673513 -0.00138366
-0.00719638           0  0.00578895 -0.00280166
 0.00673513 -0.00578895           0  0.00392987
 0.00138366  0.00280166 -0.00392987           0
Repeater1[0]<--->HoM1[0]
REAL
   0.426211  0.00614651  0.00453861     0.32347
 0.00614651   0.0784944 -0.00801577 0.000234121
 0.00453861 -0.00801577   0.0959376  0.00726258
    0.32347 0.000234121  0.00726258    0.399357
IMAGINARY
           0     0.003316  -0.00575166  -0.00140278
   -0.003316            0 -0.000601678  -0.00476633
  0.00575166  0.000601678            0   0.00109477
  0.00140278   0.00476633  -0.00109477            0
EndNode1[0]<--->Repeater1[0]
REAL
   0.410584  0.00201314  0.00137228    0.326561
 0.00201314   0.0897464  0.00074687 -0.00103543
 0.00137228  0.00074687   0.0873208  0.00708185
   0.326561 -0.00103543  0.00708185    0.412348
IMAGINARY
          0 -0.00328844  -0.0024192   0.0115653
 0.00328844           0   0.0119004   0.0054495
  0.0024192  -0.0119004           0  -0.0069248
 -0.0115653  -0.0054495   0.0069248           0
EndNode2[0]<--->HoM1[0]
REAL
    0.417975   0.00251392   0.00614524     0.319876
  0.00251392      0.09124    0.0010333 -0.000660571
  0.00614524    0.0010333    0.0889647 -0.000611078
    0.319876 -0.000660571 -0.000611078      0.40182
IMAGINARY
           0  -0.00626071    0.0082084   -0.0054035
  0.00626071            0   0.00242796    0.0031579
  -0.0082084  -0.00242796            0 -0.000652813
   0.0054035   -0.0031579  0.000652813            0
Repeater1[0]<--->EndNode1[0]
REAL
   0.410584  0.00137228  0.00201314    0.326561
 0.00137228   0.0873208  0.00074687  0.00708185
 0.00201314  0.00074687   0.0897464 -0.00103543
   0.326561  0.00708185 -0.00103543    0.412348
IMAGINARY
          0  -0.0024192 -0.00328844   0.0115653
  0.0024192           0  -0.0119004  -0.0069248
 0.00328844   0.0119004           0   0.0054495
 -0.0115653   0.0069248  -0.0054495           0
Repeater1[0]<--->HoM1[0]
REAL
    0.417975   0.00614524   0.00251392     0.319876
  0.00614524    0.0889647    0.0010333 -0.000611078
  0.00251392    0.0010333      0.09124 -0.000660571
    0.319876 -0.000611078 -0.000660571      0.40182
IMAGINARY
           0    0.0082084  -0.00626071   -0.0054035
  -0.0082084            0  -0.00242796 -0.000652813
  0.00626071   0.00242796            0    0.0031579
   0.0054035  0.000652813   -0.0031579            0
EndNode1[0]<--->Repeater1[0]
REAL
   0.406798  0.00462613  -0.0055417    0.332755
 0.00462613   0.0850922  0.00183828 -0.00259118
 -0.0055417  0.00183828   0.0824261  -0.0081771
   0.332755 -0.00259118  -0.0081771    0.425683
IMAGINARY
           0  -0.00219072 -0.000497189   -0.0052895
  0.00219072            0  -0.00596305   0.00172405
 0.000497189   0.00596305            0  0.000963859
   0.0052895  -0.00172405 -0.000963859            0
EndNode2[0]<--->HoM1[0]
REAL
   0.421006 -0.00647306  0.00479115    0.318296
-0.00647306   0.0855866  0.00117353 -0.00276777
 0.00479115  0.00117353   0.0811173  0.00557378
   0.318296 -0.00276777  0.00557378    0.412291
IMAGINARY
          0  0.00287959 -0.00605687  0.00515134
-0.00287959           0  -0.0093962  -0.0055971
 0.00605687   0.0093962           0   0.0114638
-0.00515134   0.0055971  -0.0114638           0
Repeater1[0]<--->EndNode1[0]
REAL
   0.406798  -0.0055417  0.00462613    0.332755
 -0.0055417   0.0824261  0.00183828  -0.0081771
 0.00462613  0.00183828   0.0850922 -0.00259118
   0.332755  -0.0081771 -0.00259118    0.425683
IMAGINARY
           0 -0.000497189  -0.00219072   -0.0052895
 0.000497189            0   0.00596305  0.000963859
  0.00219072  -0.00596305            0   0.00172405
   0.0052895 -0.000963859  -0.00172405            0
Repeater1[0]<--->HoM1[0]
REAL
   0.421006  0.00479115 -0.00647306    0.318296
 0.00479115   0.0811173  0.00117353  0.00557378
-0.00647306  0.00117353   0.0855866 -0.00276777
   0.318296  0.00557378 -0.00276777    0.412291
IMAGINARY
          0 -0.00605687  0.00287959  0.00515134
 0.00605687           0   0.0093962   0.0114638
-0.00287959  -0.0093962           0  -0.0055971
-0.00515134  -0.0114638   0.0055971           0
