EndNode1[0]<--->Repeater1[0]
REAL
   0.420536   0.0082344  0.00940988    0.339993
  0.0082344   0.0866071 -0.00949944  0.00807891
 0.00940988 -0.00949944   0.0892857    0.011945
   0.339993  0.00807891    0.011945    0.403571
IMAGINARY
          0   -0.022984 -0.00856316 -0.00732915
   0.022984           0   0.0125648   0.0228753
 0.00856316  -0.0125648           0 -0.00517846
 0.00732915  -0.0228753  0.00517846           0
EndNode2[0]<--->HoM1[0]
REAL
   0.403525  -0.0240882  -0.0252946    0.316552
 -0.0240882    0.093692 -0.00445279  0.00833768
 -0.0252946 -0.00445279   0.0927644  0.00438153
   0.316552  0.00833768  0.00438153    0.410019
IMAGINARY
           0   -0.0126093  -0.00685519    0.0140075
   0.0126093            0 -0.000779959   5.8742e-06
  0.00685519  0.000779959            0   0.00667322
  -0.0140075  -5.8742e-06  -0.00667322            0
Repeater1[0]<--->EndNode1[0]
REAL
   0.420536  0.00940988   0.0082344    0.339993
 0.00940988   0.0892857 -0.00949944    0.011945
  0.0082344 -0.00949944   0.0866071  0.00807891
   0.339993    0.011945  0.00807891    0.403571
IMAGINARY
          0 -0.00856316   -0.022984 -0.00732915
 0.00856316           0  -0.0125648 -0.00517846
   0.022984   0.0125648           0   0.0228753
 0.00732915  0.00517846  -0.0228753           0
Repeater1[0]<--->HoM1[0]
REAL
   0.403525  -0.0252946  -0.0240882    0.316552
 -0.0252946   0.0927644 -0.00445279  0.00438153
 -0.0240882 -0.00445279    0.093692  0.00833768
   0.316552  0.00438153  0.00833768    0.410019
IMAGINARY
           0  -0.00685519   -0.0126093    0.0140075
  0.00685519            0  0.000779959   0.00667322
   0.0126093 -0.000779959            0   5.8742e-06
  -0.0140075  -0.00667322  -5.8742e-06            0
EndNode1[0]<--->Repeater1[0]
REAL
   0.458258  -0.0189316  -0.0182548    0.332918
 -0.0189316   0.0780399  0.00928191 -0.00744401
 -0.0182548  0.00928191   0.0780399  -0.0184895
   0.332918 -0.00744401  -0.0184895    0.385662
IMAGINARY
          0  -0.0127098  0.00192286  0.00533797
  0.0127098           0  0.00579376 -0.00737741
-0.00192286 -0.00579376           0   0.0108916
-0.00533797  0.00737741  -0.0108916           0
EndNode2[0]<--->HoM1[0]
REAL
   0.430127  0.00533595 0.000706255    0.327751
 0.00533595    0.069873  0.00496619  0.00114217
0.000706255  0.00496619   0.0871143  0.00667884
   0.327751  0.00114217  0.00667884    0.412886
IMAGINARY
          0 -0.00702595 -0.00214375   0.0237946
 0.00702595           0 -0.00617938   0.0120895
 0.00214375  0.00617938           0 -0.00111148
 -0.0237946  -0.0120895  0.00111148           0
Repeater1[0]<--->EndNode1[0]
REAL
   0.458258  -0.0182548  -0.0189316    0.332918
 -0.0182548   0.0780399  0.00928191  -0.0184895
 -0.0189316  0.00928191   0.0780399 -0.00744401
   0.332918  -0.0184895 -0.00744401    0.385662
IMAGINARY
          0  0.00192286  -0.0127098  0.00533797
-0.00192286           0 -0.00579376   0.0108916
  0.0127098  0.00579376           0 -0.00737741
-0.00533797  -0.0108916  0.00737741           0
Repeater1[0]<--->HoM1[0]
REAL
   0.430127 0.000706255  0.00533595    0.327751
0.000706255   0.0871143  0.00496619  0.00667884
 0.00533595  0.00496619    0.069873  0.00114217
   0.327751  0.00667884  0.00114217    0.412886
IMAGINARY
          0 -0.00214375 -0.00702595   0.0237946
 0.00214375           0  0.00617938 -0.00111148
 0.00702595 -0.00617938           0   0.0120895
 -0.0237946  0.00111148  -0.0120895           0
EndNode1[0]<--->Repeater1[0]
REAL
   0.423729   0.0168148    0.019743    0.320693
  0.0168148    0.088314  0.00767785 -0.00398122
   0.019743  0.00767785   0.0927743  0.00244965
   0.320693 -0.00398122  0.00244965    0.395183
IMAGINARY
          0  0.00571615  0.00946209 -0.00468613
-0.00571615           0   0.0101013  0.00291188
-0.00946209  -0.0101013           0  -0.0162569
 0.00468613 -0.00291188   0.0162569           0
EndNode2[0]<--->HoM1[0]
REAL
    0.418955   0.00679802 -0.000509641     0.321975
  0.00679802    0.0752879   -0.0132314    0.0141708
-0.000509641   -0.0132314    0.0930027    0.0032202
    0.321975    0.0141708    0.0032202     0.412755
IMAGINARY
          0  0.00537716 -0.00492253  0.00894144
-0.00537716           0 -0.00454777  0.00960418
 0.00492253  0.00454777           0 -0.00631349
-0.00894144 -0.00960418  0.00631349           0
Repeater1[0]<--->EndNode1[0]
REAL
   0.423729    0.019743   0.0168148    0.320693
   0.019743   0.0927743  0.00767785  0.00244965
  0.0168148  0.00767785    0.088314 -0.00398122
   0.320693  0.00244965 -0.00398122    0.395183
IMAGINARY
          0  0.00946209  0.00571615 -0.00468613
-0.00946209           0  -0.0101013  -0.0162569
-0.00571615   0.0101013           0  0.00291188
 0.00468613   0.0162569 -0.00291188           0
Repeater1[0]<--->HoM1[0]
REAL
    0.418955 -0.000509641   0.00679802     0.321975
-0.000509641    0.0930027   -0.0132314    0.0032202
  0.00679802   -0.0132314    0.0752879    0.0141708
    0.321975    0.0032202    0.0141708     0.412755
IMAGINARY
          0 -0.00492253  0.00537716  0.00894144
 0.00492253           0  0.00454777 -0.00631349
-0.00537716 -0.00454777           0  0.00960418
-0.00894144  0.00631349 -0.00960418           0
EndNode1[0]<--->Repeater1[0]
REAL
    0.409307   -0.0191669 -0.000861669     0.324814
  -0.0191669    0.0807217   -0.0082245  -0.00973741
-0.000861669   -0.0082245    0.0816714    -0.010787
    0.324814  -0.00973741    -0.010787       0.4283
IMAGINARY
          0  -0.0106007   0.0183484  0.00904844
  0.0106007           0  0.00460795  -0.0112812
 -0.0183484 -0.00460795           0  0.00441696
-0.00904844   0.0112812 -0.00441696           0
EndNode2[0]<--->HoM1[0]
REAL
    0.410488 -0.000143029   -0.0148862     0.316104
-0.000143029     0.106691    0.0105744  -0.00144778
  -0.0148862    0.0105744     0.084991  -0.00802394
    0.316104  -0.00144778  -0.00802394      0.39783
IMAGINARY
          0  0.00966849  0.00308322  -0.0124349
-0.00966849           0  -0.0197342 -0.00723068
-0.00308322   0.0197342           0  -0.0101293
  0.0124349  0.00723068   0.0101293           0
Repeater1[0]<--->EndNode1[0]
REAL
    0.409307 -0.000861669   -0.0191669     0.324814
-0.000861669    0.0816714   -0.0082245    -0.010787
  -0.0191669   -0.0082245    0.0807217  -0.00973741
    0.324814    -0.010787  -0.00973741       0.4283
IMAGINARY
          0   0.0183484  -0.0106007  0.00904844
 -0.0183484           0 -0.00460795  0.00441696
  0.0106007  0.00460795           0  -0.0112812
-0.00904844 -0.00441696   0.0112812           0
Repeater1[0]<--->HoM1[0]
REAL
    0.410488   -0.0148862 -0.000143029     0.316104
  -0.0148862     0.084991    0.0105744  -0.00802394
-0.000143029    0.0105744     0.106691  -0.00144778
    0.316104  -0.00802394  -0.00144778      0.39783
IMAGINARY
          0  0.00308322  0.00966849  -0.0124349
-0.00308322           0   0.0197342  -0.0101293
-0.00966849  -0.0197342           0 -0.00723068
  0.0124349   0.0101293  0.00723068           0
EndNode1[0]<--->Repeater1[0]
REAL
   0.418969 -0.00681463  0.00286398     0.33133
-0.00681463   0.0902394  0.00823218 -0.00331977
 0.00286398  0.00823218   0.0810313 -0.00275692
    0.33133 -0.00331977 -0.00275692    0.409761
IMAGINARY
           0  0.000489988   0.00190353  -0.00183106
-0.000489988            0   -0.0135396   -0.0216102
 -0.00190353    0.0135396            0   0.00913421
  0.00183106    0.0216102  -0.00913421            0
EndNode2[0]<--->HoM1[0]
REAL
   0.392763  -0.0036047  0.00133571    0.344839
 -0.0036047   0.0882613 -0.00423387  -0.0062333
 0.00133571 -0.00423387   0.0873786   0.0156261
   0.344839  -0.0062333   0.0156261    0.431598
IMAGINARY
          0   0.0107525  0.00528511  0.00340594
 -0.0107525           0   0.0188989  -0.0048438
-0.00528511  -0.0188989           0  -0.0120765
-0.00340594   0.0048438   0.0120765           0
Repeater1[0]<--->EndNode1[0]
REAL
   0.418969  0.00286398 -0.00681463     0.33133
 0.00286398   0.0810313  0.00823218 -0.00275692
-0.00681463  0.00823218   0.0902394 -0.00331977
    0.33133 -0.00275692 -0.00331977    0.409761
IMAGINARY
           0   0.00190353  0.000489988  -0.00183106
 -0.00190353            0    0.0135396   0.00913421
-0.000489988   -0.0135396            0   -0.0216102
  0.00183106  -0.00913421    0.0216102            0
Repeater1[0]<--->HoM1[0]
REAL
   0.392763  0.00133571  -0.0036047    0.344839
 0.00133571   0.0873786 -0.00423387   0.0156261
 -0.0036047 -0.00423387   0.0882613  -0.0062333
   0.344839   0.0156261  -0.0062333    0.431598
IMAGINARY
          0  0.00528511   0.0107525  0.00340594
-0.00528511           0  -0.0188989  -0.0120765
 -0.0107525   0.0188989           0  -0.0048438
-0.00340594   0.0120765   0.0048438           0
EndNode1[0]<--->Repeater1[0]
REAL
   0.420732 -0.00864015 -0.00195304     0.32774
-0.00864015   0.0836237  -0.0028274  -0.0224372
-0.00195304  -0.0028274   0.0879791   -0.014879
    0.32774  -0.0224372   -0.014879    0.407666
IMAGINARY
           0 -0.000534322   0.00196367  -6.4478e-05
 0.000534322            0   0.00880574    0.0124468
 -0.00196367  -0.00880574            0   0.00184437
  6.4478e-05   -0.0124468  -0.00184437            0
EndNode2[0]<--->HoM1[0]
REAL
   0.416592  -0.0058952  0.00586482    0.335617
 -0.0058952   0.0874662  0.00630393 -0.00804822
 0.00586482  0.00630393   0.0865645  -0.0058952
   0.335617 -0.00804822  -0.0058952    0.409378
IMAGINARY
          0   0.0127378  0.00665754 -0.00113932
 -0.0127378           0 -0.00160793  -0.0168616
-0.00665754  0.00160793           0  0.00859799
 0.00113932   0.0168616 -0.00859799           0
Repeater1[0]<--->EndNode1[0]
REAL
   0.420732 -0.00195304 -0.00864015     0.32774
-0.00195304   0.0879791  -0.0028274   -0.014879
-0.00864015  -0.0028274   0.0836237  -0.0224372
    0.32774   -0.014879  -0.0224372    0.407666
IMAGINARY
           0   0.00196367 -0.000534322  -6.4478e-05
 -0.00196367            0  -0.00880574   0.00184437
 0.000534322   0.00880574            0    0.0124468
  6.4478e-05  -0.00184437   -0.0124468            0
Repeater1[0]<--->HoM1[0]
REAL
   0.416592  0.00586482  -0.0058952    0.335617
 0.00586482   0.0865645  0.00630393  -0.0058952
 -0.0058952  0.00630393   0.0874662 -0.00804822
   0.335617  -0.0058952 -0.00804822    0.409378
IMAGINARY
          0  0.00665754   0.0127378 -0.00113932
-0.00665754           0  0.00160793  0.00859799
 -0.0127378 -0.00160793           0  -0.0168616
 0.00113932 -0.00859799   0.0168616           0
EndNode1[0]<--->Repeater1[0]
REAL
   0.406563   0.0140611 -0.00397562    0.328663
  0.0140611   0.0783956  -0.0146468  -0.0117476
-0.00397562  -0.0146468   0.0957156  -0.0145103
   0.328663  -0.0117476  -0.0145103    0.419325
IMAGINARY
           0  -0.00158771  -0.00265271  -0.00604539
  0.00158771            0  0.000215792    0.0202583
  0.00265271 -0.000215792            0   -0.0124968
  0.00604539   -0.0202583    0.0124968            0
EndNode2[0]<--->HoM1[0]
REAL
   0.395437 0.000389536   0.0226954    0.319368
0.000389536   0.0912548 -0.00532973 -0.00309647
  0.0226954 -0.00532973   0.0826996  0.00827045
   0.319368 -0.00309647  0.00827045    0.430608
IMAGINARY
          0   0.0161024  -0.0102597    0.018995
 -0.0161024           0   0.0143994 -0.00355726
  0.0102597  -0.0143994           0 -0.00833039
  -0.018995  0.00355726  0.00833039           0
Repeater1[0]<--->EndNode1[0]
REAL
   0.406563 -0.00397562   0.0140611    0.328663
-0.00397562   0.0957156  -0.0146468  -0.0145103
  0.0140611  -0.0146468   0.0783956  -0.0117476
   0.328663  -0.0145103  -0.0117476    0.419325
IMAGINARY
           0  -0.00265271  -0.00158771  -0.00604539
  0.00265271            0 -0.000215792   -0.0124968
  0.00158771  0.000215792            0    0.0202583
  0.00604539    0.0124968   -0.0202583            0
Repeater1[0]<--->HoM1[0]
REAL
   0.395437   0.0226954 0.000389536    0.319368
  0.0226954   0.0826996 -0.00532973  0.00827045
0.000389536 -0.00532973   0.0912548 -0.00309647
   0.319368  0.00827045 -0.00309647    0.430608
IMAGINARY
          0  -0.0102597   0.0161024    0.018995
  0.0102597           0  -0.0143994 -0.00833039
 -0.0161024   0.0143994           0 -0.00355726
  -0.018995  0.00833039  0.00355726           0
EndNode1[0]<--->Repeater1[0]
REAL
   0.402005 -0.00515211 -0.00230415     0.32128
-0.00515211   0.0856882 -0.00301872   0.0036211
-0.00230415 -0.00301872   0.0938924   0.0108589
    0.32128   0.0036211   0.0108589    0.418414
IMAGINARY
          0 -0.00189489 -0.00327973  0.00221775
 0.00189489           0  0.00609372 -0.00793522
 0.00327973 -0.00609372           0    0.014979
-0.00221775  0.00793522   -0.014979           0
EndNode2[0]<--->HoM1[0]
REAL
    0.420518  0.000224187  -0.00798902      0.32413
 0.000224187    0.0822551  -0.00329998   0.00489987
 -0.00798902  -0.00329998     0.077634 -0.000665493
     0.32413   0.00489987 -0.000665493     0.419593
IMAGINARY
          0  0.00400799   0.0150688  0.00636058
-0.00400799           0  -0.0125334  0.00809201
 -0.0150688   0.0125334           0  -0.0253522
-0.00636058 -0.00809201   0.0253522           0
Repeater1[0]<--->EndNode1[0]
REAL
   0.402005 -0.00230415 -0.00515211     0.32128
-0.00230415   0.0938924 -0.00301872   0.0108589
-0.00515211 -0.00301872   0.0856882   0.0036211
    0.32128   0.0108589   0.0036211    0.418414
IMAGINARY
          0 -0.00327973 -0.00189489  0.00221775
 0.00327973           0 -0.00609372    0.014979
 0.00189489  0.00609372           0 -0.00793522
-0.00221775   -0.014979  0.00793522           0
Repeater1[0]<--->HoM1[0]
REAL
    0.420518  -0.00798902  0.000224187      0.32413
 -0.00798902     0.077634  -0.00329998 -0.000665493
 0.000224187  -0.00329998    0.0822551   0.00489987
     0.32413 -0.000665493   0.00489987     0.419593
IMAGINARY
          0   0.0150688  0.00400799  0.00636058
 -0.0150688           0   0.0125334  -0.0253522
-0.00400799  -0.0125334           0  0.00809201
-0.00636058   0.0253522 -0.00809201           0
EndNode1[0]<--->Repeater1[0]
REAL
   0.394689   0.0107813 -0.00423304     0.31472
  0.0107813   0.0934066  0.00290148 -0.00942335
-0.00423304  0.00290148   0.0934066  -0.0165082
    0.31472 -0.00942335  -0.0165082    0.418498
IMAGINARY
          0  -0.0165247  0.00613371   0.0135081
  0.0165247           0  0.00481647  0.00568447
-0.00613371 -0.00481647           0  0.00561557
 -0.0135081 -0.00568447 -0.00561557           0
EndNode2[0]<--->HoM1[0]
REAL
   0.417484 -0.00464477 -0.00617592     0.31661
-0.00464477   0.0847458 -0.00220545   0.0020208
-0.00617592 -0.00220545   0.0954505  0.00141301
    0.31661   0.0020208  0.00141301    0.402319
IMAGINARY
          0  0.00129774 -0.00157878 -0.00824113
-0.00129774           0  0.00388573  0.00244986
 0.00157878 -0.00388573           0 -0.00565314
 0.00824113 -0.00244986  0.00565314           0
Repeater1[0]<--->EndNode1[0]
REAL
   0.394689 -0.00423304   0.0107813     0.31472
-0.00423304   0.0934066  0.00290148  -0.0165082
  0.0107813  0.00290148   0.0934066 -0.00942335
    0.31472  -0.0165082 -0.00942335    0.418498
IMAGINARY
          0  0.00613371  -0.0165247   0.0135081
-0.00613371           0 -0.00481647  0.00561557
  0.0165247  0.00481647           0  0.00568447
 -0.0135081 -0.00561557 -0.00568447           0
Repeater1[0]<--->HoM1[0]
REAL
   0.417484 -0.00617592 -0.00464477     0.31661
-0.00617592   0.0954505 -0.00220545  0.00141301
-0.00464477 -0.00220545   0.0847458   0.0020208
    0.31661  0.00141301   0.0020208    0.402319
IMAGINARY
          0 -0.00157878  0.00129774 -0.00824113
 0.00157878           0 -0.00388573 -0.00565314
-0.00129774  0.00388573           0  0.00244986
 0.00824113  0.00565314 -0.00244986           0
EndNode1[0]<--->Repeater1[0]
REAL
   0.384829  0.00970281 -0.00510744    0.326251
 0.00970281   0.0999075   0.0021935   0.0144408
-0.00510744   0.0021935   0.0925069 -0.00836948
   0.326251   0.0144408 -0.00836948    0.422757
IMAGINARY
           0    0.0139259   -0.0136515  -0.00107615
  -0.0139259            0     0.021781   -0.0114832
   0.0136515    -0.021781            0  0.000436724
  0.00107615    0.0114832 -0.000436724            0
EndNode2[0]<--->HoM1[0]
REAL
   0.401625 -0.00183942   0.0041118    0.320774
-0.00183942   0.0812274 -0.00606557  0.00591685
  0.0041118 -0.00606557   0.0902527 0.000406758
   0.320774  0.00591685 0.000406758    0.426895
IMAGINARY
          0  -0.0141387 -0.00112752 -0.00354102
  0.0141387           0  -0.0243367  0.00502362
 0.00112752   0.0243367           0  0.00158458
 0.00354102 -0.00502362 -0.00158458           0
Repeater1[0]<--->EndNode1[0]
REAL
   0.384829 -0.00510744  0.00970281    0.326251
-0.00510744   0.0925069   0.0021935 -0.00836948
 0.00970281   0.0021935   0.0999075   0.0144408
   0.326251 -0.00836948   0.0144408    0.422757
IMAGINARY
           0   -0.0136515    0.0139259  -0.00107615
   0.0136515            0    -0.021781  0.000436724
  -0.0139259     0.021781            0   -0.0114832
  0.00107615 -0.000436724    0.0114832            0
Repeater1[0]<--->HoM1[0]
REAL
   0.401625   0.0041118 -0.00183942    0.320774
  0.0041118   0.0902527 -0.00606557 0.000406758
-0.00183942 -0.00606557   0.0812274  0.00591685
   0.320774 0.000406758  0.00591685    0.426895
IMAGINARY
          0 -0.00112752  -0.0141387 -0.00354102
 0.00112752           0   0.0243367  0.00158458
  0.0141387  -0.0243367           0  0.00502362
 0.00354102 -0.00158458 -0.00502362           0
EndNode1[0]<--->Repeater1[0]
REAL
   0.411006  0.00490945  -0.0166922    0.337577
 0.00490945   0.0825451 0.000142602 -0.00699202
 -0.0166922 0.000142602   0.0877042 -0.00315507
   0.337577 -0.00699202 -0.00315507    0.418745
IMAGINARY
          0 -0.00311005 -0.00273479 -0.00836434
 0.00311005           0 -0.00529686 -0.00517382
 0.00273479  0.00529686           0  0.00311005
 0.00836434  0.00517382 -0.00311005           0
EndNode2[0]<--->HoM1[0]
REAL
   0.422242 -0.00119914  0.00736399    0.343508
-0.00119914    0.074141 -0.00879703 -0.00598657
 0.00736399 -0.00879703   0.0904159  0.00624965
   0.343508 -0.00598657  0.00624965    0.413201
IMAGINARY
          0 -0.00975225 -0.00214824  0.00137179
 0.00975225           0 -0.00679674 -0.00961093
 0.00214824  0.00679674           0  0.00740041
-0.00137179  0.00961093 -0.00740041           0
Repeater1[0]<--->EndNode1[0]
REAL
   0.411006  -0.0166922  0.00490945    0.337577
 -0.0166922   0.0877042 0.000142602 -0.00315507
 0.00490945 0.000142602   0.0825451 -0.00699202
   0.337577 -0.00315507 -0.00699202    0.418745
IMAGINARY
          0 -0.00273479 -0.00311005 -0.00836434
 0.00273479           0  0.00529686  0.00311005
 0.00311005 -0.00529686           0 -0.00517382
 0.00836434 -0.00311005  0.00517382           0
Repeater1[0]<--->HoM1[0]
REAL
   0.422242  0.00736399 -0.00119914    0.343508
 0.00736399   0.0904159 -0.00879703  0.00624965
-0.00119914 -0.00879703    0.074141 -0.00598657
   0.343508  0.00624965 -0.00598657    0.413201
IMAGINARY
          0 -0.00214824 -0.00975225  0.00137179
 0.00214824           0  0.00679674  0.00740041
 0.00975225 -0.00679674           0 -0.00961093
-0.00137179 -0.00740041  0.00961093           0
EndNode1[0]<--->Repeater1[0]
REAL
  0.408759 0.00345607 -0.0128573   0.325889
0.00345607  0.0885036  0.0067212  0.0124236
-0.0128573  0.0067212  0.0894161 -0.0116954
  0.325889  0.0124236 -0.0116954   0.413321
IMAGINARY
          0 -0.00227803 -0.00209836  -0.0130811
 0.00227803           0  -0.0139583   0.0011942
 0.00209836   0.0139583           0 -0.00405108
  0.0130811  -0.0011942  0.00405108           0
EndNode2[0]<--->HoM1[0]
REAL
   0.421053   -0.004384 -0.00129055    0.329607
  -0.004384   0.0943739 -0.00432162 -0.00880602
-0.00129055 -0.00432162   0.0907441 -0.00659054
   0.329607 -0.00880602 -0.00659054    0.393829
IMAGINARY
          0   -0.014144  0.00125425  0.00145697
   0.014144           0   0.0121546 -0.00214711
-0.00125425  -0.0121546           0  0.00253689
-0.00145697  0.00214711 -0.00253689           0
Repeater1[0]<--->EndNode1[0]
REAL
  0.408759 -0.0128573 0.00345607   0.325889
-0.0128573  0.0894161  0.0067212 -0.0116954
0.00345607  0.0067212  0.0885036  0.0124236
  0.325889 -0.0116954  0.0124236   0.413321
IMAGINARY
          0 -0.00209836 -0.00227803  -0.0130811
 0.00209836           0   0.0139583 -0.00405108
 0.00227803  -0.0139583           0   0.0011942
  0.0130811  0.00405108  -0.0011942           0
Repeater1[0]<--->HoM1[0]
REAL
   0.421053 -0.00129055   -0.004384    0.329607
-0.00129055   0.0907441 -0.00432162 -0.00659054
  -0.004384 -0.00432162   0.0943739 -0.00880602
   0.329607 -0.00659054 -0.00880602    0.393829
IMAGINARY
          0  0.00125425   -0.014144  0.00145697
-0.00125425           0  -0.0121546  0.00253689
   0.014144   0.0121546           0 -0.00214711
-0.00145697 -0.00253689  0.00214711           0
EndNode1[0]<--->Repeater1[0]
REAL
   0.409532  -0.0142039  0.00419113    0.333734
 -0.0142039   0.0785525 -0.00276079  0.00819825
 0.00419113 -0.00276079   0.0917917    0.013319
   0.333734  0.00819825    0.013319    0.420124
IMAGINARY
          0 -0.00299311  0.00751979 -0.00612714
 0.00299311           0 -0.00387286 -0.00345475
-0.00751979  0.00387286           0  -0.0128154
 0.00612714  0.00345475   0.0128154           0
EndNode2[0]<--->HoM1[0]
REAL
  0.403509 -0.0186022 -0.0141131   0.320486
-0.0186022   0.076639 0.00759428 0.00121911
-0.0141131 0.00759428   0.100646 0.00761843
  0.320486 0.00121911 0.00761843   0.419206
IMAGINARY
           0   0.00494575   -0.0113403  -0.00937609
 -0.00494575            0  0.000205788  -0.00611715
   0.0113403 -0.000205788            0   0.00982596
  0.00937609   0.00611715  -0.00982596            0
Repeater1[0]<--->EndNode1[0]
REAL
   0.409532  0.00419113  -0.0142039    0.333734
 0.00419113   0.0917917 -0.00276079    0.013319
 -0.0142039 -0.00276079   0.0785525  0.00819825
   0.333734    0.013319  0.00819825    0.420124
IMAGINARY
          0  0.00751979 -0.00299311 -0.00612714
-0.00751979           0  0.00387286  -0.0128154
 0.00299311 -0.00387286           0 -0.00345475
 0.00612714   0.0128154  0.00345475           0
Repeater1[0]<--->HoM1[0]
REAL
  0.403509 -0.0141131 -0.0186022   0.320486
-0.0141131   0.100646 0.00759428 0.00761843
-0.0186022 0.00759428   0.076639 0.00121911
  0.320486 0.00761843 0.00121911   0.419206
IMAGINARY
           0   -0.0113403   0.00494575  -0.00937609
   0.0113403            0 -0.000205788   0.00982596
 -0.00494575  0.000205788            0  -0.00611715
  0.00937609  -0.00982596   0.00611715            0
EndNode1[0]<--->Repeater1[0]
REAL
  0.411607 0.00516774  0.0153779   0.339213
0.00516774  0.0821429 -0.0104833 0.00303831
 0.0153779 -0.0104833  0.0803571  0.0150901
  0.339213 0.00303831  0.0150901   0.425893
IMAGINARY
          0   0.0101526  0.00722643 -0.00672281
 -0.0101526           0   0.0185937  -0.0198242
-0.00722643  -0.0185937           0   0.0015763
 0.00672281   0.0198242  -0.0015763           0
EndNode2[0]<--->HoM1[0]
REAL
    0.432432   0.00339766    -0.015383     0.320947
  0.00339766    0.0828248  -0.00300961 -0.000312073
   -0.015383  -0.00300961     0.092415 -0.000258647
    0.320947 -0.000312073 -0.000258647     0.392328
IMAGINARY
          0  0.00912086  0.00625628  -0.0144247
-0.00912086           0  -0.0166588  -0.0044414
-0.00625628   0.0166588           0 -0.00367621
  0.0144247   0.0044414  0.00367621           0
Repeater1[0]<--->EndNode1[0]
REAL
  0.411607  0.0153779 0.00516774   0.339213
 0.0153779  0.0803571 -0.0104833  0.0150901
0.00516774 -0.0104833  0.0821429 0.00303831
  0.339213  0.0150901 0.00303831   0.425893
IMAGINARY
          0  0.00722643   0.0101526 -0.00672281
-0.00722643           0  -0.0185937   0.0015763
 -0.0101526   0.0185937           0  -0.0198242
 0.00672281  -0.0015763   0.0198242           0
Repeater1[0]<--->HoM1[0]
REAL
    0.432432    -0.015383   0.00339766     0.320947
   -0.015383     0.092415  -0.00300961 -0.000258647
  0.00339766  -0.00300961    0.0828248 -0.000312073
    0.320947 -0.000258647 -0.000312073     0.392328
IMAGINARY
          0  0.00625628  0.00912086  -0.0144247
-0.00625628           0   0.0166588 -0.00367621
-0.00912086  -0.0166588           0  -0.0044414
  0.0144247  0.00367621   0.0044414           0
EndNode1[0]<--->Repeater1[0]
REAL
     0.39646  0.000461898   0.00740241     0.334509
 0.000461898    0.0938053   0.00774454 -0.000360152
  0.00740241   0.00774454    0.0734513    0.0103362
    0.334509 -0.000360152    0.0103362     0.436283
IMAGINARY
           0   -0.0158698  -0.00361512   -0.0117231
   0.0158698            0    0.0216688 -0.000509533
  0.00361512   -0.0216688            0    0.0044124
   0.0117231  0.000509533   -0.0044124            0
EndNode2[0]<--->HoM1[0]
REAL
  0.421488  0.0265281 0.00965855   0.337545
 0.0265281  0.0734619 -0.0108547  0.0137383
0.00965855 -0.0108547  0.0964187 0.00900046
  0.337545  0.0137383 0.00900046   0.408632
IMAGINARY
          0  -0.0091684   0.0067789  0.00417694
  0.0091684           0  -0.0145396  0.00452054
 -0.0067789   0.0145396           0  0.00822678
-0.00417694 -0.00452054 -0.00822678           0
Repeater1[0]<--->EndNode1[0]
REAL
     0.39646   0.00740241  0.000461898     0.334509
  0.00740241    0.0734513   0.00774454    0.0103362
 0.000461898   0.00774454    0.0938053 -0.000360152
    0.334509    0.0103362 -0.000360152     0.436283
IMAGINARY
           0  -0.00361512   -0.0158698   -0.0117231
  0.00361512            0   -0.0216688    0.0044124
   0.0158698    0.0216688            0 -0.000509533
   0.0117231   -0.0044124  0.000509533            0
Repeater1[0]<--->HoM1[0]
REAL
  0.421488 0.00965855  0.0265281   0.337545
0.00965855  0.0964187 -0.0108547 0.00900046
 0.0265281 -0.0108547  0.0734619  0.0137383
  0.337545 0.00900046  0.0137383   0.408632
IMAGINARY
          0   0.0067789  -0.0091684  0.00417694
 -0.0067789           0   0.0145396  0.00822678
  0.0091684  -0.0145396           0  0.00452054
-0.00417694 -0.00822678 -0.00452054           0
EndNode1[0]<--->Repeater1[0]
REAL
    0.41921  -0.0018116   0.0145726    0.329376
 -0.0018116   0.0942549 -0.00132169  -0.0050703
  0.0145726 -0.00132169   0.0754039 -0.00135582
   0.329376  -0.0050703 -0.00135582    0.411131
IMAGINARY
          0  0.00867197 -0.00405514 -0.00410562
-0.00867197           0 -0.00680347   0.0166133
 0.00405514  0.00680347           0 -0.00448592
 0.00410562  -0.0166133  0.00448592           0
EndNode2[0]<--->HoM1[0]
REAL
   0.389908   0.0118106   0.0114452    0.336738
  0.0118106   0.0779817 0.000325977  0.00869799
  0.0114452 0.000325977   0.0917431 -0.00957247
   0.336738  0.00869799 -0.00957247    0.440367
IMAGINARY
          0   0.0182866 -0.00870665  0.00364435
 -0.0182866           0  -0.0216546  -0.0198773
 0.00870665   0.0216546           0  0.00502035
-0.00364435   0.0198773 -0.00502035           0
Repeater1[0]<--->EndNode1[0]
REAL
    0.41921   0.0145726  -0.0018116    0.329376
  0.0145726   0.0754039 -0.00132169 -0.00135582
 -0.0018116 -0.00132169   0.0942549  -0.0050703
   0.329376 -0.00135582  -0.0050703    0.411131
IMAGINARY
          0 -0.00405514  0.00867197 -0.00410562
 0.00405514           0  0.00680347 -0.00448592
-0.00867197 -0.00680347           0   0.0166133
 0.00410562  0.00448592  -0.0166133           0
Repeater1[0]<--->HoM1[0]
REAL
   0.389908   0.0114452   0.0118106    0.336738
  0.0114452   0.0917431 0.000325977 -0.00957247
  0.0118106 0.000325977   0.0779817  0.00869799
   0.336738 -0.00957247  0.00869799    0.440367
IMAGINARY
          0 -0.00870665   0.0182866  0.00364435
 0.00870665           0   0.0216546  0.00502035
 -0.0182866  -0.0216546           0  -0.0198773
-0.00364435 -0.00502035   0.0198773           0
EndNode1[0]<--->Repeater1[0]
REAL
    0.413793 -0.000761078   -0.0062384     0.320192
-0.000761078    0.0857648   0.00370222   0.00269857
  -0.0062384   0.00370222    0.0795756   0.00518586
    0.320192   0.00269857   0.00518586     0.420866
IMAGINARY
          0 -0.00826371 -0.00125531   0.0188791
 0.00826371           0 -0.00856518   0.0145532
 0.00125531  0.00856518           0 -0.00592069
 -0.0188791  -0.0145532  0.00592069           0
EndNode2[0]<--->HoM1[0]
REAL
   0.399074  -0.0104935  -0.0091938    0.340449
 -0.0104935   0.0907407  0.00321934   0.0139973
 -0.0091938  0.00321934    0.087037 -0.00129694
   0.340449   0.0139973 -0.00129694    0.423148
IMAGINARY
          0   0.0190015  -0.0236064 -0.00688936
 -0.0190015           0 -0.00552199 -0.00799534
  0.0236064  0.00552199           0  0.00567386
 0.00688936  0.00799534 -0.00567386           0
Repeater1[0]<--->EndNode1[0]
REAL
    0.413793   -0.0062384 -0.000761078     0.320192
  -0.0062384    0.0795756   0.00370222   0.00518586
-0.000761078   0.00370222    0.0857648   0.00269857
    0.320192   0.00518586   0.00269857     0.420866
IMAGINARY
          0 -0.00125531 -0.00826371   0.0188791
 0.00125531           0  0.00856518 -0.00592069
 0.00826371 -0.00856518           0   0.0145532
 -0.0188791  0.00592069  -0.0145532           0
Repeater1[0]<--->HoM1[0]
REAL
   0.399074  -0.0091938  -0.0104935    0.340449
 -0.0091938    0.087037  0.00321934 -0.00129694
 -0.0104935  0.00321934   0.0907407   0.0139973
   0.340449 -0.00129694   0.0139973    0.423148
IMAGINARY
          0  -0.0236064   0.0190015 -0.00688936
  0.0236064           0  0.00552199  0.00567386
 -0.0190015 -0.00552199           0 -0.00799534
 0.00688936 -0.00567386  0.00799534           0
EndNode1[0]<--->Repeater1[0]
REAL
   0.407713  0.00621377   -0.011773     0.33529
 0.00621377   0.0853994  -0.0137317  0.00452659
  -0.011773  -0.0137317   0.0881543 0.000126812
    0.33529  0.00452659 0.000126812    0.418733
IMAGINARY
          0   0.0068629  0.00671494  -0.0141104
 -0.0068629           0  0.00506886 -0.00345306
-0.00671494 -0.00506886           0 -0.00826084
  0.0141104  0.00345306  0.00826084           0
EndNode2[0]<--->HoM1[0]
REAL
    0.422857   0.00164752  -0.00493094     0.322465
  0.00164752    0.0961905  -0.00156941 -0.000775818
 -0.00493094  -0.00156941    0.0952381   -0.0091102
    0.322465 -0.000775818   -0.0091102     0.385714
IMAGINARY
           0  -0.00725167    0.0235409   0.00722332
  0.00725167            0    0.0116956   -0.0153864
  -0.0235409   -0.0116956            0 -4.44651e-05
 -0.00722332    0.0153864  4.44651e-05            0
Repeater1[0]<--->EndNode1[0]
REAL
   0.407713   -0.011773  0.00621377     0.33529
  -0.011773   0.0881543  -0.0137317 0.000126812
 0.00621377  -0.0137317   0.0853994  0.00452659
    0.33529 0.000126812  0.00452659    0.418733
IMAGINARY
          0  0.00671494   0.0068629  -0.0141104
-0.00671494           0 -0.00506886 -0.00826084
 -0.0068629  0.00506886           0 -0.00345306
  0.0141104  0.00826084  0.00345306           0
Repeater1[0]<--->HoM1[0]
REAL
    0.422857  -0.00493094   0.00164752     0.322465
 -0.00493094    0.0952381  -0.00156941   -0.0091102
  0.00164752  -0.00156941    0.0961905 -0.000775818
    0.322465   -0.0091102 -0.000775818     0.385714
IMAGINARY
           0    0.0235409  -0.00725167   0.00722332
  -0.0235409            0   -0.0116956 -4.44651e-05
  0.00725167    0.0116956            0   -0.0153864
 -0.00722332  4.44651e-05    0.0153864            0
EndNode1[0]<--->Repeater1[0]
REAL
    0.39317   0.0111244  0.00797242    0.322442
  0.0111244   0.0901926   0.0075944 -0.00977098
 0.00797242   0.0075944   0.0945709  -0.0156208
   0.322442 -0.00977098  -0.0156208    0.422067
IMAGINARY
          0  0.00171304  -0.0121874  0.00924315
-0.00171304           0  0.00431924 -0.00309647
  0.0121874 -0.00431924           0   0.0100774
-0.00924315  0.00309647  -0.0100774           0
EndNode2[0]<--->HoM1[0]
REAL
      0.4193     -0.01488  -0.00316938     0.334191
    -0.01488     0.087959   -0.0121726 -0.000500343
 -0.00316938   -0.0121726     0.087105   -0.0163127
    0.334191 -0.000500343   -0.0163127     0.405636
IMAGINARY
          0  -0.0077388 -0.00400082 -0.00350601
  0.0077388           0  0.00974487    0.015819
 0.00400082 -0.00974487           0  -0.0140794
 0.00350601   -0.015819   0.0140794           0
Repeater1[0]<--->EndNode1[0]
REAL
    0.39317  0.00797242   0.0111244    0.322442
 0.00797242   0.0945709   0.0075944  -0.0156208
  0.0111244   0.0075944   0.0901926 -0.00977098
   0.322442  -0.0156208 -0.00977098    0.422067
IMAGINARY
          0  -0.0121874  0.00171304  0.00924315
  0.0121874           0 -0.00431924   0.0100774
-0.00171304  0.00431924           0 -0.00309647
-0.00924315  -0.0100774  0.00309647           0
Repeater1[0]<--->HoM1[0]
REAL
      0.4193  -0.00316938     -0.01488     0.334191
 -0.00316938     0.087105   -0.0121726   -0.0163127
    -0.01488   -0.0121726     0.087959 -0.000500343
    0.334191   -0.0163127 -0.000500343     0.405636
IMAGINARY
          0 -0.00400082  -0.0077388 -0.00350601
 0.00400082           0 -0.00974487  -0.0140794
  0.0077388  0.00974487           0    0.015819
 0.00350601   0.0140794   -0.015819           0
EndNode1[0]<--->Repeater1[0]
REAL
    0.41569  -0.0133598  -0.0112502    0.337974
 -0.0133598   0.0793508 -0.00287703 -0.00903195
 -0.0112502 -0.00287703   0.0901713  0.00806878
   0.337974 -0.00903195  0.00806878    0.414788
IMAGINARY
          0  -0.0270146   0.0165583  0.00465854
  0.0270146           0  0.00419514  0.00599491
 -0.0165583 -0.00419514           0  0.00020606
-0.00465854 -0.00599491 -0.00020606           0
EndNode2[0]<--->HoM1[0]
REAL
  0.403587  0.0013369 -0.0211727    0.32757
 0.0013369  0.0923767  0.0158467 0.00693786
-0.0211727  0.0158467  0.0834081 -0.0013369
   0.32757 0.00693786 -0.0013369   0.420628
IMAGINARY
          0  0.00769338   0.0160285 -0.00749726
-0.00769338           0  0.00705673 -0.00803564
 -0.0160285 -0.00705673           0 -0.00858148
 0.00749726  0.00803564  0.00858148           0
Repeater1[0]<--->EndNode1[0]
REAL
    0.41569  -0.0112502  -0.0133598    0.337974
 -0.0112502   0.0901713 -0.00287703  0.00806878
 -0.0133598 -0.00287703   0.0793508 -0.00903195
   0.337974  0.00806878 -0.00903195    0.414788
IMAGINARY
          0   0.0165583  -0.0270146  0.00465854
 -0.0165583           0 -0.00419514  0.00020606
  0.0270146  0.00419514           0  0.00599491
-0.00465854 -0.00020606 -0.00599491           0
Repeater1[0]<--->HoM1[0]
REAL
  0.403587 -0.0211727  0.0013369    0.32757
-0.0211727  0.0834081  0.0158467 -0.0013369
 0.0013369  0.0158467  0.0923767 0.00693786
   0.32757 -0.0013369 0.00693786   0.420628
IMAGINARY
          0   0.0160285  0.00769338 -0.00749726
 -0.0160285           0 -0.00705673 -0.00858148
-0.00769338  0.00705673           0 -0.00803564
 0.00749726  0.00858148  0.00803564           0
EndNode1[0]<--->Repeater1[0]
REAL
   0.419841 -0.00947731  -0.0142904    0.334487
-0.00947731    0.088574 -0.00175964 -0.00207322
 -0.0142904 -0.00175964    0.088574 -0.00506814
   0.334487 -0.00207322 -0.00506814    0.403012
IMAGINARY
           0 -0.000485649   0.00626216  -0.00709577
 0.000485649            0   0.00218067  -0.00580218
 -0.00626216  -0.00218067            0  -0.00181426
  0.00709577   0.00580218   0.00181426            0
EndNode2[0]<--->HoM1[0]
REAL
   0.424912  0.00346012   0.0105422    0.341524
 0.00346012   0.0706714 -0.00878062  0.00361704
  0.0105422 -0.00878062   0.0971731 -0.00257516
   0.341524  0.00361704 -0.00257516    0.407244
IMAGINARY
          0 -0.00150928  -0.0112013 -0.00608356
 0.00150928           0  -0.0154169 -0.00228867
  0.0112013   0.0154169           0  0.00629605
 0.00608356  0.00228867 -0.00629605           0
Repeater1[0]<--->EndNode1[0]
REAL
   0.419841  -0.0142904 -0.00947731    0.334487
 -0.0142904    0.088574 -0.00175964 -0.00506814
-0.00947731 -0.00175964    0.088574 -0.00207322
   0.334487 -0.00506814 -0.00207322    0.403012
IMAGINARY
           0   0.00626216 -0.000485649  -0.00709577
 -0.00626216            0  -0.00218067  -0.00181426
 0.000485649   0.00218067            0  -0.00580218
  0.00709577   0.00181426   0.00580218            0
Repeater1[0]<--->HoM1[0]
REAL
   0.424912   0.0105422  0.00346012    0.341524
  0.0105422   0.0971731 -0.00878062 -0.00257516
 0.00346012 -0.00878062   0.0706714  0.00361704
   0.341524 -0.00257516  0.00361704    0.407244
IMAGINARY
          0  -0.0112013 -0.00150928 -0.00608356
  0.0112013           0   0.0154169  0.00629605
 0.00150928  -0.0154169           0 -0.00228867
 0.00608356 -0.00629605  0.00228867           0
EndNode1[0]<--->Repeater1[0]
REAL
   0.395889   0.0123224   0.0141187    0.332165
  0.0123224   0.0893655 -0.00904793   0.0217832
  0.0141187 -0.00904793   0.0813226   0.0235795
   0.332165   0.0217832   0.0235795    0.433423
IMAGINARY
          0 -0.00687984   0.0110749  -0.0013795
 0.00687984           0   0.0076295   0.0188092
 -0.0110749  -0.0076295           0  -0.0176518
  0.0013795  -0.0188092   0.0176518           0
EndNode2[0]<--->HoM1[0]
REAL
  0.435326 0.00621251 0.00733631   0.321051
0.00621251  0.0829616 0.00328517  0.0128008
0.00733631 0.00328517  0.0963426 0.00621251
  0.321051  0.0128008 0.00621251    0.38537
IMAGINARY
           0    -0.004547   0.00600627   -0.0216471
    0.004547            0 -0.000546147    0.0141402
 -0.00600627  0.000546147            0    0.0127888
   0.0216471   -0.0141402   -0.0127888            0
Repeater1[0]<--->EndNode1[0]
REAL
   0.395889   0.0141187   0.0123224    0.332165
  0.0141187   0.0813226 -0.00904793   0.0235795
  0.0123224 -0.00904793   0.0893655   0.0217832
   0.332165   0.0235795   0.0217832    0.433423
IMAGINARY
          0   0.0110749 -0.00687984  -0.0013795
 -0.0110749           0  -0.0076295  -0.0176518
 0.00687984   0.0076295           0   0.0188092
  0.0013795   0.0176518  -0.0188092           0
Repeater1[0]<--->HoM1[0]
REAL
  0.435326 0.00733631 0.00621251   0.321051
0.00733631  0.0963426 0.00328517 0.00621251
0.00621251 0.00328517  0.0829616  0.0128008
  0.321051 0.00621251  0.0128008    0.38537
IMAGINARY
           0   0.00600627    -0.004547   -0.0216471
 -0.00600627            0  0.000546147    0.0127888
    0.004547 -0.000546147            0    0.0141402
   0.0216471   -0.0127888   -0.0141402            0
EndNode1[0]<--->Repeater1[0]
REAL
   0.426041 -0.00890498 -0.00986131     0.32093
-0.00890498   0.0832595  0.00206239  -0.0138613
-0.00986131  0.00206239   0.0797166 -0.00934319
    0.32093  -0.0138613 -0.00934319    0.410983
IMAGINARY
           0   0.00077583 -0.000236518   0.00618615
 -0.00077583            0   0.00222837  0.000236518
 0.000236518  -0.00222837            0    0.0105449
 -0.00618615 -0.000236518   -0.0105449            0
EndNode2[0]<--->HoM1[0]
REAL
  0.411354 -0.0207825 -0.0216069   0.324086
-0.0207825  0.0873362 -0.0096891 0.00556182
-0.0216069 -0.0096891  0.0882096 0.00473737
  0.324086 0.00556182 0.00473737     0.4131
IMAGINARY
           0   0.00553076  0.000527729    0.0178122
 -0.00553076            0  -0.00921487   -0.0115799
-0.000527729   0.00921487            0    0.0090581
  -0.0178122    0.0115799   -0.0090581            0
Repeater1[0]<--->EndNode1[0]
REAL
   0.426041 -0.00986131 -0.00890498     0.32093
-0.00986131   0.0797166  0.00206239 -0.00934319
-0.00890498  0.00206239   0.0832595  -0.0138613
    0.32093 -0.00934319  -0.0138613    0.410983
IMAGINARY
           0 -0.000236518   0.00077583   0.00618615
 0.000236518            0  -0.00222837    0.0105449
 -0.00077583   0.00222837            0  0.000236518
 -0.00618615   -0.0105449 -0.000236518            0
Repeater1[0]<--->HoM1[0]
REAL
  0.411354 -0.0216069 -0.0207825   0.324086
-0.0216069  0.0882096 -0.0096891 0.00473737
-0.0207825 -0.0096891  0.0873362 0.00556182
  0.324086 0.00473737 0.00556182     0.4131
IMAGINARY
           0  0.000527729   0.00553076    0.0178122
-0.000527729            0   0.00921487    0.0090581
 -0.00553076  -0.00921487            0   -0.0115799
  -0.0178122   -0.0090581    0.0115799            0
EndNode1[0]<--->Repeater1[0]
REAL
   0.396435   0.0011699   -0.010989    0.335164
  0.0011699   0.0891341 0.000301897    0.010989
  -0.010989 0.000301897    0.089983  0.00431456
   0.335164    0.010989  0.00431456    0.424448
IMAGINARY
           0    0.0128288 -0.000664038    0.0141942
  -0.0128288            0  0.000305322   -0.0130974
 0.000664038 -0.000305322            0    0.0211161
  -0.0141942    0.0130974   -0.0211161            0
EndNode2[0]<--->HoM1[0]
REAL
   0.382143 -0.00741729  0.00515554    0.328637
-0.00741729    0.104464  -0.0074568  0.00873335
 0.00515554  -0.0074568   0.0946429  0.00568118
   0.328637  0.00873335  0.00568118     0.41875
IMAGINARY
          0  0.00313451   0.0125925    0.018693
-0.00313451           0 -0.00256395   0.0026647
 -0.0125925  0.00256395           0  -0.0149043
  -0.018693  -0.0026647   0.0149043           0
Repeater1[0]<--->EndNode1[0]
REAL
   0.396435   -0.010989   0.0011699    0.335164
  -0.010989    0.089983 0.000301897  0.00431456
  0.0011699 0.000301897   0.0891341    0.010989
   0.335164  0.00431456    0.010989    0.424448
IMAGINARY
           0 -0.000664038    0.0128288    0.0141942
 0.000664038            0 -0.000305322    0.0211161
  -0.0128288  0.000305322            0   -0.0130974
  -0.0141942   -0.0211161    0.0130974            0
Repeater1[0]<--->HoM1[0]
REAL
   0.382143  0.00515554 -0.00741729    0.328637
 0.00515554   0.0946429  -0.0074568  0.00568118
-0.00741729  -0.0074568    0.104464  0.00873335
   0.328637  0.00568118  0.00873335     0.41875
IMAGINARY
          0   0.0125925  0.00313451    0.018693
 -0.0125925           0  0.00256395  -0.0149043
-0.00313451 -0.00256395           0   0.0026647
  -0.018693   0.0149043  -0.0026647           0
EndNode1[0]<--->Repeater1[0]
REAL
   0.432314 -0.00860178  0.00714537    0.328732
-0.00860178   0.0829694 -0.00445621  -0.0207323
 0.00714537 -0.00445621    0.079476  -0.0122315
   0.328732  -0.0207323  -0.0122315     0.40524
IMAGINARY
          0  0.00483718    0.011338  -0.0143465
-0.00483718           0  0.00894113  -0.0170148
  -0.011338 -0.00894113           0 -0.00352713
  0.0143465   0.0170148  0.00352713           0
EndNode2[0]<--->HoM1[0]
REAL
   0.415344 -0.00774527   0.0124573    0.326486
-0.00774527   0.0837743   -0.016359 -0.00341571
  0.0124573   -0.016359   0.0749559  0.00774527
   0.326486 -0.00341571  0.00774527    0.425926
IMAGINARY
          0 -0.00400545   0.0197542  0.00632398
 0.00400545           0 -0.00589406 -0.00438982
 -0.0197542  0.00589406           0 -0.00170131
-0.00632398  0.00438982  0.00170131           0
Repeater1[0]<--->EndNode1[0]
REAL
   0.432314  0.00714537 -0.00860178    0.328732
 0.00714537    0.079476 -0.00445621  -0.0122315
-0.00860178 -0.00445621   0.0829694  -0.0207323
   0.328732  -0.0122315  -0.0207323     0.40524
IMAGINARY
          0    0.011338  0.00483718  -0.0143465
  -0.011338           0 -0.00894113 -0.00352713
-0.00483718  0.00894113           0  -0.0170148
  0.0143465  0.00352713   0.0170148           0
Repeater1[0]<--->HoM1[0]
REAL
   0.415344   0.0124573 -0.00774527    0.326486
  0.0124573   0.0749559   -0.016359  0.00774527
-0.00774527   -0.016359   0.0837743 -0.00341571
   0.326486  0.00774527 -0.00341571    0.425926
IMAGINARY
          0   0.0197542 -0.00400545  0.00632398
 -0.0197542           0  0.00589406 -0.00170131
 0.00400545 -0.00589406           0 -0.00438982
-0.00632398  0.00170131  0.00438982           0
EndNode1[0]<--->Repeater1[0]
REAL
   0.423942  0.00383653 -0.00859498    0.318344
 0.00383653   0.0810081  0.00376281  -0.0104033
-0.00859498  0.00376281   0.0783078 -0.00556365
   0.318344  -0.0104033 -0.00556365    0.416742
IMAGINARY
           0   0.00567901 -0.000644182     0.015886
 -0.00567901            0   -0.0248062   0.00559468
 0.000644182    0.0248062            0  -0.00702914
   -0.015886  -0.00559468   0.00702914            0
EndNode2[0]<--->HoM1[0]
REAL
  0.384064  0.0253233  0.0171045    0.32327
 0.0253233  0.0832587 0.00884643  0.0102677
 0.0171045 0.00884643  0.0814682  0.0166475
   0.32327  0.0102677  0.0166475   0.451209
IMAGINARY
           0    0.0114444  0.000802044   0.00131642
  -0.0114444            0   -0.0242441   0.00667377
-0.000802044    0.0242441            0   -0.0321128
 -0.00131642  -0.00667377    0.0321128            0
Repeater1[0]<--->EndNode1[0]
REAL
   0.423942 -0.00859498  0.00383653    0.318344
-0.00859498   0.0783078  0.00376281 -0.00556365
 0.00383653  0.00376281   0.0810081  -0.0104033
   0.318344 -0.00556365  -0.0104033    0.416742
IMAGINARY
           0 -0.000644182   0.00567901     0.015886
 0.000644182            0    0.0248062  -0.00702914
 -0.00567901   -0.0248062            0   0.00559468
   -0.015886   0.00702914  -0.00559468            0
Repeater1[0]<--->HoM1[0]
REAL
  0.384064  0.0171045  0.0253233    0.32327
 0.0171045  0.0814682 0.00884643  0.0166475
 0.0253233 0.00884643  0.0832587  0.0102677
   0.32327  0.0166475  0.0102677   0.451209
IMAGINARY
           0  0.000802044    0.0114444   0.00131642
-0.000802044            0    0.0242441   -0.0321128
  -0.0114444   -0.0242441            0   0.00667377
 -0.00131642    0.0321128  -0.00667377            0
EndNode1[0]<--->Repeater1[0]
REAL
    0.401084 -0.000144568   0.00645746     0.332434
-0.000144568    0.0831075     0.012703    0.0100676
  0.00645746     0.012703    0.0930443    0.0166696
    0.332434    0.0100676    0.0166696     0.422764
IMAGINARY
           0  0.000399466   -0.0144745   -0.0108088
-0.000399466            0  -0.00600533    0.0203041
   0.0144745   0.00600533            0   0.00722385
   0.0108088   -0.0203041  -0.00722385            0
EndNode2[0]<--->HoM1[0]
REAL
   0.424581   0.0213506   0.0134107    0.320171
  0.0213506   0.0828678  -0.0153157 -0.00547419
  0.0134107  -0.0153157   0.0986965 -0.00127587
   0.320171 -0.00547419 -0.00127587    0.393855
IMAGINARY
          0   0.0158142 -0.00835019 -0.00283375
 -0.0158142           0 -0.00465524  0.00189024
 0.00835019  0.00465524           0  -0.0119383
 0.00283375 -0.00189024   0.0119383           0
Repeater1[0]<--->EndNode1[0]
REAL
    0.401084   0.00645746 -0.000144568     0.332434
  0.00645746    0.0930443     0.012703    0.0166696
-0.000144568     0.012703    0.0831075    0.0100676
    0.332434    0.0166696    0.0100676     0.422764
IMAGINARY
           0   -0.0144745  0.000399466   -0.0108088
   0.0144745            0   0.00600533   0.00722385
-0.000399466  -0.00600533            0    0.0203041
   0.0108088  -0.00722385   -0.0203041            0
Repeater1[0]<--->HoM1[0]
REAL
   0.424581   0.0134107   0.0213506    0.320171
  0.0134107   0.0986965  -0.0153157 -0.00127587
  0.0213506  -0.0153157   0.0828678 -0.00547419
   0.320171 -0.00127587 -0.00547419    0.393855
IMAGINARY
          0 -0.00835019   0.0158142 -0.00283375
 0.00835019           0  0.00465524  -0.0119383
 -0.0158142 -0.00465524           0  0.00189024
 0.00283375   0.0119383 -0.00189024           0
EndNode1[0]<--->Repeater1[0]
REAL
    0.423358    0.0049297  0.000814722     0.314719
   0.0049297    0.0903285   0.00570038    0.0133147
 0.000814722   0.00570038    0.0784672 -0.000827605
    0.314719    0.0133147 -0.000827605     0.407847
IMAGINARY
          0  -0.0172571  0.00859734   0.0139731
  0.0172571           0  -0.0101709 -0.00196604
-0.00859734   0.0101709           0  1.5674e-05
 -0.0139731  0.00196604 -1.5674e-05           0
EndNode2[0]<--->HoM1[0]
REAL
   0.408971   0.0136315  0.00627563    0.314267
  0.0136315   0.0870712 -0.00657432 -0.00180336
 0.00627563 -0.00657432    0.110818   0.0114132
   0.314267 -0.00180336   0.0114132     0.39314
IMAGINARY
           0   0.00541964    0.0112018    0.0196082
 -0.00541964            0  0.000818093   0.00159524
  -0.0112018 -0.000818093            0   -0.0182167
  -0.0196082  -0.00159524    0.0182167            0
Repeater1[0]<--->EndNode1[0]
REAL
    0.423358  0.000814722    0.0049297     0.314719
 0.000814722    0.0784672   0.00570038 -0.000827605
   0.0049297   0.00570038    0.0903285    0.0133147
    0.314719 -0.000827605    0.0133147     0.407847
IMAGINARY
          0  0.00859734  -0.0172571   0.0139731
-0.00859734           0   0.0101709  1.5674e-05
  0.0172571  -0.0101709           0 -0.00196604
 -0.0139731 -1.5674e-05  0.00196604           0
Repeater1[0]<--->HoM1[0]
REAL
   0.408971  0.00627563   0.0136315    0.314267
 0.00627563    0.110818 -0.00657432   0.0114132
  0.0136315 -0.00657432   0.0870712 -0.00180336
   0.314267   0.0114132 -0.00180336     0.39314
IMAGINARY
           0    0.0112018   0.00541964    0.0196082
  -0.0112018            0 -0.000818093   -0.0182167
 -0.00541964  0.000818093            0   0.00159524
  -0.0196082    0.0182167  -0.00159524            0
EndNode1[0]<--->Repeater1[0]
REAL
   0.415929    0.012362 0.000435305    0.327936
   0.012362    0.079646 -0.00710614 0.000888614
0.000435305 -0.00710614   0.0761062  0.00926196
   0.327936 0.000888614  0.00926196    0.428319
IMAGINARY
           0  -0.00459012   0.00210082 -0.000955286
  0.00459012            0    0.0197654   0.00488893
 -0.00210082   -0.0197654            0  0.000396276
 0.000955286  -0.00488893 -0.000396276            0
EndNode2[0]<--->HoM1[0]
REAL
    0.410508   -0.0089724 -0.000678443     0.315807
  -0.0089724     0.104185   0.00446952  0.000217614
-0.000678443   0.00446952    0.0926091    0.0057466
    0.315807  0.000217614    0.0057466     0.392698
IMAGINARY
          0  0.00532713  -0.0255615 -0.00194493
-0.00532713           0 -0.00340266   0.0180328
  0.0255615  0.00340266           0  0.00663035
 0.00194493  -0.0180328 -0.00663035           0
Repeater1[0]<--->EndNode1[0]
REAL
   0.415929 0.000435305    0.012362    0.327936
0.000435305   0.0761062 -0.00710614  0.00926196
   0.012362 -0.00710614    0.079646 0.000888614
   0.327936  0.00926196 0.000888614    0.428319
IMAGINARY
           0   0.00210082  -0.00459012 -0.000955286
 -0.00210082            0   -0.0197654  0.000396276
  0.00459012    0.0197654            0   0.00488893
 0.000955286 -0.000396276  -0.00488893            0
Repeater1[0]<--->HoM1[0]
REAL
    0.410508 -0.000678443   -0.0089724     0.315807
-0.000678443    0.0926091   0.00446952    0.0057466
  -0.0089724   0.00446952     0.104185  0.000217614
    0.315807    0.0057466  0.000217614     0.392698
IMAGINARY
          0  -0.0255615  0.00532713 -0.00194493
  0.0255615           0  0.00340266  0.00663035
-0.00532713 -0.00340266           0   0.0180328
 0.00194493 -0.00663035  -0.0180328           0
EndNode1[0]<--->Repeater1[0]
REAL
  0.404372 0.00194339 0.00492757   0.324957
0.00194339  0.0992714 0.00420225 0.00312252
0.00492757 0.00420225  0.0910747   0.010579
  0.324957 0.00312252   0.010579   0.405282
IMAGINARY
          0  0.00821384  0.00760726  -0.0189384
-0.00821384           0  -0.0118587 -0.00194688
-0.00760726   0.0118587           0   0.0068805
  0.0189384  0.00194688  -0.0068805           0
EndNode2[0]<--->HoM1[0]
REAL
   0.426895 -0.00732579 -0.00982327    0.335376
-0.00732579   0.0920578  0.00868594 -0.00604255
-0.00982327  0.00868594   0.0658845  0.00415263
   0.335376 -0.00604255  0.00415263    0.415162
IMAGINARY
          0 -0.00153609  -0.0184709 -0.00500285
 0.00153609           0   0.0090243  0.00460605
  0.0184709  -0.0090243           0  -0.0105956
 0.00500285 -0.00460605   0.0105956           0
Repeater1[0]<--->EndNode1[0]
REAL
  0.404372 0.00492757 0.00194339   0.324957
0.00492757  0.0910747 0.00420225   0.010579
0.00194339 0.00420225  0.0992714 0.00312252
  0.324957   0.010579 0.00312252   0.405282
IMAGINARY
          0  0.00760726  0.00821384  -0.0189384
-0.00760726           0   0.0118587   0.0068805
-0.00821384  -0.0118587           0 -0.00194688
  0.0189384  -0.0068805  0.00194688           0
Repeater1[0]<--->HoM1[0]
REAL
   0.426895 -0.00982327 -0.00732579    0.335376
-0.00982327   0.0658845  0.00868594  0.00415263
-0.00732579  0.00868594   0.0920578 -0.00604255
   0.335376  0.00415263 -0.00604255    0.415162
IMAGINARY
          0  -0.0184709 -0.00153609 -0.00500285
  0.0184709           0  -0.0090243  -0.0105956
 0.00153609   0.0090243           0  0.00460605
 0.00500285   0.0105956 -0.00460605           0
EndNode1[0]<--->Repeater1[0]
REAL
   0.401114 -0.00934378 0.000266468    0.323161
-0.00934378    0.095636  -0.0148426  0.00335017
0.000266468  -0.0148426    0.095636  0.00572714
   0.323161  0.00335017  0.00572714    0.407614
IMAGINARY
          0  0.00377804   0.0126298   -0.010615
-0.00377804           0   0.0187968   0.0171425
 -0.0126298  -0.0187968           0  -0.0204155
   0.010615  -0.0171425   0.0204155           0
EndNode2[0]<--->HoM1[0]
REAL
    0.421846   0.00137005 -0.000340037     0.324903
  0.00137005    0.0885122  -0.00179867   0.00846278
-0.000340037  -0.00179867    0.0753296    0.0193881
    0.324903   0.00846278    0.0193881     0.414313
IMAGINARY
           0  6.88966e-05   -0.0176835    0.0017734
-6.88966e-05            0    -0.010248    0.0128205
   0.0176835     0.010248            0    0.0065624
  -0.0017734   -0.0128205   -0.0065624            0
Repeater1[0]<--->EndNode1[0]
REAL
   0.401114 0.000266468 -0.00934378    0.323161
0.000266468    0.095636  -0.0148426  0.00572714
-0.00934378  -0.0148426    0.095636  0.00335017
   0.323161  0.00572714  0.00335017    0.407614
IMAGINARY
          0   0.0126298  0.00377804   -0.010615
 -0.0126298           0  -0.0187968  -0.0204155
-0.00377804   0.0187968           0   0.0171425
   0.010615   0.0204155  -0.0171425           0
Repeater1[0]<--->HoM1[0]
REAL
    0.421846 -0.000340037   0.00137005     0.324903
-0.000340037    0.0753296  -0.00179867    0.0193881
  0.00137005  -0.00179867    0.0885122   0.00846278
    0.324903    0.0193881   0.00846278     0.414313
IMAGINARY
           0   -0.0176835  6.88966e-05    0.0017734
   0.0176835            0     0.010248    0.0065624
-6.88966e-05    -0.010248            0    0.0128205
  -0.0017734   -0.0065624   -0.0128205            0
EndNode1[0]<--->Repeater1[0]
REAL
    0.39886  -0.0135441  0.00659868     0.32533
 -0.0135441   0.0949668 -0.00117381  -0.0145916
 0.00659868 -0.00117381   0.0826211  -0.0122108
    0.32533  -0.0145916  -0.0122108    0.423552
IMAGINARY
           0  -0.00174521  -0.00718334  0.000993633
  0.00174521            0  -0.00365321   0.00238822
  0.00718334   0.00365321            0  -0.00130623
-0.000993633  -0.00238822   0.00130623            0
EndNode2[0]<--->HoM1[0]
REAL
    0.397996 -0.000624966  -0.00145883     0.329945
-0.000624966    0.0883424  -0.00116576  -0.00947014
 -0.00145883  -0.00116576    0.0801457   0.00608945
    0.329945  -0.00947014   0.00608945     0.433515
IMAGINARY
          0   0.0100232  0.00108341  -0.0155808
 -0.0100232           0  0.00327848  -0.0157501
-0.00108341 -0.00327848           0   0.0206434
  0.0155808   0.0157501  -0.0206434           0
Repeater1[0]<--->EndNode1[0]
REAL
    0.39886  0.00659868  -0.0135441     0.32533
 0.00659868   0.0826211 -0.00117381  -0.0122108
 -0.0135441 -0.00117381   0.0949668  -0.0145916
    0.32533  -0.0122108  -0.0145916    0.423552
IMAGINARY
           0  -0.00718334  -0.00174521  0.000993633
  0.00718334            0   0.00365321  -0.00130623
  0.00174521  -0.00365321            0   0.00238822
-0.000993633   0.00130623  -0.00238822            0
Repeater1[0]<--->HoM1[0]
REAL
    0.397996  -0.00145883 -0.000624966     0.329945
 -0.00145883    0.0801457  -0.00116576   0.00608945
-0.000624966  -0.00116576    0.0883424  -0.00947014
    0.329945   0.00608945  -0.00947014     0.433515
IMAGINARY
          0  0.00108341   0.0100232  -0.0155808
-0.00108341           0 -0.00327848   0.0206434
 -0.0100232  0.00327848           0  -0.0157501
  0.0155808  -0.0206434   0.0157501           0
EndNode1[0]<--->Repeater1[0]
REAL
   0.424955  -0.0209953 -0.00974362    0.323542
 -0.0209953   0.0922242 -0.00800841  0.00312403
-0.00974362 -0.00800841   0.0831826 -0.00592438
   0.323542  0.00312403 -0.00592438    0.399638
IMAGINARY
          0   0.0138075 -0.00182757  0.00668501
 -0.0138075           0  -0.0043851  -0.0186715
 0.00182757   0.0043851           0  0.00580036
-0.00668501   0.0186715 -0.00580036           0
EndNode2[0]<--->HoM1[0]
REAL
   0.403915  -0.0176432 -0.00479303    0.322469
 -0.0176432   0.0782918  0.00460542   -0.006124
-0.00479303  0.00460542   0.0951957  -0.0194747
   0.322469   -0.006124  -0.0194747    0.422598
IMAGINARY
           0  6.24354e-05  -0.00531422   0.00289798
-6.24354e-05            0  -0.00426534  -0.00169103
  0.00531422   0.00426534            0  -0.00706769
 -0.00289798   0.00169103   0.00706769            0
Repeater1[0]<--->EndNode1[0]
REAL
   0.424955 -0.00974362  -0.0209953    0.323542
-0.00974362   0.0831826 -0.00800841 -0.00592438
 -0.0209953 -0.00800841   0.0922242  0.00312403
   0.323542 -0.00592438  0.00312403    0.399638
IMAGINARY
          0 -0.00182757   0.0138075  0.00668501
 0.00182757           0   0.0043851  0.00580036
 -0.0138075  -0.0043851           0  -0.0186715
-0.00668501 -0.00580036   0.0186715           0
Repeater1[0]<--->HoM1[0]
REAL
   0.403915 -0.00479303  -0.0176432    0.322469
-0.00479303   0.0951957  0.00460542  -0.0194747
 -0.0176432  0.00460542   0.0782918   -0.006124
   0.322469  -0.0194747   -0.006124    0.422598
IMAGINARY
           0  -0.00531422  6.24354e-05   0.00289798
  0.00531422            0   0.00426534  -0.00706769
-6.24354e-05  -0.00426534            0  -0.00169103
 -0.00289798   0.00706769   0.00169103            0
EndNode1[0]<--->Repeater1[0]
REAL
   0.419643 -0.00428625  -0.0114656    0.323892
-0.00428625       0.075  -0.0083838  -0.0206199
 -0.0114656  -0.0083838   0.0910714  -0.0162129
   0.323892  -0.0206199  -0.0162129    0.414286
IMAGINARY
          0  -0.0120078   0.0144455 -0.00840064
  0.0120078           0  0.00339609 -0.00220616
 -0.0144455 -0.00339609           0 -0.00839114
 0.00840064  0.00220616  0.00839114           0
EndNode2[0]<--->HoM1[0]
REAL
   0.41875 0.00184606 0.00380522   0.315002
0.00184606  0.0901786 0.00334307 0.00428831
0.00380522 0.00334307  0.0946429 0.00624747
  0.315002 0.00428831 0.00624747   0.396429
IMAGINARY
          0 -0.00277683  0.00100016  0.00501405
 0.00277683           0  -0.0154591    0.013798
-0.00100016   0.0154591           0 -0.00843393
-0.00501405   -0.013798  0.00843393           0
Repeater1[0]<--->EndNode1[0]
REAL
   0.419643  -0.0114656 -0.00428625    0.323892
 -0.0114656   0.0910714  -0.0083838  -0.0162129
-0.00428625  -0.0083838       0.075  -0.0206199
   0.323892  -0.0162129  -0.0206199    0.414286
IMAGINARY
          0   0.0144455  -0.0120078 -0.00840064
 -0.0144455           0 -0.00339609 -0.00839114
  0.0120078  0.00339609           0 -0.00220616
 0.00840064  0.00839114  0.00220616           0
Repeater1[0]<--->HoM1[0]
REAL
   0.41875 0.00380522 0.00184606   0.315002
0.00380522  0.0946429 0.00334307 0.00624747
0.00184606 0.00334307  0.0901786 0.00428831
  0.315002 0.00624747 0.00428831   0.396429
IMAGINARY
          0  0.00100016 -0.00277683  0.00501405
-0.00100016           0   0.0154591 -0.00843393
 0.00277683  -0.0154591           0    0.013798
-0.00501405  0.00843393   -0.013798           0
EndNode1[0]<--->Repeater1[0]
REAL
   0.413978  0.00884035  -0.0101757    0.317191
 0.00884035     0.09319 -0.00327614   0.0064037
 -0.0101757 -0.00327614   0.0887097 -0.00758301
   0.317191   0.0064037 -0.00758301    0.404122
IMAGINARY
           0  -0.00535955  0.000551198  -0.00600406
  0.00535955            0    0.0219051   0.00932313
-0.000551198   -0.0219051            0   0.00446188
  0.00600406  -0.00932313  -0.00446188            0
EndNode2[0]<--->HoM1[0]
REAL
   0.376902  -0.0151741  -0.0247673    0.336559
 -0.0151741   0.0823635 -0.00476611  -0.0103529
 -0.0247673 -0.00476611   0.0796777 -0.00700709
   0.336559  -0.0103529 -0.00700709    0.461056
IMAGINARY
           0    0.0197949  0.000250406   -0.0100446
  -0.0197949            0   0.00826525   -0.0146358
-0.000250406  -0.00826525            0    -0.019359
   0.0100446    0.0146358     0.019359            0
Repeater1[0]<--->EndNode1[0]
REAL
   0.413978  -0.0101757  0.00884035    0.317191
 -0.0101757   0.0887097 -0.00327614 -0.00758301
 0.00884035 -0.00327614     0.09319   0.0064037
   0.317191 -0.00758301   0.0064037    0.404122
IMAGINARY
           0  0.000551198  -0.00535955  -0.00600406
-0.000551198            0   -0.0219051   0.00446188
  0.00535955    0.0219051            0   0.00932313
  0.00600406  -0.00446188  -0.00932313            0
Repeater1[0]<--->HoM1[0]
REAL
   0.376902  -0.0247673  -0.0151741    0.336559
 -0.0247673   0.0796777 -0.00476611 -0.00700709
 -0.0151741 -0.00476611   0.0823635  -0.0103529
   0.336559 -0.00700709  -0.0103529    0.461056
IMAGINARY
           0  0.000250406    0.0197949   -0.0100446
-0.000250406            0  -0.00826525    -0.019359
  -0.0197949   0.00826525            0   -0.0146358
   0.0100446     0.019359    0.0146358            0
EndNode1[0]<--->Repeater1[0]
REAL
   0.408688   0.0102761  0.00594714    0.334693
  0.0102761   0.0868794  0.00717176 -0.00594714
 0.00594714  0.00717176    0.089539 -0.00570568
   0.334693 -0.00594714 -0.00570568    0.414894
IMAGINARY
          0 -0.00537355 -0.00687447  -0.0046995
 0.00537355           0 -0.00697016 -0.00207935
 0.00687447  0.00697016           0  0.00395979
  0.0046995  0.00207935 -0.00395979           0
EndNode2[0]<--->HoM1[0]
REAL
   0.390805  0.00478567 -0.00139568    0.327565
 0.00478567    0.086649  -0.0105477  0.00551279
-0.00139568  -0.0105477   0.0893015   0.0176297
   0.327565  0.00551279   0.0176297    0.433245
IMAGINARY
          0 -0.00587194 -0.00138164 -0.00554986
 0.00587194           0 -0.00902209  0.00184417
 0.00138164  0.00902209           0  -0.0121669
 0.00554986 -0.00184417   0.0121669           0
Repeater1[0]<--->EndNode1[0]
REAL
   0.408688  0.00594714   0.0102761    0.334693
 0.00594714    0.089539  0.00717176 -0.00570568
  0.0102761  0.00717176   0.0868794 -0.00594714
   0.334693 -0.00570568 -0.00594714    0.414894
IMAGINARY
          0 -0.00687447 -0.00537355  -0.0046995
 0.00687447           0  0.00697016  0.00395979
 0.00537355 -0.00697016           0 -0.00207935
  0.0046995 -0.00395979  0.00207935           0
Repeater1[0]<--->HoM1[0]
REAL
   0.390805 -0.00139568  0.00478567    0.327565
-0.00139568   0.0893015  -0.0105477   0.0176297
 0.00478567  -0.0105477    0.086649  0.00551279
   0.327565   0.0176297  0.00551279    0.433245
IMAGINARY
          0 -0.00138164 -0.00587194 -0.00554986
 0.00138164           0  0.00902209  -0.0121669
 0.00587194 -0.00902209           0  0.00184417
 0.00554986   0.0121669 -0.00184417           0
EndNode1[0]<--->Repeater1[0]
REAL
   0.412755   0.0140892  -0.0102316    0.335893
  0.0140892   0.0956599 -0.00241333   0.0115462
 -0.0102316 -0.00241333   0.0841453  0.00650673
   0.335893   0.0115462  0.00650673     0.40744
IMAGINARY
          0 -0.00331327 -0.00100959  0.00969435
 0.00331327           0  0.00515714 -0.00620889
 0.00100959 -0.00515714           0   0.0124567
-0.00969435  0.00620889  -0.0124567           0
EndNode2[0]<--->HoM1[0]
REAL
     0.4155   0.0210798 0.000666538    0.319514
  0.0210798   0.0971055 -0.00074112 -0.00159591
0.000666538 -0.00074112   0.0887021  -0.0117861
   0.319514 -0.00159591  -0.0117861    0.398693
IMAGINARY
           0  0.000502428   0.00758633  -0.00985298
-0.000502428            0   0.00548998  -0.00667392
 -0.00758633  -0.00548998            0    0.0159209
  0.00985298   0.00667392   -0.0159209            0
Repeater1[0]<--->EndNode1[0]
REAL
   0.412755  -0.0102316   0.0140892    0.335893
 -0.0102316   0.0841453 -0.00241333  0.00650673
  0.0140892 -0.00241333   0.0956599   0.0115462
   0.335893  0.00650673   0.0115462     0.40744
IMAGINARY
          0 -0.00100959 -0.00331327  0.00969435
 0.00100959           0 -0.00515714   0.0124567
 0.00331327  0.00515714           0 -0.00620889
-0.00969435  -0.0124567  0.00620889           0
Repeater1[0]<--->HoM1[0]
REAL
     0.4155 0.000666538   0.0210798    0.319514
0.000666538   0.0887021 -0.00074112  -0.0117861
  0.0210798 -0.00074112   0.0971055 -0.00159591
   0.319514  -0.0117861 -0.00159591    0.398693
IMAGINARY
           0   0.00758633  0.000502428  -0.00985298
 -0.00758633            0  -0.00548998    0.0159209
-0.000502428   0.00548998            0  -0.00667392
  0.00985298   -0.0159209   0.00667392            0
EndNode1[0]<--->Repeater1[0]
REAL
   0.406593  -0.0209694 -0.00758261     0.32851
 -0.0209694   0.0819949  0.00225903  -0.0227341
-0.00758261  0.00225903   0.0760778 -0.00663245
    0.32851  -0.0227341 -0.00663245    0.435334
IMAGINARY
          0   0.0220762  -0.0180611  -0.0179403
 -0.0220762           0  0.00660754 -0.00601825
  0.0180611 -0.00660754           0  0.00200316
  0.0179403  0.00601825 -0.00200316           0
EndNode2[0]<--->HoM1[0]
REAL
   0.407087  -0.0227365  -0.0102919    0.331356
 -0.0227365   0.0838375 -0.00747234  -0.0309452
 -0.0102919 -0.00747234   0.0760588 -0.00905041
   0.331356  -0.0309452 -0.00905041    0.433016
IMAGINARY
           0   0.00408541 -0.000493191   -0.0101422
 -0.00408541            0   -0.0151742    0.0178925
 0.000493191    0.0151742            0   0.00232485
   0.0101422   -0.0178925  -0.00232485            0
Repeater1[0]<--->EndNode1[0]
REAL
   0.406593 -0.00758261  -0.0209694     0.32851
-0.00758261   0.0760778  0.00225903 -0.00663245
 -0.0209694  0.00225903   0.0819949  -0.0227341
    0.32851 -0.00663245  -0.0227341    0.435334
IMAGINARY
          0  -0.0180611   0.0220762  -0.0179403
  0.0180611           0 -0.00660754  0.00200316
 -0.0220762  0.00660754           0 -0.00601825
  0.0179403 -0.00200316  0.00601825           0
Repeater1[0]<--->HoM1[0]
REAL
   0.407087  -0.0102919  -0.0227365    0.331356
 -0.0102919   0.0760588 -0.00747234 -0.00905041
 -0.0227365 -0.00747234   0.0838375  -0.0309452
   0.331356 -0.00905041  -0.0309452    0.433016
IMAGINARY
           0 -0.000493191   0.00408541   -0.0101422
 0.000493191            0    0.0151742   0.00232485
 -0.00408541   -0.0151742            0    0.0178925
   0.0101422  -0.00232485   -0.0178925            0
EndNode1[0]<--->Repeater1[0]
REAL
   0.412241   -0.027455 -0.00181397    0.326291
  -0.027455   0.0981098 -0.00916349  -0.0173653
-0.00181397 -0.00916349   0.0882088 0.000247119
   0.326291  -0.0173653 0.000247119     0.40144
IMAGINARY
           0   -0.0207687    0.0017825 -0.000422169
   0.0207687            0  -0.00445804    0.0218539
  -0.0017825   0.00445804            0  -0.00195856
 0.000422169   -0.0218539   0.00195856            0
EndNode2[0]<--->HoM1[0]
REAL
   0.383128 -0.00747773 -0.00466258    0.325849
-0.00747773   0.0913884  0.00454944 0.000492055
-0.00466258  0.00454944   0.0817223  0.00423398
   0.325849 0.000492055  0.00423398    0.443761
IMAGINARY
          0   0.0136104 -0.00054696 -6.8534e-05
 -0.0136104           0   -0.007854 -0.00667326
 0.00054696    0.007854           0  0.00444012
 6.8534e-05  0.00667326 -0.00444012           0
Repeater1[0]<--->EndNode1[0]
REAL
   0.412241 -0.00181397   -0.027455    0.326291
-0.00181397   0.0882088 -0.00916349 0.000247119
  -0.027455 -0.00916349   0.0981098  -0.0173653
   0.326291 0.000247119  -0.0173653     0.40144
IMAGINARY
           0    0.0017825   -0.0207687 -0.000422169
  -0.0017825            0   0.00445804  -0.00195856
   0.0207687  -0.00445804            0    0.0218539
 0.000422169   0.00195856   -0.0218539            0
Repeater1[0]<--->HoM1[0]
REAL
   0.383128 -0.00466258 -0.00747773    0.325849
-0.00466258   0.0817223  0.00454944  0.00423398
-0.00747773  0.00454944   0.0913884 0.000492055
   0.325849  0.00423398 0.000492055    0.443761
IMAGINARY
          0 -0.00054696   0.0136104 -6.8534e-05
 0.00054696           0    0.007854  0.00444012
 -0.0136104   -0.007854           0 -0.00667326
 6.8534e-05 -0.00444012  0.00667326           0
EndNode1[0]<--->Repeater1[0]
REAL
   0.424842  0.00295648  0.00198705    0.321507
 0.00295648   0.0855086  0.00290639  0.00599417
 0.00198705  0.00290639   0.0846085 -0.00154803
   0.321507  0.00599417 -0.00154803    0.405041
IMAGINARY
           0  -0.00646558   0.00612603    0.0084112
  0.00646558            0 -0.000186088   0.00216127
 -0.00612603  0.000186088            0  -0.00826738
  -0.0084112  -0.00216127   0.00826738            0
EndNode2[0]<--->HoM1[0]
REAL
   0.424434 -0.00447249  0.00042612    0.323343
-0.00447249   0.0850679  0.00201185  0.00134693
 0.00042612  0.00201185   0.0859729  -0.0194637
   0.323343  0.00134693  -0.0194637    0.404525
IMAGINARY
           0  -0.00418672   -0.0172814 -0.000249404
  0.00418672            0  -0.00160933    0.0204719
   0.0172814   0.00160933            0  -0.00629642
 0.000249404   -0.0204719   0.00629642            0
Repeater1[0]<--->EndNode1[0]
REAL
   0.424842  0.00198705  0.00295648    0.321507
 0.00198705   0.0846085  0.00290639 -0.00154803
 0.00295648  0.00290639   0.0855086  0.00599417
   0.321507 -0.00154803  0.00599417    0.405041
IMAGINARY
           0   0.00612603  -0.00646558    0.0084112
 -0.00612603            0  0.000186088  -0.00826738
  0.00646558 -0.000186088            0   0.00216127
  -0.0084112   0.00826738  -0.00216127            0
Repeater1[0]<--->HoM1[0]
REAL
   0.424434  0.00042612 -0.00447249    0.323343
 0.00042612   0.0859729  0.00201185  -0.0194637
-0.00447249  0.00201185   0.0850679  0.00134693
   0.323343  -0.0194637  0.00134693    0.404525
IMAGINARY
           0   -0.0172814  -0.00418672 -0.000249404
   0.0172814            0   0.00160933  -0.00629642
  0.00418672  -0.00160933            0    0.0204719
 0.000249404   0.00629642   -0.0204719            0
EndNode1[0]<--->Repeater1[0]
REAL
   0.417832 -0.00725953  -0.0132794    0.321579
-0.00725953    0.083042 -0.00125219  0.00783473
 -0.0132794 -0.00125219   0.0891608 -0.00725953
   0.321579  0.00783473 -0.00725953    0.409965
IMAGINARY
          0   0.0261987 -0.00637316  0.00296435
 -0.0261987           0 -0.00115276  -0.0233072
 0.00637316  0.00115276           0   0.0126141
-0.00296435   0.0233072  -0.0126141           0
EndNode2[0]<--->HoM1[0]
REAL
  0.443958 0.00411298 0.00624561   0.326785
0.00411298  0.0901926 0.00104751 0.00668927
0.00624561 0.00104751   0.084063 -0.0134796
  0.326785 0.00668927 -0.0134796   0.381786
IMAGINARY
           0   -0.0097008    0.0110723   0.00153713
   0.0097008            0   -0.0122898   0.00456669
  -0.0110723    0.0122898            0  0.000317418
 -0.00153713  -0.00456669 -0.000317418            0
Repeater1[0]<--->EndNode1[0]
REAL
   0.417832  -0.0132794 -0.00725953    0.321579
 -0.0132794   0.0891608 -0.00125219 -0.00725953
-0.00725953 -0.00125219    0.083042  0.00783473
   0.321579 -0.00725953  0.00783473    0.409965
IMAGINARY
          0 -0.00637316   0.0261987  0.00296435
 0.00637316           0  0.00115276   0.0126141
 -0.0261987 -0.00115276           0  -0.0233072
-0.00296435  -0.0126141   0.0233072           0
Repeater1[0]<--->HoM1[0]
REAL
  0.443958 0.00624561 0.00411298   0.326785
0.00624561   0.084063 0.00104751 -0.0134796
0.00411298 0.00104751  0.0901926 0.00668927
  0.326785 -0.0134796 0.00668927   0.381786
IMAGINARY
           0    0.0110723   -0.0097008   0.00153713
  -0.0110723            0    0.0122898  0.000317418
   0.0097008   -0.0122898            0   0.00456669
 -0.00153713 -0.000317418  -0.00456669            0
EndNode1[0]<--->Repeater1[0]
REAL
   0.432554 -0.00373004  0.00279201     0.31611
-0.00373004   0.0917266    -0.01337 -0.00507512
 0.00279201    -0.01337   0.0845324  0.00692639
    0.31611 -0.00507512  0.00692639    0.391187
IMAGINARY
           0   -0.0187783     0.020523    0.0001162
   0.0187783            0    0.0045567 -0.000291833
   -0.020523   -0.0045567            0    0.0014373
  -0.0001162  0.000291833   -0.0014373            0
EndNode2[0]<--->HoM1[0]
REAL
   0.420303  -0.0052634  -0.0288196    0.319037
 -0.0052634   0.0917186 0.000196807 -0.00279218
 -0.0288196 0.000196807   0.0783615  -0.0112103
   0.319037 -0.00279218  -0.0112103    0.409617
IMAGINARY
          0   0.0084085 -0.00213915   0.0160829
 -0.0084085           0  -0.0138995  -0.0159768
 0.00213915   0.0138995           0 -0.00478531
 -0.0160829   0.0159768  0.00478531           0
Repeater1[0]<--->EndNode1[0]
REAL
   0.432554  0.00279201 -0.00373004     0.31611
 0.00279201   0.0845324    -0.01337  0.00692639
-0.00373004    -0.01337   0.0917266 -0.00507512
    0.31611  0.00692639 -0.00507512    0.391187
IMAGINARY
           0     0.020523   -0.0187783    0.0001162
   -0.020523            0   -0.0045567    0.0014373
   0.0187783    0.0045567            0 -0.000291833
  -0.0001162   -0.0014373  0.000291833            0
Repeater1[0]<--->HoM1[0]
REAL
   0.420303  -0.0288196  -0.0052634    0.319037
 -0.0288196   0.0783615 0.000196807  -0.0112103
 -0.0052634 0.000196807   0.0917186 -0.00279218
   0.319037  -0.0112103 -0.00279218    0.409617
IMAGINARY
          0 -0.00213915   0.0084085   0.0160829
 0.00213915           0   0.0138995 -0.00478531
 -0.0084085  -0.0138995           0  -0.0159768
 -0.0160829  0.00478531   0.0159768           0
EndNode1[0]<--->Repeater1[0]
REAL
   0.420139  0.00581533   0.0159949    0.323762
 0.00581533   0.0876736  0.00372841  0.00522286
  0.0159949  0.00372841   0.0815972 -0.00397031
   0.323762  0.00522286 -0.00397031     0.41059
IMAGINARY
           0  -0.00432683   0.00918676    0.0208217
  0.00432683            0   0.00658848  -0.00154669
 -0.00918676  -0.00658848            0  8.23445e-05
  -0.0208217   0.00154669 -8.23445e-05            0
EndNode2[0]<--->HoM1[0]
REAL
    0.414864  -0.00450932 -0.000630457     0.327337
 -0.00450932    0.0771402   -0.0136118   -0.0029346
-0.000630457   -0.0136118    0.0968956   0.00540059
    0.327337   -0.0029346   0.00540059     0.411101
IMAGINARY
          0  -0.0206068   0.0113528  0.00337948
  0.0206068           0   0.0126633   0.0194029
 -0.0113528  -0.0126633           0 -0.00575528
-0.00337948  -0.0194029  0.00575528           0
Repeater1[0]<--->EndNode1[0]
REAL
   0.420139   0.0159949  0.00581533    0.323762
  0.0159949   0.0815972  0.00372841 -0.00397031
 0.00581533  0.00372841   0.0876736  0.00522286
   0.323762 -0.00397031  0.00522286     0.41059
IMAGINARY
           0   0.00918676  -0.00432683    0.0208217
 -0.00918676            0  -0.00658848  8.23445e-05
  0.00432683   0.00658848            0  -0.00154669
  -0.0208217 -8.23445e-05   0.00154669            0
Repeater1[0]<--->HoM1[0]
REAL
    0.414864 -0.000630457  -0.00450932     0.327337
-0.000630457    0.0968956   -0.0136118   0.00540059
 -0.00450932   -0.0136118    0.0771402   -0.0029346
    0.327337   0.00540059   -0.0029346     0.411101
IMAGINARY
          0   0.0113528  -0.0206068  0.00337948
 -0.0113528           0  -0.0126633 -0.00575528
  0.0206068   0.0126633           0   0.0194029
-0.00337948  0.00575528  -0.0194029           0
EndNode1[0]<--->Repeater1[0]
REAL
   0.42333  0.0156832 0.00271698   0.332928
 0.0156832  0.0874882  0.0142417 0.00671698
0.00271698  0.0142417  0.0865475 0.00129789
  0.332928 0.00671698 0.00129789   0.402634
IMAGINARY
          0 -0.00418637   0.0191267  0.00323086
 0.00418637           0   0.0224102   0.0146384
 -0.0191267  -0.0224102           0 -0.00552686
-0.00323086  -0.0146384  0.00552686           0
EndNode2[0]<--->HoM1[0]
REAL
  0.394528 0.00429298 0.00694077   0.324411
0.00429298  0.0829656  0.0102847  0.0144035
0.00694077  0.0102847  0.0926743  0.0116017
  0.324411  0.0144035  0.0116017   0.429832
IMAGINARY
          0 -0.00293652   0.0106356  -0.0174133
 0.00293652           0  -0.0155683 -0.00505943
 -0.0106356   0.0155683           0   0.0103715
  0.0174133  0.00505943  -0.0103715           0
Repeater1[0]<--->EndNode1[0]
REAL
   0.42333 0.00271698  0.0156832   0.332928
0.00271698  0.0865475  0.0142417 0.00129789
 0.0156832  0.0142417  0.0874882 0.00671698
  0.332928 0.00129789 0.00671698   0.402634
IMAGINARY
          0   0.0191267 -0.00418637  0.00323086
 -0.0191267           0  -0.0224102 -0.00552686
 0.00418637   0.0224102           0   0.0146384
-0.00323086  0.00552686  -0.0146384           0
Repeater1[0]<--->HoM1[0]
REAL
  0.394528 0.00694077 0.00429298   0.324411
0.00694077  0.0926743  0.0102847  0.0116017
0.00429298  0.0102847  0.0829656  0.0144035
  0.324411  0.0116017  0.0144035   0.429832
IMAGINARY
          0   0.0106356 -0.00293652  -0.0174133
 -0.0106356           0   0.0155683   0.0103715
 0.00293652  -0.0155683           0 -0.00505943
  0.0174133  -0.0103715  0.00505943           0
EndNode1[0]<--->Repeater1[0]
REAL
   0.406987  0.00223037  0.00135145    0.328842
 0.00223037   0.0829694 -0.00328105  0.00642057
 0.00135145 -0.00328105   0.0864629 -0.00309393
   0.328842  0.00642057 -0.00309393    0.423581
IMAGINARY
           0  -0.00647266    0.0108619  -0.00488153
  0.00647266            0  0.000937625  -0.00541721
  -0.0108619 -0.000937625            0    0.0110099
  0.00488153   0.00541721   -0.0110099            0
EndNode2[0]<--->HoM1[0]
REAL
   0.425942 0.000364546  -0.0216237    0.317878
0.000364546   0.0823839 -0.00785918 -0.00578655
 -0.0216237 -0.00785918    0.092901  -0.0135971
   0.317878 -0.00578655  -0.0135971    0.398773
IMAGINARY
          0  0.00180254   0.0109618 -0.00181488
-0.00180254           0 -0.00181488  0.00735816
 -0.0109618  0.00181488           0 -0.00671764
 0.00181488 -0.00735816  0.00671764           0
Repeater1[0]<--->EndNode1[0]
REAL
   0.406987  0.00135145  0.00223037    0.328842
 0.00135145   0.0864629 -0.00328105 -0.00309393
 0.00223037 -0.00328105   0.0829694  0.00642057
   0.328842 -0.00309393  0.00642057    0.423581
IMAGINARY
           0    0.0108619  -0.00647266  -0.00488153
  -0.0108619            0 -0.000937625    0.0110099
  0.00647266  0.000937625            0  -0.00541721
  0.00488153   -0.0110099   0.00541721            0
Repeater1[0]<--->HoM1[0]
REAL
   0.425942  -0.0216237 0.000364546    0.317878
 -0.0216237    0.092901 -0.00785918  -0.0135971
0.000364546 -0.00785918   0.0823839 -0.00578655
   0.317878  -0.0135971 -0.00578655    0.398773
IMAGINARY
          0   0.0109618  0.00180254 -0.00181488
 -0.0109618           0  0.00181488 -0.00671764
-0.00180254 -0.00181488           0  0.00735816
 0.00181488  0.00671764 -0.00735816           0
EndNode1[0]<--->Repeater1[0]
REAL
   0.406221 -0.00130402   0.0134369    0.313631
-0.00130402    0.094236  0.00912002 -0.00814586
  0.0134369  0.00912002   0.0878317  -0.0119235
   0.313631 -0.00814586  -0.0119235    0.411711
IMAGINARY
          0   0.0239989  -0.0191986  -0.0147341
 -0.0239989           0 -0.00407607  -0.0230947
  0.0191986  0.00407607           0  -0.0117809
  0.0147341   0.0230947   0.0117809           0
EndNode2[0]<--->HoM1[0]
REAL
   0.407439   0.0084613   0.0151619    0.327732
  0.0084613    0.103806 0.000946063  0.00159785
  0.0151619 0.000946063    0.099481   0.0157473
   0.327732  0.00159785   0.0157473    0.389273
IMAGINARY
          0 -0.00417123  0.00272661  0.00116279
 0.00417123           0 -0.00116279  -0.0143338
-0.00272661  0.00116279           0  0.00327837
-0.00116279   0.0143338 -0.00327837           0
Repeater1[0]<--->EndNode1[0]
REAL
   0.406221   0.0134369 -0.00130402    0.313631
  0.0134369   0.0878317  0.00912002  -0.0119235
-0.00130402  0.00912002    0.094236 -0.00814586
   0.313631  -0.0119235 -0.00814586    0.411711
IMAGINARY
          0  -0.0191986   0.0239989  -0.0147341
  0.0191986           0  0.00407607  -0.0117809
 -0.0239989 -0.00407607           0  -0.0230947
  0.0147341   0.0117809   0.0230947           0
Repeater1[0]<--->HoM1[0]
REAL
   0.407439   0.0151619   0.0084613    0.327732
  0.0151619    0.099481 0.000946063   0.0157473
  0.0084613 0.000946063    0.103806  0.00159785
   0.327732   0.0157473  0.00159785    0.389273
IMAGINARY
          0  0.00272661 -0.00417123  0.00116279
-0.00272661           0  0.00116279  0.00327837
 0.00417123 -0.00116279           0  -0.0143338
-0.00116279 -0.00327837   0.0143338           0
EndNode1[0]<--->Repeater1[0]
REAL
   0.435499  -0.0217431  0.00220196    0.323576
 -0.0217431    0.101555 -0.00750483   -0.014702
 0.00220196 -0.00750483   0.0786825  0.00388597
   0.323576   -0.014702  0.00388597    0.384263
IMAGINARY
           0 -0.000683354 -0.000400409   -0.0267474
 0.000683354            0   0.00341713  -0.00889013
 0.000400409  -0.00341713            0  -0.00522881
   0.0267474   0.00889013   0.00522881            0
EndNode2[0]<--->HoM1[0]
REAL
   0.400706  0.00216837 -0.00656929    0.310014
 0.00216837   0.0873786 -0.00473613   0.0252226
-0.00656929 -0.00473613   0.0873786  0.00738577
   0.310014   0.0252226  0.00738577    0.424537
IMAGINARY
          0  0.00856982 -0.00663487  0.00311148
-0.00856982           0   -0.011199 -0.00346171
 0.00663487    0.011199           0  0.00416065
-0.00311148  0.00346171 -0.00416065           0
Repeater1[0]<--->EndNode1[0]
REAL
   0.435499  0.00220196  -0.0217431    0.323576
 0.00220196   0.0786825 -0.00750483  0.00388597
 -0.0217431 -0.00750483    0.101555   -0.014702
   0.323576  0.00388597   -0.014702    0.384263
IMAGINARY
           0 -0.000400409 -0.000683354   -0.0267474
 0.000400409            0  -0.00341713  -0.00522881
 0.000683354   0.00341713            0  -0.00889013
   0.0267474   0.00522881   0.00889013            0
Repeater1[0]<--->HoM1[0]
REAL
   0.400706 -0.00656929  0.00216837    0.310014
-0.00656929   0.0873786 -0.00473613  0.00738577
 0.00216837 -0.00473613   0.0873786   0.0252226
   0.310014  0.00738577   0.0252226    0.424537
IMAGINARY
          0 -0.00663487  0.00856982  0.00311148
 0.00663487           0    0.011199  0.00416065
-0.00856982   -0.011199           0 -0.00346171
-0.00311148 -0.00416065  0.00346171           0
EndNode1[0]<--->Repeater1[0]
REAL
    0.417502   -0.0134577     0.011228     0.326835
  -0.0134577    0.0975387 -0.000938003   0.00670723
    0.011228 -0.000938003    0.0856882   0.00777088
    0.326835   0.00670723   0.00777088     0.399271
IMAGINARY
           0    0.0041452   0.00589368    0.0111355
  -0.0041452            0  0.000690436  -0.00995139
 -0.00589368 -0.000690436            0  -0.00459606
  -0.0111355   0.00995139   0.00459606            0
EndNode2[0]<--->HoM1[0]
REAL
  0.433692 0.00801765 -0.0210563   0.328537
0.00801765  0.0994624 -0.0104383  0.0201422
-0.0210563 -0.0104383  0.0815412 -0.0061895
  0.328537  0.0201422 -0.0061895   0.385305
IMAGINARY
          0  -0.0102137 -0.00692316 -0.00702712
  0.0102137           0  -0.0114914 -0.00176852
 0.00692316   0.0114914           0  0.00426674
 0.00702712  0.00176852 -0.00426674           0
Repeater1[0]<--->EndNode1[0]
REAL
    0.417502     0.011228   -0.0134577     0.326835
    0.011228    0.0856882 -0.000938003   0.00777088
  -0.0134577 -0.000938003    0.0975387   0.00670723
    0.326835   0.00777088   0.00670723     0.399271
IMAGINARY
           0   0.00589368    0.0041452    0.0111355
 -0.00589368            0 -0.000690436  -0.00459606
  -0.0041452  0.000690436            0  -0.00995139
  -0.0111355   0.00459606   0.00995139            0
Repeater1[0]<--->HoM1[0]
REAL
  0.433692 -0.0210563 0.00801765   0.328537
-0.0210563  0.0815412 -0.0104383 -0.0061895
0.00801765 -0.0104383  0.0994624  0.0201422
  0.328537 -0.0061895  0.0201422   0.385305
IMAGINARY
          0 -0.00692316  -0.0102137 -0.00702712
 0.00692316           0   0.0114914  0.00426674
  0.0102137  -0.0114914           0 -0.00176852
 0.00702712 -0.00426674  0.00176852           0
EndNode1[0]<--->Repeater1[0]
REAL
   0.419014 -0.00705883  0.00562783     0.33015
-0.00705883   0.0827465  0.00049469  0.00154063
 0.00562783  0.00049469    0.090669   0.0133312
    0.33015  0.00154063   0.0133312     0.40757
IMAGINARY
           0  -0.00606087    0.0133333  -8.3867e-06
  0.00606087            0  0.000915828   0.00740807
  -0.0133333 -0.000915828            0   -0.0155631
  8.3867e-06  -0.00740807    0.0155631            0
EndNode2[0]<--->HoM1[0]
REAL
   0.431066   0.0146616  -0.0123601    0.314167
  0.0146616   0.0799632 -0.00311502  0.00701255
 -0.0123601 -0.00311502   0.0753676  -0.0253568
   0.314167  0.00701255  -0.0253568    0.413603
IMAGINARY
           0  -0.00019034    0.0201205  -0.00262937
  0.00019034            0 -1.61311e-05   -0.0115696
  -0.0201205  1.61311e-05            0  -0.00386006
  0.00262937    0.0115696   0.00386006            0
Repeater1[0]<--->EndNode1[0]
REAL
   0.419014  0.00562783 -0.00705883     0.33015
 0.00562783    0.090669  0.00049469   0.0133312
-0.00705883  0.00049469   0.0827465  0.00154063
    0.33015   0.0133312  0.00154063     0.40757
IMAGINARY
           0    0.0133333  -0.00606087  -8.3867e-06
  -0.0133333            0 -0.000915828   -0.0155631
  0.00606087  0.000915828            0   0.00740807
  8.3867e-06    0.0155631  -0.00740807            0
Repeater1[0]<--->HoM1[0]
REAL
   0.431066  -0.0123601   0.0146616    0.314167
 -0.0123601   0.0753676 -0.00311502  -0.0253568
  0.0146616 -0.00311502   0.0799632  0.00701255
   0.314167  -0.0253568  0.00701255    0.413603
IMAGINARY
           0    0.0201205  -0.00019034  -0.00262937
  -0.0201205            0  1.61311e-05  -0.00386006
  0.00019034 -1.61311e-05            0   -0.0115696
  0.00262937   0.00386006    0.0115696            0
EndNode1[0]<--->Repeater1[0]
REAL
   0.413453 -0.00926977  -0.0232023    0.327588
-0.00926977   0.0636771   0.0106744 -0.00822101
 -0.0232023   0.0106744    0.096861  -0.0119872
   0.327588 -0.00822101  -0.0119872    0.426009
IMAGINARY
           0  -0.00935294   0.00848239  -0.00427045
  0.00935294            0 -0.000780052  -0.00107175
 -0.00848239  0.000780052            0   0.00542967
  0.00427045   0.00107175  -0.00542967            0
EndNode2[0]<--->HoM1[0]
REAL
    0.44721 -0.00856706  0.00422785    0.314564
-0.00856706   0.0738197 -0.00273562 -0.00153968
 0.00422785 -0.00273562   0.0841202 -0.00666592
   0.314564 -0.00153968 -0.00666592     0.39485
IMAGINARY
           0      0.01545 -0.000220653     0.011707
    -0.01545            0  -0.00618211 -0.000220653
 0.000220653   0.00618211            0    0.0105871
   -0.011707  0.000220653   -0.0105871            0
Repeater1[0]<--->EndNode1[0]
REAL
   0.413453  -0.0232023 -0.00926977    0.327588
 -0.0232023    0.096861   0.0106744  -0.0119872
-0.00926977   0.0106744   0.0636771 -0.00822101
   0.327588  -0.0119872 -0.00822101    0.426009
IMAGINARY
           0   0.00848239  -0.00935294  -0.00427045
 -0.00848239            0  0.000780052   0.00542967
  0.00935294 -0.000780052            0  -0.00107175
  0.00427045  -0.00542967   0.00107175            0
Repeater1[0]<--->HoM1[0]
REAL
    0.44721  0.00422785 -0.00856706    0.314564
 0.00422785   0.0841202 -0.00273562 -0.00666592
-0.00856706 -0.00273562   0.0738197 -0.00153968
   0.314564 -0.00666592 -0.00153968     0.39485
IMAGINARY
           0 -0.000220653      0.01545     0.011707
 0.000220653            0   0.00618211    0.0105871
    -0.01545  -0.00618211            0 -0.000220653
   -0.011707   -0.0105871  0.000220653            0
