EndNode1[0]<--->Repeater1[0]
REAL
   0.388032  -0.0134279 0.000799896    0.330141
 -0.0134279   0.0906848  0.00408041 -0.00820072
0.000799896  0.00408041   0.0937693 -0.00344602
   0.330141 -0.00820072 -0.00344602    0.427514
IMAGINARY
          0   0.0104303  0.00134214  0.00266437
 -0.0104303           0  -0.0145975  -0.0122512
-0.00134214   0.0145975           0 -0.00982428
-0.00266437   0.0122512  0.00982428           0
EndNode2[0]<--->HoM1[0]
REAL
   0.399879   0.0139901  0.00911069    0.330259
  0.0139901   0.0898058 -0.00125333  0.00197227
 0.00911069 -0.00125333   0.0837379   0.0059592
   0.330259  0.00197227   0.0059592    0.426578
IMAGINARY
          0  -0.0142882  0.00387207  -0.0106354
  0.0142882           0  0.00327814   0.0102165
-0.00387207 -0.00327814           0  0.00307491
  0.0106354  -0.0102165 -0.00307491           0
Repeater1[0]<--->EndNode1[0]
REAL
   0.388032 0.000799896  -0.0134279    0.330141
0.000799896   0.0937693  0.00408041 -0.00344602
 -0.0134279  0.00408041   0.0906848 -0.00820072
   0.330141 -0.00344602 -0.00820072    0.427514
IMAGINARY
          0  0.00134214   0.0104303  0.00266437
-0.00134214           0   0.0145975 -0.00982428
 -0.0104303  -0.0145975           0  -0.0122512
-0.00266437  0.00982428   0.0122512           0
Repeater1[0]<--->HoM1[0]
REAL
   0.399879  0.00911069   0.0139901    0.330259
 0.00911069   0.0837379 -0.00125333   0.0059592
  0.0139901 -0.00125333   0.0898058  0.00197227
   0.330259   0.0059592  0.00197227    0.426578
IMAGINARY
          0  0.00387207  -0.0142882  -0.0106354
-0.00387207           0 -0.00327814  0.00307491
  0.0142882  0.00327814           0   0.0102165
  0.0106354 -0.00307491  -0.0102165           0
EndNode1[0]<--->Repeater1[0]
REAL
   0.399878 -0.00829394  0.00420363    0.319251
-0.00829394   0.0787546 -0.00278313 -0.00828911
 0.00420363 -0.00278313   0.0811966  0.00169431
   0.319251 -0.00828911  0.00169431    0.440171
IMAGINARY
          0   0.0024931  0.00302663  0.00614572
 -0.0024931           0   0.0125677  0.00242131
-0.00302663  -0.0125677           0 -0.00309843
-0.00614572 -0.00242131  0.00309843           0
EndNode2[0]<--->HoM1[0]
REAL
   0.424848 -0.00609569   0.0124323    0.314136
-0.00609569   0.0951515  0.00383408 -0.00718144
  0.0124323  0.00383408   0.0812121  0.00667912
   0.314136 -0.00718144  0.00667912    0.398788
IMAGINARY
          0  0.00373904  -0.0108586 -0.00506668
-0.00373904           0 -0.00883043 -0.00233238
  0.0108586  0.00883043           0  0.00191422
 0.00506668  0.00233238 -0.00191422           0
Repeater1[0]<--->EndNode1[0]
REAL
   0.399878  0.00420363 -0.00829394    0.319251
 0.00420363   0.0811966 -0.00278313  0.00169431
-0.00829394 -0.00278313   0.0787546 -0.00828911
   0.319251  0.00169431 -0.00828911    0.440171
IMAGINARY
          0  0.00302663   0.0024931  0.00614572
-0.00302663           0  -0.0125677 -0.00309843
 -0.0024931   0.0125677           0  0.00242131
-0.00614572  0.00309843 -0.00242131           0
Repeater1[0]<--->HoM1[0]
REAL
   0.424848   0.0124323 -0.00609569    0.314136
  0.0124323   0.0812121  0.00383408  0.00667912
-0.00609569  0.00383408   0.0951515 -0.00718144
   0.314136  0.00667912 -0.00718144    0.398788
IMAGINARY
          0  -0.0108586  0.00373904 -0.00506668
  0.0108586           0  0.00883043  0.00191422
-0.00373904 -0.00883043           0 -0.00233238
 0.00506668 -0.00191422  0.00233238           0
EndNode1[0]<--->Repeater1[0]
REAL
   0.428406   0.0173207   0.0172465    0.316606
  0.0173207   0.0933333  0.00671336 0.000302573
  0.0172465  0.00671336   0.0805797  0.00677214
   0.316606 0.000302573  0.00677214    0.397681
IMAGINARY
          0  0.00957379 -0.00830267 -0.00160519
-0.00957379           0  0.00946492  0.00532293
 0.00830267 -0.00946492           0 -0.00123053
 0.00160519 -0.00532293  0.00123053           0
EndNode2[0]<--->HoM1[0]
REAL
    0.412322 -0.000786892   0.00452662      0.32367
-0.000786892     0.089455   0.00997333   -0.0110443
  0.00452662   0.00997333    0.0888626   -0.0020064
     0.32367   -0.0110443   -0.0020064      0.40936
IMAGINARY
          0  0.00368963  0.00709074 -0.00207199
-0.00368963           0  0.00389459  0.00306597
-0.00709074 -0.00389459           0  0.00878861
 0.00207199 -0.00306597 -0.00878861           0
Repeater1[0]<--->EndNode1[0]
REAL
   0.428406   0.0172465   0.0173207    0.316606
  0.0172465   0.0805797  0.00671336  0.00677214
  0.0173207  0.00671336   0.0933333 0.000302573
   0.316606  0.00677214 0.000302573    0.397681
IMAGINARY
          0 -0.00830267  0.00957379 -0.00160519
 0.00830267           0 -0.00946492 -0.00123053
-0.00957379  0.00946492           0  0.00532293
 0.00160519  0.00123053 -0.00532293           0
Repeater1[0]<--->HoM1[0]
REAL
    0.412322   0.00452662 -0.000786892      0.32367
  0.00452662    0.0888626   0.00997333   -0.0020064
-0.000786892   0.00997333     0.089455   -0.0110443
     0.32367   -0.0020064   -0.0110443      0.40936
IMAGINARY
          0  0.00709074  0.00368963 -0.00207199
-0.00709074           0 -0.00389459  0.00878861
-0.00368963  0.00389459           0  0.00306597
 0.00207199 -0.00878861 -0.00306597           0
EndNode1[0]<--->Repeater1[0]
REAL
   0.431967  0.00880439  0.00238519    0.317124
 0.00880439   0.0897207 -0.00111395  0.00478327
 0.00238519 -0.00111395   0.0742721  0.00553253
   0.317124  0.00478327  0.00553253     0.40404
IMAGINARY
           0 -0.000196805   0.00177141   -0.0130244
 0.000196805            0    0.0112236  -0.00115942
 -0.00177141   -0.0112236            0  -0.00592315
   0.0130244   0.00115942   0.00592315            0
EndNode2[0]<--->HoM1[0]
REAL
   0.418331 -0.00597206 -0.00328725    0.318029
-0.00597206   0.0893067  -0.0076025  -0.0162625
-0.00328725  -0.0076025   0.0904818  0.00300998
   0.318029  -0.0162625  0.00300998     0.40188
IMAGINARY
          0  0.00540784 -0.00447884  -0.0239128
-0.00540784           0  0.00296888  0.00909991
 0.00447884 -0.00296888           0   0.0103038
  0.0239128 -0.00909991  -0.0103038           0
Repeater1[0]<--->EndNode1[0]
REAL
   0.431967  0.00238519  0.00880439    0.317124
 0.00238519   0.0742721 -0.00111395  0.00553253
 0.00880439 -0.00111395   0.0897207  0.00478327
   0.317124  0.00553253  0.00478327     0.40404
IMAGINARY
           0   0.00177141 -0.000196805   -0.0130244
 -0.00177141            0   -0.0112236  -0.00592315
 0.000196805    0.0112236            0  -0.00115942
   0.0130244   0.00592315   0.00115942            0
Repeater1[0]<--->HoM1[0]
REAL
   0.418331 -0.00328725 -0.00597206    0.318029
-0.00328725   0.0904818  -0.0076025  0.00300998
-0.00597206  -0.0076025   0.0893067  -0.0162625
   0.318029  0.00300998  -0.0162625     0.40188
IMAGINARY
          0 -0.00447884  0.00540784  -0.0239128
 0.00447884           0 -0.00296888   0.0103038
-0.00540784  0.00296888           0  0.00909991
  0.0239128  -0.0103038 -0.00909991           0
EndNode1[0]<--->Repeater1[0]
REAL
   0.434402   0.0127824  0.00526804    0.349836
  0.0127824   0.0810496  0.00212959 -0.00465379
 0.00526804  0.00212959   0.0822157  -0.0127824
   0.349836 -0.00465379  -0.0127824    0.402332
IMAGINARY
           0   0.00412956  0.000306924  -0.00598271
 -0.00412956            0    0.0113784  0.000610507
-0.000306924   -0.0113784            0  0.000457593
  0.00598271 -0.000610507 -0.000457593            0
EndNode2[0]<--->HoM1[0]
REAL
   0.402693 -0.00730632 -0.00160579    0.334194
-0.00730632    0.100979 -0.00865458  0.00939956
-0.00160579 -0.00865458   0.0856793 0.000112077
   0.334194  0.00939956 0.000112077    0.410649
IMAGINARY
           0   -0.0114637 -0.000852926  0.000819515
   0.0114637            0   0.00859154  -0.00297285
 0.000852926  -0.00859154            0   0.00292928
-0.000819515   0.00297285  -0.00292928            0
Repeater1[0]<--->EndNode1[0]
REAL
   0.434402  0.00526804   0.0127824    0.349836
 0.00526804   0.0822157  0.00212959  -0.0127824
  0.0127824  0.00212959   0.0810496 -0.00465379
   0.349836  -0.0127824 -0.00465379    0.402332
IMAGINARY
           0  0.000306924   0.00412956  -0.00598271
-0.000306924            0   -0.0113784  0.000457593
 -0.00412956    0.0113784            0  0.000610507
  0.00598271 -0.000457593 -0.000610507            0
Repeater1[0]<--->HoM1[0]
REAL
   0.402693 -0.00160579 -0.00730632    0.334194
-0.00160579   0.0856793 -0.00865458 0.000112077
-0.00730632 -0.00865458    0.100979  0.00939956
   0.334194 0.000112077  0.00939956    0.410649
IMAGINARY
           0 -0.000852926   -0.0114637  0.000819515
 0.000852926            0  -0.00859154   0.00292928
   0.0114637   0.00859154            0  -0.00297285
-0.000819515  -0.00292928   0.00297285            0
EndNode1[0]<--->Repeater1[0]
REAL
    0.399634 -0.000911781   0.00222609     0.337383
-0.000911781    0.0835876   0.00244903    0.0178699
  0.00222609   0.00244903    0.0829774   0.00241148
    0.337383    0.0178699   0.00241148     0.433801
IMAGINARY
           0  0.000500382   0.00684558  -0.00840571
-0.000500382            0  -0.00035562   0.00395874
 -0.00684558   0.00035562            0   -0.0083035
  0.00840571  -0.00395874    0.0083035            0
EndNode2[0]<--->HoM1[0]
REAL
   0.406654 -0.00341605 -0.00180645    0.320738
-0.00341605    0.102896 -0.00572273 -0.00149685
-0.00180645 -0.00572273   0.0918053  0.00251515
   0.320738 -0.00149685  0.00251515    0.398644
IMAGINARY
          0 -0.00455429 -0.00753277  -0.0231639
 0.00455429           0 -0.00373774  -0.0113676
 0.00753277  0.00373774           0  0.00913619
  0.0231639   0.0113676 -0.00913619           0
Repeater1[0]<--->EndNode1[0]
REAL
    0.399634   0.00222609 -0.000911781     0.337383
  0.00222609    0.0829774   0.00244903   0.00241148
-0.000911781   0.00244903    0.0835876    0.0178699
    0.337383   0.00241148    0.0178699     0.433801
IMAGINARY
           0   0.00684558  0.000500382  -0.00840571
 -0.00684558            0   0.00035562   -0.0083035
-0.000500382  -0.00035562            0   0.00395874
  0.00840571    0.0083035  -0.00395874            0
Repeater1[0]<--->HoM1[0]
REAL
   0.406654 -0.00180645 -0.00341605    0.320738
-0.00180645   0.0918053 -0.00572273  0.00251515
-0.00341605 -0.00572273    0.102896 -0.00149685
   0.320738  0.00251515 -0.00149685    0.398644
IMAGINARY
          0 -0.00753277 -0.00455429  -0.0231639
 0.00753277           0  0.00373774  0.00913619
 0.00455429 -0.00373774           0  -0.0113676
  0.0231639 -0.00913619   0.0113676           0
EndNode1[0]<--->Repeater1[0]
REAL
   0.407628  -0.0123972  -0.0162458    0.318668
 -0.0123972   0.0756853 -0.00278164 -0.00222711
 -0.0162458 -0.00278164   0.0983313 -0.00669148
   0.318668 -0.00222711 -0.00669148    0.418355
IMAGINARY
          0  0.00244835 -0.00378607  -0.0116313
-0.00244835           0  0.00132829  0.00408565
 0.00378607 -0.00132829           0   0.0104336
  0.0116313 -0.00408565  -0.0104336           0
EndNode2[0]<--->HoM1[0]
REAL
   0.418427     0.00121  0.00736601    0.320643
    0.00121   0.0798122  0.00312957  -0.0165322
 0.00736601  0.00312957   0.0915493 -0.00801071
   0.320643  -0.0165322 -0.00801071    0.410211
IMAGINARY
           0   -0.0122808 -0.000122362   0.00529682
   0.0122808            0   0.00944374   0.00900173
 0.000122362  -0.00944374            0   0.00830035
 -0.00529682  -0.00900173  -0.00830035            0
Repeater1[0]<--->EndNode1[0]
REAL
   0.407628  -0.0162458  -0.0123972    0.318668
 -0.0162458   0.0983313 -0.00278164 -0.00669148
 -0.0123972 -0.00278164   0.0756853 -0.00222711
   0.318668 -0.00669148 -0.00222711    0.418355
IMAGINARY
          0 -0.00378607  0.00244835  -0.0116313
 0.00378607           0 -0.00132829   0.0104336
-0.00244835  0.00132829           0  0.00408565
  0.0116313  -0.0104336 -0.00408565           0
Repeater1[0]<--->HoM1[0]
REAL
   0.418427  0.00736601     0.00121    0.320643
 0.00736601   0.0915493  0.00312957 -0.00801071
    0.00121  0.00312957   0.0798122  -0.0165322
   0.320643 -0.00801071  -0.0165322    0.410211
IMAGINARY
           0 -0.000122362   -0.0122808   0.00529682
 0.000122362            0  -0.00944374   0.00830035
   0.0122808   0.00944374            0   0.00900173
 -0.00529682  -0.00830035  -0.00900173            0
EndNode1[0]<--->Repeater1[0]
REAL
   0.420219 -0.00147086  0.00399458    0.321867
-0.00147086    0.102923 -0.00166248 -0.00249127
 0.00399458 -0.00166248   0.0816078 -0.00484303
   0.321867 -0.00249127 -0.00484303     0.39525
IMAGINARY
           0 -0.000194798  0.000182329  -0.00848152
 0.000194798            0  -0.00878038  -0.00523283
-0.000182329   0.00878038            0    0.0117813
  0.00848152   0.00523283   -0.0117813            0
EndNode2[0]<--->HoM1[0]
REAL
  0.410394  0.0131089 -0.0191631   0.325712
 0.0131089  0.0848268    0.01201  0.0102837
-0.0191631    0.01201  0.0913978 -0.0140274
  0.325712  0.0102837 -0.0140274   0.413381
IMAGINARY
           0     0.015024   0.00578712    0.0075664
   -0.015024            0   -0.0075664 -0.000378468
 -0.00578712    0.0075664            0 -6.93889e-18
  -0.0075664  0.000378468  6.93889e-18            0
Repeater1[0]<--->EndNode1[0]
REAL
   0.420219  0.00399458 -0.00147086    0.321867
 0.00399458   0.0816078 -0.00166248 -0.00484303
-0.00147086 -0.00166248    0.102923 -0.00249127
   0.321867 -0.00484303 -0.00249127     0.39525
IMAGINARY
           0  0.000182329 -0.000194798  -0.00848152
-0.000182329            0   0.00878038    0.0117813
 0.000194798  -0.00878038            0  -0.00523283
  0.00848152   -0.0117813   0.00523283            0
Repeater1[0]<--->HoM1[0]
REAL
  0.410394 -0.0191631  0.0131089   0.325712
-0.0191631  0.0913978    0.01201 -0.0140274
 0.0131089    0.01201  0.0848268  0.0102837
  0.325712 -0.0140274  0.0102837   0.413381
IMAGINARY
           0   0.00578712     0.015024    0.0075664
 -0.00578712            0    0.0075664 -6.93889e-18
   -0.015024   -0.0075664            0 -0.000378468
  -0.0075664  6.93889e-18  0.000378468            0
EndNode1[0]<--->Repeater1[0]
REAL
   0.434594   0.0162149 -0.00266752    0.327129
  0.0162149   0.0793552  0.00519558   0.0159847
-0.00266752  0.00519558   0.0750155  0.00255027
   0.327129   0.0159847  0.00255027    0.411035
IMAGINARY
           0   0.00273224   0.00550339   -0.0056955
 -0.00273224            0 -0.000207691   -0.0182224
 -0.00550339  0.000207691            0  -0.00301489
   0.0056955    0.0182224   0.00301489            0
EndNode2[0]<--->HoM1[0]
REAL
   0.406829 -0.00248029 -0.00135297    0.329143
-0.00248029   0.0815972 -0.00681374 -0.00404919
-0.00135297 -0.00681374   0.0931713  -0.0185281
   0.329143 -0.00404919  -0.0185281    0.418403
IMAGINARY
          0  -0.0157336  0.00539449  -0.0185077
  0.0157336           0 -0.00928702   0.0230559
-0.00539449  0.00928702           0 -0.00363684
  0.0185077  -0.0230559  0.00363684           0
Repeater1[0]<--->EndNode1[0]
REAL
   0.434594 -0.00266752   0.0162149    0.327129
-0.00266752   0.0750155  0.00519558  0.00255027
  0.0162149  0.00519558   0.0793552   0.0159847
   0.327129  0.00255027   0.0159847    0.411035
IMAGINARY
           0   0.00550339   0.00273224   -0.0056955
 -0.00550339            0  0.000207691  -0.00301489
 -0.00273224 -0.000207691            0   -0.0182224
   0.0056955   0.00301489    0.0182224            0
Repeater1[0]<--->HoM1[0]
REAL
   0.406829 -0.00135297 -0.00248029    0.329143
-0.00135297   0.0931713 -0.00681374  -0.0185281
-0.00248029 -0.00681374   0.0815972 -0.00404919
   0.329143  -0.0185281 -0.00404919    0.418403
IMAGINARY
          0  0.00539449  -0.0157336  -0.0185077
-0.00539449           0  0.00928702 -0.00363684
  0.0157336 -0.00928702           0   0.0230559
  0.0185077  0.00363684  -0.0230559           0
EndNode1[0]<--->Repeater1[0]
REAL
    0.404167   -0.0079712  -0.00560288     0.328418
  -0.0079712    0.0869048  -0.00574025   0.00319033
 -0.00560288  -0.00574025     0.089881 -0.000472704
    0.328418   0.00319033 -0.000472704     0.419048
IMAGINARY
          0 -0.00590929  0.00760665  0.00117533
 0.00590929           0 -0.00988404   0.0103389
-0.00760665  0.00988404           0 -0.00708576
-0.00117533  -0.0103389  0.00708576           0
EndNode2[0]<--->HoM1[0]
REAL
    0.414129   0.00192403   0.00618588     0.317222
  0.00192403    0.0876979  -0.00236232  -0.00862193
  0.00618588  -0.00236232    0.0809988 -0.000706007
    0.317222  -0.00862193 -0.000706007     0.417174
IMAGINARY
          0  0.00594753  0.00400896  0.00642682
-0.00594753           0   0.0120917  0.00340944
-0.00400896  -0.0120917           0  -0.0098051
-0.00642682 -0.00340944   0.0098051           0
Repeater1[0]<--->EndNode1[0]
REAL
    0.404167  -0.00560288   -0.0079712     0.328418
 -0.00560288     0.089881  -0.00574025 -0.000472704
  -0.0079712  -0.00574025    0.0869048   0.00319033
    0.328418 -0.000472704   0.00319033     0.419048
IMAGINARY
          0  0.00760665 -0.00590929  0.00117533
-0.00760665           0  0.00988404 -0.00708576
 0.00590929 -0.00988404           0   0.0103389
-0.00117533  0.00708576  -0.0103389           0
Repeater1[0]<--->HoM1[0]
REAL
    0.414129   0.00618588   0.00192403     0.317222
  0.00618588    0.0809988  -0.00236232 -0.000706007
  0.00192403  -0.00236232    0.0876979  -0.00862193
    0.317222 -0.000706007  -0.00862193     0.417174
IMAGINARY
          0  0.00400896  0.00594753  0.00642682
-0.00400896           0  -0.0120917  -0.0098051
-0.00594753   0.0120917           0  0.00340944
-0.00642682   0.0098051 -0.00340944           0
EndNode1[0]<--->Repeater1[0]
REAL
     0.40282   -0.0186287  -0.00656575     0.323228
  -0.0186287     0.091355 -0.000590594  -0.00626972
 -0.00656575 -0.000590594    0.0895156  -0.00704225
    0.323228  -0.00626972  -0.00704225     0.416309
IMAGINARY
          0  0.00979261  -0.0015059   0.0051794
-0.00979261           0  0.00487545  -0.0067814
  0.0015059 -0.00487545           0 -0.00825793
 -0.0051794   0.0067814  0.00825793           0
EndNode2[0]<--->HoM1[0]
REAL
    0.406195 -0.000151175   0.00378706     0.323011
-0.000151175    0.0929281   0.00162466   0.00349449
  0.00378706   0.00162466     0.087668    0.0165347
    0.323011   0.00349449    0.0165347     0.413209
IMAGINARY
           0  -0.00294683    0.0121782  0.000345567
  0.00294683            0   0.00564812  -0.00747783
  -0.0121782  -0.00564812            0  -0.00175352
-0.000345567   0.00747783   0.00175352            0
Repeater1[0]<--->EndNode1[0]
REAL
     0.40282  -0.00656575   -0.0186287     0.323228
 -0.00656575    0.0895156 -0.000590594  -0.00704225
  -0.0186287 -0.000590594     0.091355  -0.00626972
    0.323228  -0.00704225  -0.00626972     0.416309
IMAGINARY
          0  -0.0015059  0.00979261   0.0051794
  0.0015059           0 -0.00487545 -0.00825793
-0.00979261  0.00487545           0  -0.0067814
 -0.0051794  0.00825793   0.0067814           0
Repeater1[0]<--->HoM1[0]
REAL
    0.406195   0.00378706 -0.000151175     0.323011
  0.00378706     0.087668   0.00162466    0.0165347
-0.000151175   0.00162466    0.0929281   0.00349449
    0.323011    0.0165347   0.00349449     0.413209
IMAGINARY
           0    0.0121782  -0.00294683  0.000345567
  -0.0121782            0  -0.00564812  -0.00175352
  0.00294683   0.00564812            0  -0.00747783
-0.000345567   0.00175352   0.00747783            0
EndNode1[0]<--->Repeater1[0]
REAL
   0.403465  0.00422283   0.0027504    0.328351
 0.00422283   0.0983911  -0.0106617 -0.00515714
  0.0027504  -0.0106617    0.085396  -0.0156548
   0.328351 -0.00515714  -0.0156548    0.412748
IMAGINARY
          0   0.0071815   0.0018656   0.0115733
 -0.0071815           0   -0.003742  -0.0194919
 -0.0018656    0.003742           0 -0.00365623
 -0.0115733   0.0194919  0.00365623           0
EndNode2[0]<--->HoM1[0]
REAL
    0.413834   0.00445867   0.00932581     0.324425
  0.00445867    0.0816935    0.0104167 -0.000841651
  0.00932581    0.0104167    0.0870602   0.00628794
    0.324425 -0.000841651   0.00628794     0.417412
IMAGINARY
          0   0.0135095  -0.0131327  0.00764253
 -0.0135095           0    0.001181 -0.00305329
  0.0131327   -0.001181           0  0.00149936
-0.00764253  0.00305329 -0.00149936           0
Repeater1[0]<--->EndNode1[0]
REAL
   0.403465   0.0027504  0.00422283    0.328351
  0.0027504    0.085396  -0.0106617  -0.0156548
 0.00422283  -0.0106617   0.0983911 -0.00515714
   0.328351  -0.0156548 -0.00515714    0.412748
IMAGINARY
          0   0.0018656   0.0071815   0.0115733
 -0.0018656           0    0.003742 -0.00365623
 -0.0071815   -0.003742           0  -0.0194919
 -0.0115733  0.00365623   0.0194919           0
Repeater1[0]<--->HoM1[0]
REAL
    0.413834   0.00932581   0.00445867     0.324425
  0.00932581    0.0870602    0.0104167   0.00628794
  0.00445867    0.0104167    0.0816935 -0.000841651
    0.324425   0.00628794 -0.000841651     0.417412
IMAGINARY
          0  -0.0131327   0.0135095  0.00764253
  0.0131327           0   -0.001181  0.00149936
 -0.0135095    0.001181           0 -0.00305329
-0.00764253 -0.00149936  0.00305329           0
EndNode1[0]<--->Repeater1[0]
REAL
   0.407317  -0.0129353  0.00896462    0.327737
 -0.0129353   0.0878049  0.00108629  -0.0113176
 0.00896462  0.00108629   0.0969512 -0.00177056
   0.327737  -0.0113176 -0.00177056    0.407927
IMAGINARY
           0   0.00175625   -0.0011927  7.91041e-05
 -0.00175625            0   0.00285517 -0.000576173
   0.0011927  -0.00285517            0   -0.0106006
-7.91041e-05  0.000576173    0.0106006            0
EndNode2[0]<--->HoM1[0]
REAL
    0.402332 -0.000882353   0.00368999     0.314425
-0.000882353    0.0822157  0.000281053    0.0204277
  0.00368999  0.000281053    0.0810496    0.0114706
    0.314425    0.0204277    0.0114706     0.434402
IMAGINARY
          0 -0.00934945  0.00740005    0.012718
 0.00934945           0  0.00127224  -0.0205503
-0.00740005 -0.00127224           0   0.0224997
  -0.012718   0.0205503  -0.0224997           0
Repeater1[0]<--->EndNode1[0]
REAL
   0.407317  0.00896462  -0.0129353    0.327737
 0.00896462   0.0969512  0.00108629 -0.00177056
 -0.0129353  0.00108629   0.0878049  -0.0113176
   0.327737 -0.00177056  -0.0113176    0.407927
IMAGINARY
           0   -0.0011927   0.00175625  7.91041e-05
   0.0011927            0  -0.00285517   -0.0106006
 -0.00175625   0.00285517            0 -0.000576173
-7.91041e-05    0.0106006  0.000576173            0
Repeater1[0]<--->HoM1[0]
REAL
    0.402332   0.00368999 -0.000882353     0.314425
  0.00368999    0.0810496  0.000281053    0.0114706
-0.000882353  0.000281053    0.0822157    0.0204277
    0.314425    0.0114706    0.0204277     0.434402
IMAGINARY
          0  0.00740005 -0.00934945    0.012718
-0.00740005           0 -0.00127224   0.0224997
 0.00934945  0.00127224           0  -0.0205503
  -0.012718  -0.0224997   0.0205503           0
EndNode1[0]<--->Repeater1[0]
REAL
   0.425121  -0.0126276 -0.00629445    0.311577
 -0.0126276   0.0875604  0.00495934   0.0053892
-0.00629445  0.00495934   0.0815217  0.00568738
   0.311577   0.0053892  0.00568738    0.405797
IMAGINARY
          0 -0.00205799  -0.0157787  0.00567708
 0.00205799           0  0.00101508 -0.00732457
  0.0157787 -0.00101508           0  0.00861817
-0.00567708  0.00732457 -0.00861817           0
EndNode2[0]<--->HoM1[0]
REAL
  0.402512  0.0157941 0.00794906   0.326976
 0.0157941  0.0950957 -0.0148793 0.00173972
0.00794906 -0.0148793  0.0867225 -0.0131517
  0.326976 0.00173972 -0.0131517    0.41567
IMAGINARY
          0   0.0087024  0.00939262 -0.00800808
 -0.0087024           0 -0.00062801  -0.0052309
-0.00939262  0.00062801           0 -0.00454069
 0.00800808   0.0052309  0.00454069           0
Repeater1[0]<--->EndNode1[0]
REAL
   0.425121 -0.00629445  -0.0126276    0.311577
-0.00629445   0.0815217  0.00495934  0.00568738
 -0.0126276  0.00495934   0.0875604   0.0053892
   0.311577  0.00568738   0.0053892    0.405797
IMAGINARY
          0  -0.0157787 -0.00205799  0.00567708
  0.0157787           0 -0.00101508  0.00861817
 0.00205799  0.00101508           0 -0.00732457
-0.00567708 -0.00861817  0.00732457           0
Repeater1[0]<--->HoM1[0]
REAL
  0.402512 0.00794906  0.0157941   0.326976
0.00794906  0.0867225 -0.0148793 -0.0131517
 0.0157941 -0.0148793  0.0950957 0.00173972
  0.326976 -0.0131517 0.00173972    0.41567
IMAGINARY
          0  0.00939262   0.0087024 -0.00800808
-0.00939262           0  0.00062801 -0.00454069
 -0.0087024 -0.00062801           0  -0.0052309
 0.00800808  0.00454069   0.0052309           0
EndNode1[0]<--->Repeater1[0]
REAL
    0.40569  0.00486947  0.00651234    0.307909
 0.00486947   0.0841064 -0.00589183 -0.00777337
 0.00651234 -0.00589183   0.0946197  -0.0200019
   0.307909 -0.00777337  -0.0200019    0.415584
IMAGINARY
          0   0.0128885 -0.00653927   0.0131364
 -0.0128885           0  -0.0104207 -0.00803538
 0.00653927   0.0104207           0 -0.00366779
 -0.0131364  0.00803538  0.00366779           0
EndNode2[0]<--->HoM1[0]
REAL
  0.415366 0.00935318 -0.0028306   0.332246
0.00935318  0.0792317  0.0118401 -0.0097142
-0.0028306  0.0118401    0.10024 -0.0153269
  0.332246 -0.0097142 -0.0153269   0.405162
IMAGINARY
          0  -0.0100379 -0.00134293  0.00687643
  0.0100379           0  0.00482123  0.00014961
 0.00134293 -0.00482123           0  0.00466798
-0.00687643 -0.00014961 -0.00466798           0
Repeater1[0]<--->EndNode1[0]
REAL
    0.40569  0.00651234  0.00486947    0.307909
 0.00651234   0.0946197 -0.00589183  -0.0200019
 0.00486947 -0.00589183   0.0841064 -0.00777337
   0.307909  -0.0200019 -0.00777337    0.415584
IMAGINARY
          0 -0.00653927   0.0128885   0.0131364
 0.00653927           0   0.0104207 -0.00366779
 -0.0128885  -0.0104207           0 -0.00803538
 -0.0131364  0.00366779  0.00803538           0
Repeater1[0]<--->HoM1[0]
REAL
  0.415366 -0.0028306 0.00935318   0.332246
-0.0028306    0.10024  0.0118401 -0.0153269
0.00935318  0.0118401  0.0792317 -0.0097142
  0.332246 -0.0153269 -0.0097142   0.405162
IMAGINARY
          0 -0.00134293  -0.0100379  0.00687643
 0.00134293           0 -0.00482123  0.00466798
  0.0100379  0.00482123           0  0.00014961
-0.00687643 -0.00466798 -0.00014961           0
EndNode1[0]<--->Repeater1[0]
REAL
      0.3949  -0.00983267 -0.000107623     0.323309
 -0.00983267    0.0895522  -0.00109969    0.0069003
-0.000107623  -0.00109969      0.10199   0.00894667
    0.323309    0.0069003   0.00894667     0.413557
IMAGINARY
          0 -0.00696411   0.0135366 -0.00624202
 0.00696411           0   0.0028904  0.00389803
 -0.0135366  -0.0028904           0 -0.00548919
 0.00624202 -0.00389803  0.00548919           0
EndNode2[0]<--->HoM1[0]
REAL
   0.396635 -0.00399262 -0.00762412    0.323346
-0.00399262   0.0817308  0.00243355  0.00791841
-0.00762412  0.00243355   0.0907452 -0.00277607
   0.323346  0.00791841 -0.00277607    0.430889
IMAGINARY
           0   0.00393882    0.0100014    0.0115279
 -0.00393882            0 -0.000486889  -0.00624632
  -0.0100014  0.000486889            0  -0.00653848
  -0.0115279   0.00624632   0.00653848            0
Repeater1[0]<--->EndNode1[0]
REAL
      0.3949 -0.000107623  -0.00983267     0.323309
-0.000107623      0.10199  -0.00109969   0.00894667
 -0.00983267  -0.00109969    0.0895522    0.0069003
    0.323309   0.00894667    0.0069003     0.413557
IMAGINARY
          0   0.0135366 -0.00696411 -0.00624202
 -0.0135366           0  -0.0028904 -0.00548919
 0.00696411   0.0028904           0  0.00389803
 0.00624202  0.00548919 -0.00389803           0
Repeater1[0]<--->HoM1[0]
REAL
   0.396635 -0.00762412 -0.00399262    0.323346
-0.00762412   0.0907452  0.00243355 -0.00277607
-0.00399262  0.00243355   0.0817308  0.00791841
   0.323346 -0.00277607  0.00791841    0.430889
IMAGINARY
           0    0.0100014   0.00393882    0.0115279
  -0.0100014            0  0.000486889  -0.00653848
 -0.00393882 -0.000486889            0  -0.00624632
  -0.0115279   0.00653848   0.00624632            0
EndNode1[0]<--->Repeater1[0]
REAL
   0.419274   0.0228928 0.000335575    0.318863
  0.0228928   0.0801001  0.00411476  0.00962926
0.000335575  0.00411476   0.0969962 -0.00237695
   0.318863  0.00962926 -0.00237695     0.40363
IMAGINARY
          0  -0.0037781  0.00435536 -0.00636602
  0.0037781           0  0.00377535  0.00703553
-0.00435536 -0.00377535           0  -0.0106104
 0.00636602 -0.00703553   0.0106104           0
EndNode2[0]<--->HoM1[0]
REAL
    0.41657  0.00646595  0.00152644    0.330517
 0.00646595    0.094438 -0.00590126  -0.0122957
 0.00152644 -0.00590126   0.0840093  0.00676482
   0.330517  -0.0122957  0.00676482    0.404983
IMAGINARY
          0  0.00460138  0.00539808 -0.00223556
-0.00460138           0  -0.0104422 -0.00987569
-0.00539808   0.0104422           0  0.00704041
 0.00223556  0.00987569 -0.00704041           0
Repeater1[0]<--->EndNode1[0]
REAL
   0.419274 0.000335575   0.0228928    0.318863
0.000335575   0.0969962  0.00411476 -0.00237695
  0.0228928  0.00411476   0.0801001  0.00962926
   0.318863 -0.00237695  0.00962926     0.40363
IMAGINARY
          0  0.00435536  -0.0037781 -0.00636602
-0.00435536           0 -0.00377535  -0.0106104
  0.0037781  0.00377535           0  0.00703553
 0.00636602   0.0106104 -0.00703553           0
Repeater1[0]<--->HoM1[0]
REAL
    0.41657  0.00152644  0.00646595    0.330517
 0.00152644   0.0840093 -0.00590126  0.00676482
 0.00646595 -0.00590126    0.094438  -0.0122957
   0.330517  0.00676482  -0.0122957    0.404983
IMAGINARY
          0  0.00539808  0.00460138 -0.00223556
-0.00539808           0   0.0104422  0.00704041
-0.00460138  -0.0104422           0 -0.00987569
 0.00223556 -0.00704041  0.00987569           0
EndNode1[0]<--->Repeater1[0]
REAL
   0.409877 -0.00395964  0.00274203    0.318861
-0.00395964   0.0790123  0.00273548 -0.00743687
 0.00274203  0.00273548   0.0851852  -0.0101249
   0.318861 -0.00743687  -0.0101249    0.425926
IMAGINARY
          0   0.0109296  -0.0053321 -0.00932523
 -0.0109296           0 -0.00662901  -0.0103292
  0.0053321  0.00662901           0 -0.00396907
 0.00932523   0.0103292  0.00396907           0
EndNode2[0]<--->HoM1[0]
REAL
   0.412012   0.0166982   0.0049452    0.333347
  0.0166982   0.0780781 -0.00484457 -0.00615293
  0.0049452 -0.00484457   0.0870871  -0.0094518
   0.333347 -0.00615293  -0.0094518    0.422823
IMAGINARY
          0 -0.00414847   0.0121999 -6.5578e-05
 0.00414847           0  0.00325768  0.00951335
 -0.0121999 -0.00325768           0  -0.0199443
 6.5578e-05 -0.00951335   0.0199443           0
Repeater1[0]<--->EndNode1[0]
REAL
   0.409877  0.00274203 -0.00395964    0.318861
 0.00274203   0.0851852  0.00273548  -0.0101249
-0.00395964  0.00273548   0.0790123 -0.00743687
   0.318861  -0.0101249 -0.00743687    0.425926
IMAGINARY
          0  -0.0053321   0.0109296 -0.00932523
  0.0053321           0  0.00662901 -0.00396907
 -0.0109296 -0.00662901           0  -0.0103292
 0.00932523  0.00396907   0.0103292           0
Repeater1[0]<--->HoM1[0]
REAL
   0.412012   0.0049452   0.0166982    0.333347
  0.0049452   0.0870871 -0.00484457  -0.0094518
  0.0166982 -0.00484457   0.0780781 -0.00615293
   0.333347  -0.0094518 -0.00615293    0.422823
IMAGINARY
          0   0.0121999 -0.00414847 -6.5578e-05
 -0.0121999           0 -0.00325768  -0.0199443
 0.00414847  0.00325768           0  0.00951335
 6.5578e-05   0.0199443 -0.00951335           0
EndNode1[0]<--->Repeater1[0]
REAL
   0.406539 -0.00939899  0.00395657    0.319238
-0.00939899   0.0980876 -0.00175281 -0.00874278
 0.00395657 -0.00175281   0.0863664  0.00716542
   0.319238 -0.00874278  0.00716542    0.409007
IMAGINARY
          0 -0.00237655 -0.00127527  0.00653349
 0.00237655           0 -0.00564749  0.00973008
 0.00127527  0.00564749           0   0.0143299
-0.00653349 -0.00973008  -0.0143299           0
EndNode2[0]<--->HoM1[0]
REAL
   0.426737  -0.0174791  -0.0128815    0.318327
 -0.0174791   0.0776416 -0.00661155 -0.00654471
 -0.0128815 -0.00661155   0.0776416 -0.00254481
   0.318327 -0.00654471 -0.00254481     0.41798
IMAGINARY
          0   -0.025861    0.011395 -0.00863254
   0.025861           0  0.00464726 -0.00463825
  -0.011395 -0.00464726           0 -0.00116604
 0.00863254  0.00463825  0.00116604           0
Repeater1[0]<--->EndNode1[0]
REAL
   0.406539  0.00395657 -0.00939899    0.319238
 0.00395657   0.0863664 -0.00175281  0.00716542
-0.00939899 -0.00175281   0.0980876 -0.00874278
   0.319238  0.00716542 -0.00874278    0.409007
IMAGINARY
          0 -0.00127527 -0.00237655  0.00653349
 0.00127527           0  0.00564749   0.0143299
 0.00237655 -0.00564749           0  0.00973008
-0.00653349  -0.0143299 -0.00973008           0
Repeater1[0]<--->HoM1[0]
REAL
   0.426737  -0.0128815  -0.0174791    0.318327
 -0.0128815   0.0776416 -0.00661155 -0.00254481
 -0.0174791 -0.00661155   0.0776416 -0.00654471
   0.318327 -0.00254481 -0.00654471     0.41798
IMAGINARY
          0    0.011395   -0.025861 -0.00863254
  -0.011395           0 -0.00464726 -0.00116604
   0.025861  0.00464726           0 -0.00463825
 0.00863254  0.00116604  0.00463825           0
EndNode1[0]<--->Repeater1[0]
REAL
   0.407041  -0.0111951  -0.0100846    0.338863
 -0.0111951   0.0784435 -0.00108937 -0.00678925
 -0.0100846 -0.00108937   0.0889438 0.000241862
   0.338863 -0.00678925 0.000241862    0.425571
IMAGINARY
           0   -0.0117955  -0.00113959 -0.000167875
   0.0117955            0    0.0137986   0.00854919
  0.00113959   -0.0137986            0  0.000829284
 0.000167875  -0.00854919 -0.000829284            0
EndNode2[0]<--->HoM1[0]
REAL
     0.4072 -0.00900581  0.00177515    0.329644
-0.00900581    0.088144  0.00136688 -0.00177515
 0.00177515  0.00136688   0.0869025  0.00494077
   0.329644 -0.00177515  0.00494077    0.417753
IMAGINARY
           0   0.00105981   0.00672836  -0.00697718
 -0.00105981            0  -0.00138017  -0.00308759
 -0.00672836   0.00138017            0  0.000760583
  0.00697718   0.00308759 -0.000760583            0
Repeater1[0]<--->EndNode1[0]
REAL
   0.407041  -0.0100846  -0.0111951    0.338863
 -0.0100846   0.0889438 -0.00108937 0.000241862
 -0.0111951 -0.00108937   0.0784435 -0.00678925
   0.338863 0.000241862 -0.00678925    0.425571
IMAGINARY
           0  -0.00113959   -0.0117955 -0.000167875
  0.00113959            0   -0.0137986  0.000829284
   0.0117955    0.0137986            0   0.00854919
 0.000167875 -0.000829284  -0.00854919            0
Repeater1[0]<--->HoM1[0]
REAL
     0.4072  0.00177515 -0.00900581    0.329644
 0.00177515   0.0869025  0.00136688  0.00494077
-0.00900581  0.00136688    0.088144 -0.00177515
   0.329644  0.00494077 -0.00177515    0.417753
IMAGINARY
           0   0.00672836   0.00105981  -0.00697718
 -0.00672836            0   0.00138017  0.000760583
 -0.00105981  -0.00138017            0  -0.00308759
  0.00697718 -0.000760583   0.00308759            0
EndNode1[0]<--->Repeater1[0]
REAL
    0.399403   -0.0156793 -1.93106e-05     0.334652
  -0.0156793    0.0955224   0.00551904  -0.00396109
-1.93106e-05   0.00551904    0.0889552   0.00373813
    0.334652  -0.00396109   0.00373813     0.416119
IMAGINARY
          0  0.00498585  -0.0126772  0.00165043
-0.00498585           0  -0.0115803 -0.00975668
  0.0126772   0.0115803           0 -0.00344928
-0.00165043  0.00975668  0.00344928           0
EndNode2[0]<--->HoM1[0]
REAL
   0.404805  0.00577055 -0.00102114    0.321642
 0.00577055   0.0960961   0.0115927 0.000130933
-0.00102114   0.0115927   0.0906907 -0.00488034
   0.321642 0.000130933 -0.00488034    0.408408
IMAGINARY
           0  -0.00875242 -0.000822368  -0.00758328
  0.00875242            0   0.00232663   -0.0095943
 0.000822368  -0.00232663            0   -0.0114682
  0.00758328    0.0095943    0.0114682            0
Repeater1[0]<--->EndNode1[0]
REAL
    0.399403 -1.93106e-05   -0.0156793     0.334652
-1.93106e-05    0.0889552   0.00551904   0.00373813
  -0.0156793   0.00551904    0.0955224  -0.00396109
    0.334652   0.00373813  -0.00396109     0.416119
IMAGINARY
          0  -0.0126772  0.00498585  0.00165043
  0.0126772           0   0.0115803 -0.00344928
-0.00498585  -0.0115803           0 -0.00975668
-0.00165043  0.00344928  0.00975668           0
Repeater1[0]<--->HoM1[0]
REAL
   0.404805 -0.00102114  0.00577055    0.321642
-0.00102114   0.0906907   0.0115927 -0.00488034
 0.00577055   0.0115927   0.0960961 0.000130933
   0.321642 -0.00488034 0.000130933    0.408408
IMAGINARY
           0 -0.000822368  -0.00875242  -0.00758328
 0.000822368            0  -0.00232663   -0.0114682
  0.00875242   0.00232663            0   -0.0095943
  0.00758328    0.0114682    0.0095943            0
EndNode1[0]<--->Repeater1[0]
REAL
   0.400121 -0.00410501 0.000413802    0.330898
-0.00410501   0.0880389  0.00496794 -0.00436517
0.000413802  0.00496794   0.0837887  0.00136945
   0.330898 -0.00436517  0.00136945    0.428051
IMAGINARY
          0  -0.0103637  0.00153196  0.00454953
  0.0103637           0   0.0103246   0.0116733
-0.00153196  -0.0103246           0  0.00196029
-0.00454953  -0.0116733 -0.00196029           0
EndNode2[0]<--->HoM1[0]
REAL
   0.391765  0.00948269 -0.00255799    0.321961
 0.00948269        0.09 -0.00114809  -0.0128361
-0.00255799 -0.00114809   0.0941176  -0.0193349
   0.321961  -0.0128361  -0.0193349    0.424118
IMAGINARY
          0   0.0146146 -0.00859458 -0.00784634
 -0.0146146           0   0.0136334  -0.0149313
 0.00859458  -0.0136334           0  0.00116865
 0.00784634   0.0149313 -0.00116865           0
Repeater1[0]<--->EndNode1[0]
REAL
   0.400121 0.000413802 -0.00410501    0.330898
0.000413802   0.0837887  0.00496794  0.00136945
-0.00410501  0.00496794   0.0880389 -0.00436517
   0.330898  0.00136945 -0.00436517    0.428051
IMAGINARY
          0  0.00153196  -0.0103637  0.00454953
-0.00153196           0  -0.0103246  0.00196029
  0.0103637   0.0103246           0   0.0116733
-0.00454953 -0.00196029  -0.0116733           0
Repeater1[0]<--->HoM1[0]
REAL
   0.391765 -0.00255799  0.00948269    0.321961
-0.00255799   0.0941176 -0.00114809  -0.0193349
 0.00948269 -0.00114809        0.09  -0.0128361
   0.321961  -0.0193349  -0.0128361    0.424118
IMAGINARY
          0 -0.00859458   0.0146146 -0.00784634
 0.00859458           0  -0.0136334  0.00116865
 -0.0146146   0.0136334           0  -0.0149313
 0.00784634 -0.00116865   0.0149313           0
EndNode1[0]<--->Repeater1[0]
REAL
    0.414081   -0.0197066  -0.00516263     0.329683
  -0.0197066    0.0877088  -0.00154852 -0.000428898
 -0.00516263  -0.00154852    0.0924821  -0.00118806
    0.329683 -0.000428898  -0.00118806     0.405728
IMAGINARY
          0   -0.010364  0.00157917  0.00176533
   0.010364           0   0.0043923 -0.00608367
-0.00157917  -0.0043923           0  0.00706069
-0.00176533  0.00608367 -0.00706069           0
EndNode2[0]<--->HoM1[0]
REAL
    0.40472   0.0115263   0.0109697    0.333072
  0.0115263   0.0825959  0.00575568 -0.00425419
  0.0109697  0.00575568   0.0814159 -0.00847375
   0.333072 -0.00425419 -0.00847375    0.431268
IMAGINARY
          0  0.00579162     0.01279  -0.0114783
-0.00579162           0 -0.00166309 -0.00556982
   -0.01279  0.00166309           0 -0.00278319
  0.0114783  0.00556982  0.00278319           0
Repeater1[0]<--->EndNode1[0]
REAL
    0.414081  -0.00516263   -0.0197066     0.329683
 -0.00516263    0.0924821  -0.00154852  -0.00118806
  -0.0197066  -0.00154852    0.0877088 -0.000428898
    0.329683  -0.00118806 -0.000428898     0.405728
IMAGINARY
          0  0.00157917   -0.010364  0.00176533
-0.00157917           0  -0.0043923  0.00706069
   0.010364   0.0043923           0 -0.00608367
-0.00176533 -0.00706069  0.00608367           0
Repeater1[0]<--->HoM1[0]
REAL
    0.40472   0.0109697   0.0115263    0.333072
  0.0109697   0.0814159  0.00575568 -0.00847375
  0.0115263  0.00575568   0.0825959 -0.00425419
   0.333072 -0.00847375 -0.00425419    0.431268
IMAGINARY
          0     0.01279  0.00579162  -0.0114783
   -0.01279           0  0.00166309 -0.00278319
-0.00579162 -0.00166309           0 -0.00556982
  0.0114783  0.00278319  0.00556982           0
EndNode1[0]<--->Repeater1[0]
REAL
   0.423277  0.00228569   0.0129914    0.332053
 0.00228569   0.0868558 -0.00480193 -0.00751696
  0.0129914 -0.00480193    0.075275  0.00197221
   0.332053 -0.00751696  0.00197221    0.414592
IMAGINARY
          0 -0.00200296  0.00192254  -0.0191329
 0.00200296           0   0.0108489   0.0139225
-0.00192254  -0.0108489           0  -0.0114947
  0.0191329  -0.0139225   0.0114947           0
EndNode2[0]<--->HoM1[0]
REAL
   0.401511 -0.00164008 -0.00170235    0.326331
-0.00164008   0.0923881 -0.00222288   0.0103124
-0.00170235 -0.00222288    0.090645   0.0041001
   0.326331   0.0103124   0.0041001    0.415456
IMAGINARY
          0 -0.00294526  0.00200512  -0.0107616
 0.00294526           0  0.00662449 -0.00536082
-0.00200512 -0.00662449           0  0.00569083
  0.0107616  0.00536082 -0.00569083           0
Repeater1[0]<--->EndNode1[0]
REAL
   0.423277   0.0129914  0.00228569    0.332053
  0.0129914    0.075275 -0.00480193  0.00197221
 0.00228569 -0.00480193   0.0868558 -0.00751696
   0.332053  0.00197221 -0.00751696    0.414592
IMAGINARY
          0  0.00192254 -0.00200296  -0.0191329
-0.00192254           0  -0.0108489  -0.0114947
 0.00200296   0.0108489           0   0.0139225
  0.0191329   0.0114947  -0.0139225           0
Repeater1[0]<--->HoM1[0]
REAL
   0.401511 -0.00170235 -0.00164008    0.326331
-0.00170235    0.090645 -0.00222288   0.0041001
-0.00164008 -0.00222288   0.0923881   0.0103124
   0.326331   0.0041001   0.0103124    0.415456
IMAGINARY
          0  0.00200512 -0.00294526  -0.0107616
-0.00200512           0 -0.00662449  0.00569083
 0.00294526  0.00662449           0 -0.00536082
  0.0107616 -0.00569083  0.00536082           0
EndNode1[0]<--->Repeater1[0]
REAL
   0.405356 0.000422886   0.0150618    0.323329
0.000422886   0.0772976   0.0065215 -0.00461408
  0.0150618   0.0065215   0.0882532    0.016592
   0.323329 -0.00461408    0.016592    0.429093
IMAGINARY
           0 -0.000558924   -0.0220127    0.0105175
 0.000558924            0   0.00145851   0.00689783
   0.0220127  -0.00145851            0    0.0102324
  -0.0105175  -0.00689783   -0.0102324            0
EndNode2[0]<--->HoM1[0]
REAL
     0.41832  -0.00436401 -0.000922677     0.325591
 -0.00436401    0.0892649   0.00298084  -0.00181289
-0.000922677   0.00298084    0.0869312   -0.0105296
    0.325591  -0.00181289   -0.0105296     0.405484
IMAGINARY
          0 -0.00881032  0.00680525  0.00456418
 0.00881032           0   0.0120002 -0.00109268
-0.00680525  -0.0120002           0  0.00129378
-0.00456418  0.00109268 -0.00129378           0
Repeater1[0]<--->EndNode1[0]
REAL
   0.405356   0.0150618 0.000422886    0.323329
  0.0150618   0.0882532   0.0065215    0.016592
0.000422886   0.0065215   0.0772976 -0.00461408
   0.323329    0.016592 -0.00461408    0.429093
IMAGINARY
           0   -0.0220127 -0.000558924    0.0105175
   0.0220127            0  -0.00145851    0.0102324
 0.000558924   0.00145851            0   0.00689783
  -0.0105175   -0.0102324  -0.00689783            0
Repeater1[0]<--->HoM1[0]
REAL
     0.41832 -0.000922677  -0.00436401     0.325591
-0.000922677    0.0869312   0.00298084   -0.0105296
 -0.00436401   0.00298084    0.0892649  -0.00181289
    0.325591   -0.0105296  -0.00181289     0.405484
IMAGINARY
          0  0.00680525 -0.00881032  0.00456418
-0.00680525           0  -0.0120002  0.00129378
 0.00881032   0.0120002           0 -0.00109268
-0.00456418 -0.00129378  0.00109268           0
EndNode1[0]<--->Repeater1[0]
REAL
    0.403067   0.00400535    0.0117955      0.32392
  0.00400535    0.0907975 -0.000778654  -0.00999697
   0.0117955 -0.000778654     0.090184  -0.00520439
     0.32392  -0.00999697  -0.00520439     0.415951
IMAGINARY
          0  0.00423121 -0.00549222 -0.00556376
-0.00423121           0 -0.00167387 -0.00113429
 0.00549222  0.00167387           0  0.00661216
 0.00556376  0.00113429 -0.00661216           0
EndNode2[0]<--->HoM1[0]
REAL
  0.425369  0.0175075  0.0203997   0.318962
 0.0175075  0.0843658 0.00646236  0.0150426
 0.0203997 0.00646236  0.0908555  0.0109049
  0.318962  0.0150426  0.0109049    0.39941
IMAGINARY
           0  -0.00439541  -0.00420673  -0.00755112
  0.00439541            0 -0.000421546  -0.00420673
  0.00420673  0.000421546            0  -0.00281613
  0.00755112   0.00420673   0.00281613            0
Repeater1[0]<--->EndNode1[0]
REAL
    0.403067    0.0117955   0.00400535      0.32392
   0.0117955     0.090184 -0.000778654  -0.00520439
  0.00400535 -0.000778654    0.0907975  -0.00999697
     0.32392  -0.00520439  -0.00999697     0.415951
IMAGINARY
          0 -0.00549222  0.00423121 -0.00556376
 0.00549222           0  0.00167387  0.00661216
-0.00423121 -0.00167387           0 -0.00113429
 0.00556376 -0.00661216  0.00113429           0
Repeater1[0]<--->HoM1[0]
REAL
  0.425369  0.0203997  0.0175075   0.318962
 0.0203997  0.0908555 0.00646236  0.0109049
 0.0175075 0.00646236  0.0843658  0.0150426
  0.318962  0.0109049  0.0150426    0.39941
IMAGINARY
           0  -0.00420673  -0.00439541  -0.00755112
  0.00420673            0  0.000421546  -0.00281613
  0.00439541 -0.000421546            0  -0.00420673
  0.00755112   0.00281613   0.00420673            0
EndNode1[0]<--->Repeater1[0]
REAL
    0.411118  -0.00168152  -0.00917237     0.327719
 -0.00168152    0.0822235 -0.000682884  -0.00794688
 -0.00917237 -0.000682884    0.0874349   -0.0136668
    0.327719  -0.00794688   -0.0136668     0.419224
IMAGINARY
           0   0.00550482   -0.0029671    0.0137322
 -0.00550482            0 -0.000398878  -0.00176662
   0.0029671  0.000398878            0    0.0027792
  -0.0137322   0.00176662   -0.0027792            0
EndNode2[0]<--->HoM1[0]
REAL
    0.413134  -0.00427434   -0.0187553     0.313323
 -0.00427434    0.0901493 -0.000478636  -0.00479212
  -0.0187553 -0.000478636    0.0758209   -0.0131569
    0.313323  -0.00479212   -0.0131569     0.420896
IMAGINARY
          0   0.0087095  -0.0055817 -0.00320811
 -0.0087095           0 -0.00714512  0.00706891
  0.0055817  0.00714512           0 -0.00603252
 0.00320811 -0.00706891  0.00603252           0
Repeater1[0]<--->EndNode1[0]
REAL
    0.411118  -0.00917237  -0.00168152     0.327719
 -0.00917237    0.0874349 -0.000682884   -0.0136668
 -0.00168152 -0.000682884    0.0822235  -0.00794688
    0.327719   -0.0136668  -0.00794688     0.419224
IMAGINARY
           0   -0.0029671   0.00550482    0.0137322
   0.0029671            0  0.000398878    0.0027792
 -0.00550482 -0.000398878            0  -0.00176662
  -0.0137322   -0.0027792   0.00176662            0
Repeater1[0]<--->HoM1[0]
REAL
    0.413134   -0.0187553  -0.00427434     0.313323
  -0.0187553    0.0758209 -0.000478636   -0.0131569
 -0.00427434 -0.000478636    0.0901493  -0.00479212
    0.313323   -0.0131569  -0.00479212     0.420896
IMAGINARY
          0  -0.0055817   0.0087095 -0.00320811
  0.0055817           0  0.00714512 -0.00603252
 -0.0087095 -0.00714512           0  0.00706891
 0.00320811  0.00603252 -0.00706891           0
EndNode1[0]<--->Repeater1[0]
REAL
   0.407911  0.00893783  0.00194839    0.322777
 0.00893783   0.0828183   0.0040421   0.0133853
 0.00194839   0.0040421   0.0741656 -0.00442791
   0.322777   0.0133853 -0.00442791    0.435105
IMAGINARY
           0   -0.0245935   0.00320181   0.00459201
   0.0245935            0   -0.0145618   0.00713882
 -0.00320181    0.0145618            0  0.000870861
 -0.00459201  -0.00713882 -0.000870861            0
EndNode2[0]<--->HoM1[0]
REAL
   0.415663 -0.00386142 0.000291923    0.322018
-0.00386142   0.0813253  0.00238643  0.00268427
0.000291923  0.00238643   0.0927711 -0.00447192
   0.322018  0.00268427 -0.00447192    0.410241
IMAGINARY
           0  -0.00867852 -0.000504175   -0.0049856
  0.00867852            0  0.000358822   0.00418516
 0.000504175 -0.000358822            0   -0.0060454
   0.0049856  -0.00418516    0.0060454            0
Repeater1[0]<--->EndNode1[0]
REAL
   0.407911  0.00194839  0.00893783    0.322777
 0.00194839   0.0741656   0.0040421 -0.00442791
 0.00893783   0.0040421   0.0828183   0.0133853
   0.322777 -0.00442791   0.0133853    0.435105
IMAGINARY
           0   0.00320181   -0.0245935   0.00459201
 -0.00320181            0    0.0145618  0.000870861
   0.0245935   -0.0145618            0   0.00713882
 -0.00459201 -0.000870861  -0.00713882            0
Repeater1[0]<--->HoM1[0]
REAL
   0.415663 0.000291923 -0.00386142    0.322018
0.000291923   0.0927711  0.00238643 -0.00447192
-0.00386142  0.00238643   0.0813253  0.00268427
   0.322018 -0.00447192  0.00268427    0.410241
IMAGINARY
           0 -0.000504175  -0.00867852   -0.0049856
 0.000504175            0 -0.000358822   -0.0060454
  0.00867852  0.000358822            0   0.00418516
   0.0049856    0.0060454  -0.00418516            0
EndNode1[0]<--->Repeater1[0]
REAL
   0.397286  -0.0110167 0.000172193    0.330824
 -0.0110167   0.0950031 -0.00446972 -0.00940865
0.000172193 -0.00446972   0.0919186 -0.00191436
   0.330824 -0.00940865 -0.00191436    0.415793
IMAGINARY
          0 -0.00234944 -0.00638787 -0.00328135
 0.00234944           0   0.0104694  -0.0142004
 0.00638787  -0.0104694           0 -0.00294468
 0.00328135   0.0142004  0.00294468           0
EndNode2[0]<--->HoM1[0]
REAL
    0.41349  -0.0148423  0.00176757    0.317883
 -0.0148423   0.0920821  -0.0031824 -0.00887072
 0.00176757  -0.0031824   0.0803519 -0.00584949
   0.317883 -0.00887072 -0.00584949    0.414076
IMAGINARY
           0   0.00830213    0.0089921  -0.00180718
 -0.00830213            0    0.0053957  -0.00390532
  -0.0089921   -0.0053957            0  0.000375305
  0.00180718   0.00390532 -0.000375305            0
Repeater1[0]<--->EndNode1[0]
REAL
   0.397286 0.000172193  -0.0110167    0.330824
0.000172193   0.0919186 -0.00446972 -0.00191436
 -0.0110167 -0.00446972   0.0950031 -0.00940865
   0.330824 -0.00191436 -0.00940865    0.415793
IMAGINARY
          0 -0.00638787 -0.00234944 -0.00328135
 0.00638787           0  -0.0104694 -0.00294468
 0.00234944   0.0104694           0  -0.0142004
 0.00328135  0.00294468   0.0142004           0
Repeater1[0]<--->HoM1[0]
REAL
    0.41349  0.00176757  -0.0148423    0.317883
 0.00176757   0.0803519  -0.0031824 -0.00584949
 -0.0148423  -0.0031824   0.0920821 -0.00887072
   0.317883 -0.00584949 -0.00887072    0.414076
IMAGINARY
           0    0.0089921   0.00830213  -0.00180718
  -0.0089921            0   -0.0053957  0.000375305
 -0.00830213    0.0053957            0  -0.00390532
  0.00180718 -0.000375305   0.00390532            0
EndNode1[0]<--->Repeater1[0]
REAL
   0.418886  -0.0156481 -0.00346058    0.335944
 -0.0156481   0.0792978 -0.00805406 -0.00407711
-0.00346058 -0.00805406   0.0847458  0.00936665
   0.335944 -0.00407711  0.00936665     0.41707
IMAGINARY
          0 -0.00340011 -0.00123264  0.00549751
 0.00340011           0 -0.00909895  -0.0088222
 0.00123264  0.00909895           0   0.0110174
-0.00549751   0.0088222  -0.0110174           0
EndNode2[0]<--->HoM1[0]
REAL
   0.404089  0.00145881   0.0111159     0.32532
 0.00145881   0.0998196 -0.00340975 -0.00144984
  0.0111159 -0.00340975   0.0787733  0.00820727
    0.32532 -0.00144984  0.00820727    0.417318
IMAGINARY
          0  -0.0143274   0.0129416 -0.00462967
  0.0143274           0  -0.0169272    0.018059
 -0.0129416   0.0169272           0  -0.0197426
 0.00462967   -0.018059   0.0197426           0
Repeater1[0]<--->EndNode1[0]
REAL
   0.418886 -0.00346058  -0.0156481    0.335944
-0.00346058   0.0847458 -0.00805406  0.00936665
 -0.0156481 -0.00805406   0.0792978 -0.00407711
   0.335944  0.00936665 -0.00407711     0.41707
IMAGINARY
          0 -0.00123264 -0.00340011  0.00549751
 0.00123264           0  0.00909895   0.0110174
 0.00340011 -0.00909895           0  -0.0088222
-0.00549751  -0.0110174   0.0088222           0
Repeater1[0]<--->HoM1[0]
REAL
   0.404089   0.0111159  0.00145881     0.32532
  0.0111159   0.0787733 -0.00340975  0.00820727
 0.00145881 -0.00340975   0.0998196 -0.00144984
    0.32532  0.00820727 -0.00144984    0.417318
IMAGINARY
          0   0.0129416  -0.0143274 -0.00462967
 -0.0129416           0   0.0169272  -0.0197426
  0.0143274  -0.0169272           0    0.018059
 0.00462967   0.0197426   -0.018059           0
EndNode1[0]<--->Repeater1[0]
REAL
   0.401679  0.00755858   0.0167238    0.327405
 0.00755858   0.0815348 -0.00652752  0.00818722
  0.0167238 -0.00652752   0.0899281  0.00786253
   0.327405  0.00818722  0.00786253    0.426859
IMAGINARY
          0  -0.0114264  0.00324634  -0.0103805
  0.0114264           0   0.0123748 -0.00384586
-0.00324634  -0.0123748           0 -0.00895728
  0.0103805  0.00384586  0.00895728           0
EndNode2[0]<--->HoM1[0]
REAL
  0.409856 0.00752898 0.00549248   0.318952
0.00752898  0.0907452 0.00103595 0.00226667
0.00549248 0.00103595  0.0877404  0.0151278
  0.318952 0.00226667  0.0151278   0.411659
IMAGINARY
          0 -0.00371325  -0.0109778  0.00501735
 0.00371325           0   0.0143716  0.00395208
  0.0109778  -0.0143716           0  0.00078585
-0.00501735 -0.00395208 -0.00078585           0
Repeater1[0]<--->EndNode1[0]
REAL
   0.401679   0.0167238  0.00755858    0.327405
  0.0167238   0.0899281 -0.00652752  0.00786253
 0.00755858 -0.00652752   0.0815348  0.00818722
   0.327405  0.00786253  0.00818722    0.426859
IMAGINARY
          0  0.00324634  -0.0114264  -0.0103805
-0.00324634           0  -0.0123748 -0.00895728
  0.0114264   0.0123748           0 -0.00384586
  0.0103805  0.00895728  0.00384586           0
Repeater1[0]<--->HoM1[0]
REAL
  0.409856 0.00549248 0.00752898   0.318952
0.00549248  0.0877404 0.00103595  0.0151278
0.00752898 0.00103595  0.0907452 0.00226667
  0.318952  0.0151278 0.00226667   0.411659
IMAGINARY
          0  -0.0109778 -0.00371325  0.00501735
  0.0109778           0  -0.0143716  0.00078585
 0.00371325   0.0143716           0  0.00395208
-0.00501735 -0.00078585 -0.00395208           0
EndNode1[0]<--->Repeater1[0]
REAL
   0.415592  0.00850336 -0.00288639    0.309489
 0.00850336   0.0814771  -0.0167751 0.000373831
-0.00288639  -0.0167751   0.0885111  -0.0198099
   0.309489 0.000373831  -0.0198099     0.41442
IMAGINARY
          0 -0.00891862 -0.00779756   0.0140952
 0.00891862           0 -0.00668563   0.0121555
 0.00779756  0.00668563           0   0.0016554
 -0.0140952  -0.0121555  -0.0016554           0
EndNode2[0]<--->HoM1[0]
REAL
    0.406696  -0.00244011 -0.000584719     0.325483
 -0.00244011     0.107874 -3.22118e-05   0.00903067
-0.000584719 -3.22118e-05    0.0843149    0.0210212
    0.325483   0.00903067    0.0210212     0.401116
IMAGINARY
          0 -0.00832698  -0.0146456  0.00548729
 0.00832698           0  -0.0125555  0.00606441
  0.0146456   0.0125555           0   -0.005403
-0.00548729 -0.00606441    0.005403           0
Repeater1[0]<--->EndNode1[0]
REAL
   0.415592 -0.00288639  0.00850336    0.309489
-0.00288639   0.0885111  -0.0167751  -0.0198099
 0.00850336  -0.0167751   0.0814771 0.000373831
   0.309489  -0.0198099 0.000373831     0.41442
IMAGINARY
          0 -0.00779756 -0.00891862   0.0140952
 0.00779756           0  0.00668563   0.0016554
 0.00891862 -0.00668563           0   0.0121555
 -0.0140952  -0.0016554  -0.0121555           0
Repeater1[0]<--->HoM1[0]
REAL
    0.406696 -0.000584719  -0.00244011     0.325483
-0.000584719    0.0843149 -3.22118e-05    0.0210212
 -0.00244011 -3.22118e-05     0.107874   0.00903067
    0.325483    0.0210212   0.00903067     0.401116
IMAGINARY
          0  -0.0146456 -0.00832698  0.00548729
  0.0146456           0   0.0125555   -0.005403
 0.00832698  -0.0125555           0  0.00606441
-0.00548729    0.005403 -0.00606441           0
EndNode1[0]<--->Repeater1[0]
REAL
   0.406363  -0.0137421  -0.0218794    0.331597
 -0.0137421   0.0834334 -0.00123389  0.00805022
 -0.0218794 -0.00123389   0.0894358  0.00360069
   0.331597  0.00805022  0.00360069    0.420768
IMAGINARY
          0 -0.00519921  -0.0155791 -0.00299751
 0.00519921           0  -0.0139464  0.00501788
  0.0155791   0.0139464           0    0.011536
 0.00299751 -0.00501788   -0.011536           0
EndNode2[0]<--->HoM1[0]
REAL
   0.411729   0.0011754  0.00721302    0.320633
  0.0011754   0.0836897 -0.00757669 0.000798849
 0.00721302 -0.00757669   0.0904093 -0.00206561
   0.320633 0.000798849 -0.00206561    0.414172
IMAGINARY
           0   0.00701389 -0.000897521   -0.0113826
 -0.00701389            0  -0.00506867  -0.00121218
 0.000897521   0.00506867            0  -0.00309587
   0.0113826   0.00121218   0.00309587            0
Repeater1[0]<--->EndNode1[0]
REAL
   0.406363  -0.0218794  -0.0137421    0.331597
 -0.0218794   0.0894358 -0.00123389  0.00360069
 -0.0137421 -0.00123389   0.0834334  0.00805022
   0.331597  0.00360069  0.00805022    0.420768
IMAGINARY
          0  -0.0155791 -0.00519921 -0.00299751
  0.0155791           0   0.0139464    0.011536
 0.00519921  -0.0139464           0  0.00501788
 0.00299751   -0.011536 -0.00501788           0
Repeater1[0]<--->HoM1[0]
REAL
   0.411729  0.00721302   0.0011754    0.320633
 0.00721302   0.0904093 -0.00757669 -0.00206561
  0.0011754 -0.00757669   0.0836897 0.000798849
   0.320633 -0.00206561 0.000798849    0.414172
IMAGINARY
           0 -0.000897521   0.00701389   -0.0113826
 0.000897521            0   0.00506867  -0.00309587
 -0.00701389  -0.00506867            0  -0.00121218
   0.0113826   0.00309587   0.00121218            0
EndNode1[0]<--->Repeater1[0]
REAL
  0.398841  0.0123013  0.0076594   0.323685
 0.0123013  0.0962319 0.00357614  0.0061597
 0.0076594 0.00357614    0.10029 0.00214596
  0.323685  0.0061597 0.00214596   0.404638
IMAGINARY
          0   0.0197619 -0.00468867  -0.0185706
 -0.0197619           0  -0.0115712 -0.00348819
 0.00468867   0.0115712           0  -0.0121907
  0.0185706  0.00348819   0.0121907           0
EndNode2[0]<--->HoM1[0]
REAL
   0.412409 -0.00322965  0.00941821     0.32605
-0.00322965   0.0815085  0.00436313 -0.00754086
 0.00941821  0.00436313   0.0845499 0.000726524
    0.32605 -0.00754086 0.000726524    0.421533
IMAGINARY
           0 -8.20674e-05   -0.0020739    0.0109131
 8.20674e-05            0  -0.00382746    0.0129173
   0.0020739   0.00382746            0   -0.0119661
  -0.0109131   -0.0129173    0.0119661            0
Repeater1[0]<--->EndNode1[0]
REAL
  0.398841  0.0076594  0.0123013   0.323685
 0.0076594    0.10029 0.00357614 0.00214596
 0.0123013 0.00357614  0.0962319  0.0061597
  0.323685 0.00214596  0.0061597   0.404638
IMAGINARY
          0 -0.00468867   0.0197619  -0.0185706
 0.00468867           0   0.0115712  -0.0121907
 -0.0197619  -0.0115712           0 -0.00348819
  0.0185706   0.0121907  0.00348819           0
Repeater1[0]<--->HoM1[0]
REAL
   0.412409  0.00941821 -0.00322965     0.32605
 0.00941821   0.0845499  0.00436313 0.000726524
-0.00322965  0.00436313   0.0815085 -0.00754086
    0.32605 0.000726524 -0.00754086    0.421533
IMAGINARY
           0   -0.0020739 -8.20674e-05    0.0109131
   0.0020739            0   0.00382746   -0.0119661
 8.20674e-05  -0.00382746            0    0.0129173
  -0.0109131    0.0119661   -0.0129173            0
EndNode1[0]<--->Repeater1[0]
REAL
    0.40665   -0.016681  0.00521958    0.328898
  -0.016681   0.0875959  0.00382692 -0.00643613
 0.00521958  0.00382692   0.0863171 -0.00217541
   0.328898 -0.00643613 -0.00217541    0.419437
IMAGINARY
          0  0.00857488 -0.00297438  0.00363029
-0.00857488           0  0.00453773  -0.0132649
 0.00297438 -0.00453773           0  0.00253623
-0.00363029   0.0132649 -0.00253623           0
EndNode2[0]<--->HoM1[0]
REAL
  0.400846 0.00338831 0.00380064   0.327762
0.00338831  0.0858525 -0.0134243 0.00600328
0.00380064 -0.0134243  0.0912938 0.00457737
  0.327762 0.00600328 0.00457737   0.422007
IMAGINARY
          0 -0.00383131  0.00456521 -0.00167654
 0.00383131           0 -0.00965998  -0.0147455
-0.00456521  0.00965998           0    0.011103
 0.00167654   0.0147455   -0.011103           0
Repeater1[0]<--->EndNode1[0]
REAL
    0.40665  0.00521958   -0.016681    0.328898
 0.00521958   0.0863171  0.00382692 -0.00217541
  -0.016681  0.00382692   0.0875959 -0.00643613
   0.328898 -0.00217541 -0.00643613    0.419437
IMAGINARY
          0 -0.00297438  0.00857488  0.00363029
 0.00297438           0 -0.00453773  0.00253623
-0.00857488  0.00453773           0  -0.0132649
-0.00363029 -0.00253623   0.0132649           0
Repeater1[0]<--->HoM1[0]
REAL
  0.400846 0.00380064 0.00338831   0.327762
0.00380064  0.0912938 -0.0134243 0.00457737
0.00338831 -0.0134243  0.0858525 0.00600328
  0.327762 0.00457737 0.00600328   0.422007
IMAGINARY
          0  0.00456521 -0.00383131 -0.00167654
-0.00456521           0  0.00965998    0.011103
 0.00383131 -0.00965998           0  -0.0147455
 0.00167654   -0.011103   0.0147455           0
EndNode1[0]<--->Repeater1[0]
REAL
   0.415724 -0.00467242  -0.0146251    0.336963
-0.00467242   0.0815962  0.00137161 -0.00772644
 -0.0146251  0.00137161   0.0970816  -0.0176791
   0.336963 -0.00772644  -0.0176791    0.405599
IMAGINARY
           0   -0.0193889 -0.000133799   0.00283263
   0.0193889            0 -0.000408386   0.00629143
 0.000133799  0.000408386            0   -0.0107835
 -0.00283263  -0.00629143    0.0107835            0
EndNode2[0]<--->HoM1[0]
REAL
    0.407981   -0.0115579    0.0140389      0.33404
  -0.0115579    0.0875521 -0.000999356  -0.00378696
   0.0140389 -0.000999356    0.0899345   0.00482092
     0.33404  -0.00378696   0.00482092     0.414532
IMAGINARY
           0  -0.00495386  -0.00301751 -0.000685405
  0.00495386            0    0.0108019   0.00813491
  0.00301751   -0.0108019            0   0.00946921
 0.000685405  -0.00813491  -0.00946921            0
Repeater1[0]<--->EndNode1[0]
REAL
   0.415724  -0.0146251 -0.00467242    0.336963
 -0.0146251   0.0970816  0.00137161  -0.0176791
-0.00467242  0.00137161   0.0815962 -0.00772644
   0.336963  -0.0176791 -0.00772644    0.405599
IMAGINARY
           0 -0.000133799   -0.0193889   0.00283263
 0.000133799            0  0.000408386   -0.0107835
   0.0193889 -0.000408386            0   0.00629143
 -0.00283263    0.0107835  -0.00629143            0
Repeater1[0]<--->HoM1[0]
REAL
    0.407981    0.0140389   -0.0115579      0.33404
   0.0140389    0.0899345 -0.000999356   0.00482092
  -0.0115579 -0.000999356    0.0875521  -0.00378696
     0.33404   0.00482092  -0.00378696     0.414532
IMAGINARY
           0  -0.00301751  -0.00495386 -0.000685405
  0.00301751            0   -0.0108019   0.00946921
  0.00495386    0.0108019            0   0.00813491
 0.000685405  -0.00946921  -0.00813491            0
EndNode1[0]<--->Repeater1[0]
REAL
   0.391201 -0.00835866  0.00383231    0.325886
-0.00835866     0.10107  0.00633272 -0.00595997
 0.00383231  0.00633272   0.0921522 -0.00835866
   0.325886 -0.00595997 -0.00835866    0.415577
IMAGINARY
           0     0.014873  -0.00597405  -0.00095865
   -0.014873            0    0.0186551 -0.000362706
  0.00597405   -0.0186551            0   -0.0043117
  0.00095865  0.000362706    0.0043117            0
EndNode2[0]<--->HoM1[0]
REAL
    0.432542  -0.00940682    0.0058222     0.325997
 -0.00940682     0.100753 -0.000533686  -0.00193696
   0.0058222 -0.000533686    0.0764331  -0.00822618
    0.325997  -0.00193696  -0.00822618     0.390272
IMAGINARY
           0  -0.00666114   0.00168923 -0.000911386
  0.00666114            0   0.00297385 -0.000488746
 -0.00168923  -0.00297385            0   0.00726138
 0.000911386  0.000488746  -0.00726138            0
Repeater1[0]<--->EndNode1[0]
REAL
   0.391201  0.00383231 -0.00835866    0.325886
 0.00383231   0.0921522  0.00633272 -0.00835866
-0.00835866  0.00633272     0.10107 -0.00595997
   0.325886 -0.00835866 -0.00595997    0.415577
IMAGINARY
           0  -0.00597405     0.014873  -0.00095865
  0.00597405            0   -0.0186551   -0.0043117
   -0.014873    0.0186551            0 -0.000362706
  0.00095865    0.0043117  0.000362706            0
Repeater1[0]<--->HoM1[0]
REAL
    0.432542    0.0058222  -0.00940682     0.325997
   0.0058222    0.0764331 -0.000533686  -0.00822618
 -0.00940682 -0.000533686     0.100753  -0.00193696
    0.325997  -0.00822618  -0.00193696     0.390272
IMAGINARY
           0   0.00168923  -0.00666114 -0.000911386
 -0.00168923            0  -0.00297385   0.00726138
  0.00666114   0.00297385            0 -0.000488746
 0.000911386  -0.00726138  0.000488746            0
EndNode1[0]<--->Repeater1[0]
REAL
   0.417706   0.0132627   0.0127687    0.322802
  0.0132627    0.090399 0.000527338  -0.0110699
  0.0127687 0.000527338   0.0879052  0.00315859
   0.322802  -0.0110699  0.00315859     0.40399
IMAGINARY
           0  -0.00986903    0.0109202   -0.0128779
  0.00986903            0  0.000652215  -0.00381118
  -0.0109202 -0.000652215            0  -0.00434898
   0.0128779   0.00381118   0.00434898            0
EndNode2[0]<--->HoM1[0]
REAL
  0.402621 0.00508258 0.00897307   0.317355
0.00508258  0.0756403 0.00959228  0.0126586
0.00897307 0.00959228  0.0857653 0.00418813
  0.317355  0.0126586 0.00418813   0.435974
IMAGINARY
          0   0.0103209 -0.00112381  -0.0136235
 -0.0103209           0  0.00834181  -0.0100951
 0.00112381 -0.00834181           0  0.00393016
  0.0136235   0.0100951 -0.00393016           0
Repeater1[0]<--->EndNode1[0]
REAL
   0.417706   0.0127687   0.0132627    0.322802
  0.0127687   0.0879052 0.000527338  0.00315859
  0.0132627 0.000527338    0.090399  -0.0110699
   0.322802  0.00315859  -0.0110699     0.40399
IMAGINARY
           0    0.0109202  -0.00986903   -0.0128779
  -0.0109202            0 -0.000652215  -0.00434898
  0.00986903  0.000652215            0  -0.00381118
   0.0128779   0.00434898   0.00381118            0
Repeater1[0]<--->HoM1[0]
REAL
  0.402621 0.00897307 0.00508258   0.317355
0.00897307  0.0857653 0.00959228 0.00418813
0.00508258 0.00959228  0.0756403  0.0126586
  0.317355 0.00418813  0.0126586   0.435974
IMAGINARY
          0 -0.00112381   0.0103209  -0.0136235
 0.00112381           0 -0.00834181  0.00393016
 -0.0103209  0.00834181           0  -0.0100951
  0.0136235 -0.00393016   0.0100951           0
EndNode1[0]<--->Repeater1[0]
REAL
   0.417402  0.00304847 -0.00295973    0.321043
 0.00304847   0.0940623  -0.0060341 -0.00780234
-0.00295973  -0.0060341   0.0881834 -0.00217587
   0.321043 -0.00780234 -0.00217587    0.400353
IMAGINARY
           0    0.0157116     -0.02475   0.00528428
  -0.0157116            0  -0.00286297      0.01275
     0.02475   0.00286297            0  0.000596051
 -0.00528428     -0.01275 -0.000596051            0
EndNode2[0]<--->HoM1[0]
REAL
   0.411483 -0.00238097  0.00062289    0.331844
-0.00238097   0.0986842 -0.00109199 -0.00492582
 0.00062289 -0.00109199   0.0885167 -0.00938036
   0.331844 -0.00492582 -0.00938036    0.401316
IMAGINARY
          0  0.00416553  0.00715065   0.0103459
-0.00416553           0   0.0085277 -0.00894063
-0.00715065  -0.0085277           0  0.00478435
 -0.0103459  0.00894063 -0.00478435           0
Repeater1[0]<--->EndNode1[0]
REAL
   0.417402 -0.00295973  0.00304847    0.321043
-0.00295973   0.0881834  -0.0060341 -0.00217587
 0.00304847  -0.0060341   0.0940623 -0.00780234
   0.321043 -0.00217587 -0.00780234    0.400353
IMAGINARY
           0     -0.02475    0.0157116   0.00528428
     0.02475            0   0.00286297  0.000596051
  -0.0157116  -0.00286297            0      0.01275
 -0.00528428 -0.000596051     -0.01275            0
Repeater1[0]<--->HoM1[0]
REAL
   0.411483  0.00062289 -0.00238097    0.331844
 0.00062289   0.0885167 -0.00109199 -0.00938036
-0.00238097 -0.00109199   0.0986842 -0.00492582
   0.331844 -0.00938036 -0.00492582    0.401316
IMAGINARY
          0  0.00715065  0.00416553   0.0103459
-0.00715065           0  -0.0085277  0.00478435
-0.00416553   0.0085277           0 -0.00894063
 -0.0103459 -0.00478435  0.00894063           0
EndNode1[0]<--->Repeater1[0]
REAL
   0.413156  0.00320964  0.00373455     0.32396
 0.00320964   0.0877092  -0.0037084  0.00435413
 0.00373455  -0.0037084   0.0957877 -0.00470754
    0.32396  0.00435413 -0.00470754    0.403347
IMAGINARY
          0  0.00620108 -0.00458585  0.00245776
-0.00620108           0  0.00721966   0.0180027
 0.00458585 -0.00721966           0 -0.00232511
-0.00245776  -0.0180027  0.00232511           0
EndNode2[0]<--->HoM1[0]
REAL
   0.429245  0.00656045 -0.00878214    0.322019
 0.00656045   0.0866745 -0.00372517  0.00724745
-0.00878214 -0.00372517   0.0872642  0.00418233
   0.322019  0.00724745  0.00418233    0.396816
IMAGINARY
           0   -0.0124088    0.0208865 -0.000702259
   0.0124088            0   0.00305243   0.00977535
  -0.0208865  -0.00305243            0   -0.0030739
 0.000702259  -0.00977535    0.0030739            0
Repeater1[0]<--->EndNode1[0]
REAL
   0.413156  0.00373455  0.00320964     0.32396
 0.00373455   0.0957877  -0.0037084 -0.00470754
 0.00320964  -0.0037084   0.0877092  0.00435413
    0.32396 -0.00470754  0.00435413    0.403347
IMAGINARY
          0 -0.00458585  0.00620108  0.00245776
 0.00458585           0 -0.00721966 -0.00232511
-0.00620108  0.00721966           0   0.0180027
-0.00245776  0.00232511  -0.0180027           0
Repeater1[0]<--->HoM1[0]
REAL
   0.429245 -0.00878214  0.00656045    0.322019
-0.00878214   0.0872642 -0.00372517  0.00418233
 0.00656045 -0.00372517   0.0866745  0.00724745
   0.322019  0.00418233  0.00724745    0.396816
IMAGINARY
           0    0.0208865   -0.0124088 -0.000702259
  -0.0208865            0  -0.00305243   -0.0030739
   0.0124088   0.00305243            0   0.00977535
 0.000702259    0.0030739  -0.00977535            0
EndNode1[0]<--->Repeater1[0]
REAL
    0.406139   0.00102242 -0.000449371     0.327256
  0.00102242     0.094451   -0.0154476  0.000449371
-0.000449371   -0.0154476    0.0838253    0.0100477
    0.327256  0.000449371    0.0100477     0.415584
IMAGINARY
          0   0.0152498  -0.0182794 -0.00841014
 -0.0152498           0   0.0141905 -0.00564403
  0.0182794  -0.0141905           0    0.017645
 0.00841014  0.00564403   -0.017645           0
EndNode2[0]<--->HoM1[0]
REAL
    0.402187  -0.00772382 -0.000478946     0.325478
 -0.00772382     0.082017  -0.00707176    0.0125234
-0.000478946  -0.00707176    0.0814095    0.0135916
    0.325478    0.0125234    0.0135916     0.434386
IMAGINARY
           0  -0.00572795  -0.00919062 -0.000982272
  0.00572795            0    0.0147944    0.0103657
  0.00919062   -0.0147944            0  -0.00543538
 0.000982272   -0.0103657   0.00543538            0
Repeater1[0]<--->EndNode1[0]
REAL
    0.406139 -0.000449371   0.00102242     0.327256
-0.000449371    0.0838253   -0.0154476    0.0100477
  0.00102242   -0.0154476     0.094451  0.000449371
    0.327256    0.0100477  0.000449371     0.415584
IMAGINARY
          0  -0.0182794   0.0152498 -0.00841014
  0.0182794           0  -0.0141905    0.017645
 -0.0152498   0.0141905           0 -0.00564403
 0.00841014   -0.017645  0.00564403           0
Repeater1[0]<--->HoM1[0]
REAL
    0.402187 -0.000478946  -0.00772382     0.325478
-0.000478946    0.0814095  -0.00707176    0.0135916
 -0.00772382  -0.00707176     0.082017    0.0125234
    0.325478    0.0135916    0.0125234     0.434386
IMAGINARY
           0  -0.00919062  -0.00572795 -0.000982272
  0.00919062            0   -0.0147944  -0.00543538
  0.00572795    0.0147944            0    0.0103657
 0.000982272   0.00543538   -0.0103657            0
EndNode1[0]<--->Repeater1[0]
REAL
    0.408374   0.00208874 -6.13353e-05     0.319679
  0.00208874    0.0885922   0.00935503     0.011759
-6.13353e-05   0.00935503    0.0873786    0.0174074
    0.319679     0.011759    0.0174074     0.415655
IMAGINARY
          0  -0.0116475  0.00330241 -0.00015051
  0.0116475           0  0.00165021      0.0027
-0.00330241 -0.00165021           0 -0.00635965
 0.00015051     -0.0027  0.00635965           0
EndNode2[0]<--->HoM1[0]
REAL
   0.420758 -0.00842203   0.0112424     0.32446
-0.00842203     0.08266   0.0116641 -0.00765385
  0.0112424   0.0116641   0.0944686  0.00363734
    0.32446 -0.00765385  0.00363734    0.402113
IMAGINARY
          0 -0.00201655  0.00948924 -0.00045869
 0.00201655           0  0.00785077  0.00354394
-0.00948924 -0.00785077           0  0.00320138
 0.00045869 -0.00354394 -0.00320138           0
Repeater1[0]<--->EndNode1[0]
REAL
    0.408374 -6.13353e-05   0.00208874     0.319679
-6.13353e-05    0.0873786   0.00935503    0.0174074
  0.00208874   0.00935503    0.0885922     0.011759
    0.319679    0.0174074     0.011759     0.415655
IMAGINARY
          0  0.00330241  -0.0116475 -0.00015051
-0.00330241           0 -0.00165021 -0.00635965
  0.0116475  0.00165021           0      0.0027
 0.00015051  0.00635965     -0.0027           0
Repeater1[0]<--->HoM1[0]
REAL
   0.420758   0.0112424 -0.00842203     0.32446
  0.0112424   0.0944686   0.0116641  0.00363734
-0.00842203   0.0116641     0.08266 -0.00765385
    0.32446  0.00363734 -0.00765385    0.402113
IMAGINARY
          0  0.00948924 -0.00201655 -0.00045869
-0.00948924           0 -0.00785077  0.00320138
 0.00201655  0.00785077           0  0.00354394
 0.00045869 -0.00320138 -0.00354394           0
EndNode1[0]<--->Repeater1[0]
REAL
   0.418829 0.000145361  -0.0130016    0.316489
0.000145361   0.0802655  0.00633351  0.00849713
 -0.0130016  0.00633351    0.085697  0.00796275
   0.316489  0.00849713  0.00796275    0.415208
IMAGINARY
          0   0.0056359 -0.00438174  0.00838341
 -0.0056359           0  0.00667498  0.00351619
 0.00438174 -0.00667498           0 -0.00650146
-0.00838341 -0.00351619  0.00650146           0
EndNode2[0]<--->HoM1[0]
REAL
    0.419874 -0.000399028  -0.00106314     0.324697
-0.000399028    0.0838599  -0.00228425  0.000144587
 -0.00106314  -0.00228425    0.0959219   0.00927839
    0.324697  0.000144587   0.00927839     0.400345
IMAGINARY
          0 -0.00230233   0.0130361 -0.00139985
 0.00230233           0 -0.00792416   0.0114648
 -0.0130361  0.00792416           0  -0.0137291
 0.00139985  -0.0114648   0.0137291           0
Repeater1[0]<--->EndNode1[0]
REAL
   0.418829  -0.0130016 0.000145361    0.316489
 -0.0130016    0.085697  0.00633351  0.00796275
0.000145361  0.00633351   0.0802655  0.00849713
   0.316489  0.00796275  0.00849713    0.415208
IMAGINARY
          0 -0.00438174   0.0056359  0.00838341
 0.00438174           0 -0.00667498 -0.00650146
 -0.0056359  0.00667498           0  0.00351619
-0.00838341  0.00650146 -0.00351619           0
Repeater1[0]<--->HoM1[0]
REAL
    0.419874  -0.00106314 -0.000399028     0.324697
 -0.00106314    0.0959219  -0.00228425   0.00927839
-0.000399028  -0.00228425    0.0838599  0.000144587
    0.324697   0.00927839  0.000144587     0.400345
IMAGINARY
          0   0.0130361 -0.00230233 -0.00139985
 -0.0130361           0  0.00792416  -0.0137291
 0.00230233 -0.00792416           0   0.0114648
 0.00139985   0.0137291  -0.0114648           0
EndNode1[0]<--->Repeater1[0]
REAL
   0.418129 -0.00220639 -0.00415533    0.333602
-0.00220639   0.0853801   0.0149713  -0.0176851
-0.00415533   0.0149713   0.0877193  0.00482724
   0.333602  -0.0176851  0.00482724    0.408772
IMAGINARY
          0  0.00551759 -0.00177175   0.0129398
-0.00551759           0 -0.00715767 -0.00655644
 0.00177175  0.00715767           0  0.00404441
 -0.0129398  0.00655644 -0.00404441           0
EndNode2[0]<--->HoM1[0]
REAL
    0.42268  0.00261605  0.00671941    0.321564
 0.00261605    0.091638 -0.00933658  0.00731678
 0.00671941 -0.00933658   0.0819015 -0.00667095
   0.321564  0.00731678 -0.00667095     0.40378
IMAGINARY
           0  -0.00273723   0.00314177  0.000882616
  0.00273723            0   -0.0188814    0.0181478
 -0.00314177    0.0188814            0  -0.00273723
-0.000882616   -0.0181478   0.00273723            0
Repeater1[0]<--->EndNode1[0]
REAL
   0.418129 -0.00415533 -0.00220639    0.333602
-0.00415533   0.0877193   0.0149713  0.00482724
-0.00220639   0.0149713   0.0853801  -0.0176851
   0.333602  0.00482724  -0.0176851    0.408772
IMAGINARY
          0 -0.00177175  0.00551759   0.0129398
 0.00177175           0  0.00715767  0.00404441
-0.00551759 -0.00715767           0 -0.00655644
 -0.0129398 -0.00404441  0.00655644           0
Repeater1[0]<--->HoM1[0]
REAL
    0.42268  0.00671941  0.00261605    0.321564
 0.00671941   0.0819015 -0.00933658 -0.00667095
 0.00261605 -0.00933658    0.091638  0.00731678
   0.321564 -0.00667095  0.00731678     0.40378
IMAGINARY
           0   0.00314177  -0.00273723  0.000882616
 -0.00314177            0    0.0188814  -0.00273723
  0.00273723   -0.0188814            0    0.0181478
-0.000882616   0.00273723   -0.0181478            0
EndNode1[0]<--->Repeater1[0]
REAL
   0.423966 -0.00766616  -0.0130214    0.331288
-0.00766616   0.0809002  0.00504219 0.000932107
 -0.0130214  0.00504219   0.0900243 -0.00318319
   0.331288 0.000932107 -0.00318319    0.405109
IMAGINARY
          0  0.00309484  0.00613787  0.00355016
-0.00309484           0 -0.00768239 -0.00856801
-0.00613787  0.00768239           0  -0.0152455
-0.00355016  0.00856801   0.0152455           0
EndNode2[0]<--->HoM1[0]
REAL
    0.429257    0.0045788 -0.000491021      0.32319
   0.0045788    0.0821343   0.00200165  -0.00686625
-0.000491021   0.00200165    0.0911271   0.00866428
     0.32319  -0.00686625   0.00866428     0.397482
IMAGINARY
          0 -0.00181399   0.0033909  -0.0027069
 0.00181399           0  -0.0148724 -0.00185998
 -0.0033909   0.0148724           0  0.00028307
  0.0027069  0.00185998 -0.00028307           0
Repeater1[0]<--->EndNode1[0]
REAL
   0.423966  -0.0130214 -0.00766616    0.331288
 -0.0130214   0.0900243  0.00504219 -0.00318319
-0.00766616  0.00504219   0.0809002 0.000932107
   0.331288 -0.00318319 0.000932107    0.405109
IMAGINARY
          0  0.00613787  0.00309484  0.00355016
-0.00613787           0  0.00768239  -0.0152455
-0.00309484 -0.00768239           0 -0.00856801
-0.00355016   0.0152455  0.00856801           0
Repeater1[0]<--->HoM1[0]
REAL
    0.429257 -0.000491021    0.0045788      0.32319
-0.000491021    0.0911271   0.00200165   0.00866428
   0.0045788   0.00200165    0.0821343  -0.00686625
     0.32319   0.00866428  -0.00686625     0.397482
IMAGINARY
          0   0.0033909 -0.00181399  -0.0027069
 -0.0033909           0   0.0148724  0.00028307
 0.00181399  -0.0148724           0 -0.00185998
  0.0027069 -0.00028307  0.00185998           0
EndNode1[0]<--->Repeater1[0]
REAL
   0.416168  0.00424409  0.00631846     0.33162
 0.00424409   0.0862275 -0.00424632  0.00107981
 0.00631846 -0.00424632   0.0868263 -0.00301105
    0.33162  0.00107981 -0.00301105    0.410778
IMAGINARY
          0  0.00536138  0.00702928   0.0142894
-0.00536138           0  0.00838507 -0.00429372
-0.00702928 -0.00838507           0  0.00892433
 -0.0142894  0.00429372 -0.00892433           0
EndNode2[0]<--->HoM1[0]
REAL
   0.411694  0.00456415 0.000776007    0.324145
 0.00456415   0.0994575   0.0135482  0.00814195
0.000776007   0.0135482   0.0777577  0.00851552
   0.324145  0.00814195  0.00851552    0.411091
IMAGINARY
           0   0.00156848  -0.00768829  -0.00983491
 -0.00156848            0    0.0131502  0.000989146
  0.00768829   -0.0131502            0    0.0069577
  0.00983491 -0.000989146   -0.0069577            0
Repeater1[0]<--->EndNode1[0]
REAL
   0.416168  0.00631846  0.00424409     0.33162
 0.00631846   0.0868263 -0.00424632 -0.00301105
 0.00424409 -0.00424632   0.0862275  0.00107981
    0.33162 -0.00301105  0.00107981    0.410778
IMAGINARY
          0  0.00702928  0.00536138   0.0142894
-0.00702928           0 -0.00838507  0.00892433
-0.00536138  0.00838507           0 -0.00429372
 -0.0142894 -0.00892433  0.00429372           0
Repeater1[0]<--->HoM1[0]
REAL
   0.411694 0.000776007  0.00456415    0.324145
0.000776007   0.0777577   0.0135482  0.00851552
 0.00456415   0.0135482   0.0994575  0.00814195
   0.324145  0.00851552  0.00814195    0.411091
IMAGINARY
           0  -0.00768829   0.00156848  -0.00983491
  0.00768829            0   -0.0131502    0.0069577
 -0.00156848    0.0131502            0  0.000989146
  0.00983491   -0.0069577 -0.000989146            0
EndNode1[0]<--->Repeater1[0]
REAL
    0.427624   -0.0021582   0.00939644     0.326267
  -0.0021582    0.0862485 -0.000126197    0.0140314
  0.00939644 -0.000126197    0.0868516    0.0144887
    0.326267    0.0140314    0.0144887     0.399276
IMAGINARY
          0   0.0160931 -0.00526008   0.0058778
 -0.0160931           0  0.00142147 -0.00676338
 0.00526008 -0.00142147           0 -0.00524268
 -0.0058778  0.00676338  0.00524268           0
EndNode2[0]<--->HoM1[0]
REAL
   0.394863   0.0107343   0.0056082    0.328545
  0.0107343   0.0985663  0.00812632 -0.00435663
  0.0056082  0.00812632   0.0860215 -0.00259908
   0.328545 -0.00435663 -0.00259908     0.42055
IMAGINARY
          0 -0.00275768  0.00969286  0.00121197
 0.00275768           0   0.0105251  0.00322227
-0.00969286  -0.0105251           0  -0.0187675
-0.00121197 -0.00322227   0.0187675           0
Repeater1[0]<--->EndNode1[0]
REAL
    0.427624   0.00939644   -0.0021582     0.326267
  0.00939644    0.0868516 -0.000126197    0.0144887
  -0.0021582 -0.000126197    0.0862485    0.0140314
    0.326267    0.0144887    0.0140314     0.399276
IMAGINARY
          0 -0.00526008   0.0160931   0.0058778
 0.00526008           0 -0.00142147 -0.00524268
 -0.0160931  0.00142147           0 -0.00676338
 -0.0058778  0.00524268  0.00676338           0
Repeater1[0]<--->HoM1[0]
REAL
   0.394863   0.0056082   0.0107343    0.328545
  0.0056082   0.0860215  0.00812632 -0.00259908
  0.0107343  0.00812632   0.0985663 -0.00435663
   0.328545 -0.00259908 -0.00435663     0.42055
IMAGINARY
          0  0.00969286 -0.00275768  0.00121197
-0.00969286           0  -0.0105251  -0.0187675
 0.00275768   0.0105251           0  0.00322227
-0.00121197   0.0187675 -0.00322227           0
EndNode1[0]<--->Repeater1[0]
REAL
   0.401765 -0.00131426  0.00467942    0.322485
-0.00131426   0.0882353 -0.00191092  -0.0124545
 0.00467942 -0.00191092   0.0888235   0.0138741
   0.322485  -0.0124545   0.0138741    0.421176
IMAGINARY
           0     0.012672  -0.00446343     0.011254
   -0.012672            0   -0.0150618 -0.000545408
  0.00446343    0.0150618            0    0.0170864
   -0.011254  0.000545408   -0.0170864            0
EndNode2[0]<--->HoM1[0]
REAL
    0.40644  0.00459265 -0.00459486     0.31252
 0.00459265   0.0856622  0.00478189  0.00731718
-0.00459486  0.00478189   0.0886999 -0.00187033
    0.31252  0.00731718 -0.00187033    0.419198
IMAGINARY
           0    0.0110357   -0.0106578  -0.00605078
  -0.0110357            0 -0.000324443   0.00411016
   0.0106578  0.000324443            0 -0.000321366
  0.00605078  -0.00411016  0.000321366            0
Repeater1[0]<--->EndNode1[0]
REAL
   0.401765  0.00467942 -0.00131426    0.322485
 0.00467942   0.0888235 -0.00191092   0.0138741
-0.00131426 -0.00191092   0.0882353  -0.0124545
   0.322485   0.0138741  -0.0124545    0.421176
IMAGINARY
           0  -0.00446343     0.012672     0.011254
  0.00446343            0    0.0150618    0.0170864
   -0.012672   -0.0150618            0 -0.000545408
   -0.011254   -0.0170864  0.000545408            0
Repeater1[0]<--->HoM1[0]
REAL
    0.40644 -0.00459486  0.00459265     0.31252
-0.00459486   0.0886999  0.00478189 -0.00187033
 0.00459265  0.00478189   0.0856622  0.00731718
    0.31252 -0.00187033  0.00731718    0.419198
IMAGINARY
           0   -0.0106578    0.0110357  -0.00605078
   0.0106578            0  0.000324443 -0.000321366
  -0.0110357 -0.000324443            0   0.00411016
  0.00605078  0.000321366  -0.00411016            0
EndNode1[0]<--->Repeater1[0]
REAL
    0.412118   -0.0151037  -0.00405952     0.331829
  -0.0151037     0.104979 -2.44431e-05   -0.0109252
 -0.00405952 -2.44431e-05     0.079784   0.00073063
    0.331829   -0.0109252   0.00073063     0.403119
IMAGINARY
          0   0.0144569   0.0103324  0.00843304
 -0.0144569           0  0.00637058 -0.00885224
 -0.0103324 -0.00637058           0 -0.00527991
-0.00843304  0.00885224  0.00527991           0
EndNode2[0]<--->HoM1[0]
REAL
  0.417788 0.00315335 -0.0107081   0.331129
0.00315335  0.0871855 -0.0108164 0.00169364
-0.0107081 -0.0108164   0.076653 0.00285626
  0.331129 0.00169364 0.00285626   0.418373
IMAGINARY
          0  0.00259891 -0.00790608  0.00793651
-0.00259891           0 -0.00793651   0.0100337
 0.00790608  0.00793651           0  0.00499987
-0.00793651  -0.0100337 -0.00499987           0
Repeater1[0]<--->EndNode1[0]
REAL
    0.412118  -0.00405952   -0.0151037     0.331829
 -0.00405952     0.079784 -2.44431e-05   0.00073063
  -0.0151037 -2.44431e-05     0.104979   -0.0109252
    0.331829   0.00073063   -0.0109252     0.403119
IMAGINARY
          0   0.0103324   0.0144569  0.00843304
 -0.0103324           0 -0.00637058 -0.00527991
 -0.0144569  0.00637058           0 -0.00885224
-0.00843304  0.00527991  0.00885224           0
Repeater1[0]<--->HoM1[0]
REAL
  0.417788 -0.0107081 0.00315335   0.331129
-0.0107081   0.076653 -0.0108164 0.00285626
0.00315335 -0.0108164  0.0871855 0.00169364
  0.331129 0.00285626 0.00169364   0.418373
IMAGINARY
          0 -0.00790608  0.00259891  0.00793651
 0.00790608           0  0.00793651  0.00499987
-0.00259891 -0.00793651           0   0.0100337
-0.00793651 -0.00499987  -0.0100337           0
EndNode1[0]<--->Repeater1[0]
REAL
   0.417178  -0.0119496    -0.00723    0.326895
 -0.0119496   0.0803681 -0.00013239   0.0108142
   -0.00723 -0.00013239    0.104294 -0.00836106
   0.326895   0.0108142 -0.00836106     0.39816
IMAGINARY
           0   0.00972885   0.00649756  0.000652961
 -0.00972885            0   0.00363625   -0.0134045
 -0.00649756  -0.00363625            0   0.00678767
-0.000652961    0.0134045  -0.00678767            0
EndNode2[0]<--->HoM1[0]
REAL
   0.439275  -0.0116062  -0.0117533    0.321299
 -0.0116062   0.0990937 -0.00354991 -0.00879468
 -0.0117533 -0.00354991   0.0791541   -0.010133
   0.321299 -0.00879468   -0.010133    0.382477
IMAGINARY
           0 -0.000308129    0.0112376   -0.0151342
 0.000308129            0   -0.0127785  -0.00760121
  -0.0112376    0.0127785            0  -0.00151005
   0.0151342   0.00760121   0.00151005            0
Repeater1[0]<--->EndNode1[0]
REAL
   0.417178    -0.00723  -0.0119496    0.326895
   -0.00723    0.104294 -0.00013239 -0.00836106
 -0.0119496 -0.00013239   0.0803681   0.0108142
   0.326895 -0.00836106   0.0108142     0.39816
IMAGINARY
           0   0.00649756   0.00972885  0.000652961
 -0.00649756            0  -0.00363625   0.00678767
 -0.00972885   0.00363625            0   -0.0134045
-0.000652961  -0.00678767    0.0134045            0
Repeater1[0]<--->HoM1[0]
REAL
   0.439275  -0.0117533  -0.0116062    0.321299
 -0.0117533   0.0791541 -0.00354991   -0.010133
 -0.0116062 -0.00354991   0.0990937 -0.00879468
   0.321299   -0.010133 -0.00879468    0.382477
IMAGINARY
           0    0.0112376 -0.000308129   -0.0151342
  -0.0112376            0    0.0127785  -0.00151005
 0.000308129   -0.0127785            0  -0.00760121
   0.0151342   0.00151005   0.00760121            0
