EndNode1[0]<--->Repeater1[0]
REAL
  0.274725 0.00388812   0.028934  0.0558024
0.00388812   0.228022  0.0112862 0.00524322
  0.028934  0.0112862   0.226648 -0.0026223
 0.0558024 0.00524322 -0.0026223   0.270604
IMAGINARY
         0 -0.0113921  0.0197769  0.0136021
 0.0113921          0 -0.0057487  0.0131263
-0.0197769  0.0057487          0 -0.0228015
-0.0136021 -0.0131263  0.0228015          0
EndNode2[0]<--->HoM1[0]
REAL
   0.270166   0.0261115 9.95634e-06     0.04155
  0.0261115    0.206146    0.009555  -0.0124409
9.95634e-06    0.009555    0.241997 -0.00677444
    0.04155  -0.0124409 -0.00677444     0.28169
IMAGINARY
          0  -0.0128989  0.00845749   0.0115817
  0.0128989           0  0.00906913  -0.0115943
-0.00845749 -0.00906913           0   -0.015332
 -0.0115817   0.0115943    0.015332           0
Repeater1[0]<--->EndNode1[0]
REAL
  0.274725   0.028934 0.00388812  0.0558024
  0.028934   0.226648  0.0112862 -0.0026223
0.00388812  0.0112862   0.228022 0.00524322
 0.0558024 -0.0026223 0.00524322   0.270604
IMAGINARY
         0  0.0197769 -0.0113921  0.0136021
-0.0197769          0  0.0057487 -0.0228015
 0.0113921 -0.0057487          0  0.0131263
-0.0136021  0.0228015 -0.0131263          0
Repeater1[0]<--->HoM1[0]
REAL
   0.270166 9.95634e-06   0.0261115     0.04155
9.95634e-06    0.241997    0.009555 -0.00677444
  0.0261115    0.009555    0.206146  -0.0124409
    0.04155 -0.00677444  -0.0124409     0.28169
IMAGINARY
          0  0.00845749  -0.0128989   0.0115817
-0.00845749           0 -0.00906913   -0.015332
  0.0128989  0.00906913           0  -0.0115943
 -0.0115817    0.015332   0.0115943           0
EndNode1[0]<--->Repeater1[0]
REAL
  0.267081  0.0236834 -0.0122195   0.047306
 0.0236834   0.216149   0.010341 0.00280778
-0.0122195   0.010341   0.191304 0.00690486
  0.047306 0.00280778 0.00690486   0.325466
IMAGINARY
           0   -0.0153118   0.00800318   0.00568549
   0.0153118            0     0.021773  0.000427426
 -0.00800318    -0.021773            0   0.00817817
 -0.00568549 -0.000427426  -0.00817817            0
EndNode2[0]<--->HoM1[0]
REAL
   0.319889 -0.00584843 6.69325e-06     0.07094
-0.00584843    0.211405 -0.00399187 -0.00060983
6.69325e-06 -0.00399187    0.212796   0.0233394
    0.07094 -0.00060983   0.0233394    0.255911
IMAGINARY
           0 -5.80867e-05   0.00688573  -0.00387857
 5.80867e-05            0   0.00455516   0.00946305
 -0.00688573  -0.00455516            0   -0.0271899
  0.00387857  -0.00946305    0.0271899            0
Repeater1[0]<--->EndNode1[0]
REAL
  0.267081 -0.0122195  0.0236834   0.047306
-0.0122195   0.191304   0.010341 0.00690486
 0.0236834   0.010341   0.216149 0.00280778
  0.047306 0.00690486 0.00280778   0.325466
IMAGINARY
           0   0.00800318   -0.0153118   0.00568549
 -0.00800318            0    -0.021773   0.00817817
   0.0153118     0.021773            0  0.000427426
 -0.00568549  -0.00817817 -0.000427426            0
Repeater1[0]<--->HoM1[0]
REAL
   0.319889 6.69325e-06 -0.00584843     0.07094
6.69325e-06    0.212796 -0.00399187   0.0233394
-0.00584843 -0.00399187    0.211405 -0.00060983
    0.07094   0.0233394 -0.00060983    0.255911
IMAGINARY
           0   0.00688573 -5.80867e-05  -0.00387857
 -0.00688573            0  -0.00455516   -0.0271899
 5.80867e-05   0.00455516            0   0.00946305
  0.00387857    0.0271899  -0.00946305            0
EndNode1[0]<--->Repeater1[0]
REAL
  0.275726  0.0239522 0.00782438  0.0468819
 0.0239522    0.23219 0.00142732 0.00908383
0.00782438 0.00142732   0.208443 0.00503329
 0.0468819 0.00908383 0.00503329   0.283641
IMAGINARY
          0  -0.0136217  -0.0111689  -0.0156655
  0.0136217           0 -0.00923874  0.00611836
  0.0111689  0.00923874           0 -0.00910557
  0.0156655 -0.00611836  0.00910557           0
EndNode2[0]<--->HoM1[0]
REAL
  0.284392 -0.0270674  0.0129853  0.0503287
-0.0270674   0.223545 -0.0125683 -0.0142874
 0.0129853 -0.0125683   0.220899  0.0140466
 0.0503287 -0.0142874  0.0140466   0.271164
IMAGINARY
           0  0.000486161  0.000701364  0.000246505
-0.000486161            0  -0.00290608   -0.0216671
-0.000701364   0.00290608            0   -0.0125573
-0.000246505    0.0216671    0.0125573            0
Repeater1[0]<--->EndNode1[0]
REAL
  0.275726 0.00782438  0.0239522  0.0468819
0.00782438   0.208443 0.00142732 0.00503329
 0.0239522 0.00142732    0.23219 0.00908383
 0.0468819 0.00503329 0.00908383   0.283641
IMAGINARY
          0  -0.0111689  -0.0136217  -0.0156655
  0.0111689           0  0.00923874 -0.00910557
  0.0136217 -0.00923874           0  0.00611836
  0.0156655  0.00910557 -0.00611836           0
Repeater1[0]<--->HoM1[0]
REAL
  0.284392  0.0129853 -0.0270674  0.0503287
 0.0129853   0.220899 -0.0125683  0.0140466
-0.0270674 -0.0125683   0.223545 -0.0142874
 0.0503287  0.0140466 -0.0142874   0.271164
IMAGINARY
           0  0.000701364  0.000486161  0.000246505
-0.000701364            0   0.00290608   -0.0125573
-0.000486161  -0.00290608            0   -0.0216671
-0.000246505    0.0125573    0.0216671            0
EndNode1[0]<--->Repeater1[0]
REAL
    0.302879    0.0158722  0.000247723    0.0509565
   0.0158722       0.2403    0.0242986  -0.00152323
 0.000247723    0.0242986     0.197747 -0.000566117
   0.0509565  -0.00152323 -0.000566117     0.259074
IMAGINARY
           0   0.00984053    -1.91e-05   0.00426777
 -0.00984053            0   0.00358564 -0.000631095
    1.91e-05  -0.00358564            0    -0.001388
 -0.00426777  0.000631095     0.001388            0
EndNode2[0]<--->HoM1[0]
REAL
    0.27673 -0.00225772   0.0100125   0.0485716
-0.00225772    0.192453 -0.00509333 -0.00880474
  0.0100125 -0.00509333    0.233962  0.00829637
  0.0485716 -0.00880474  0.00829637    0.296855
IMAGINARY
           0  0.000747451   -0.0116673   -0.0152211
-0.000747451            0   0.00185209   -0.0289086
   0.0116673  -0.00185209            0   -0.0347789
   0.0152211    0.0289086    0.0347789            0
Repeater1[0]<--->EndNode1[0]
REAL
    0.302879  0.000247723    0.0158722    0.0509565
 0.000247723     0.197747    0.0242986 -0.000566117
   0.0158722    0.0242986       0.2403  -0.00152323
   0.0509565 -0.000566117  -0.00152323     0.259074
IMAGINARY
           0    -1.91e-05   0.00984053   0.00426777
    1.91e-05            0  -0.00358564    -0.001388
 -0.00984053   0.00358564            0 -0.000631095
 -0.00426777     0.001388  0.000631095            0
Repeater1[0]<--->HoM1[0]
REAL
    0.27673   0.0100125 -0.00225772   0.0485716
  0.0100125    0.233962 -0.00509333  0.00829637
-0.00225772 -0.00509333    0.192453 -0.00880474
  0.0485716  0.00829637 -0.00880474    0.296855
IMAGINARY
           0   -0.0116673  0.000747451   -0.0152211
   0.0116673            0  -0.00185209   -0.0347789
-0.000747451   0.00185209            0   -0.0289086
   0.0152211    0.0347789    0.0289086            0
EndNode1[0]<--->Repeater1[0]
REAL
   0.29987 -0.0140941 -0.0167461  0.0839159
-0.0140941   0.183833 -0.0126675 0.00476628
-0.0167461 -0.0126675   0.209909 -0.0180623
 0.0839159 0.00476628 -0.0180623   0.306389
IMAGINARY
          0     0.00588  -0.0128941 -0.00068793
   -0.00588           0  -0.0138623   0.0135511
  0.0128941   0.0138623           0  -0.0131073
 0.00068793  -0.0135511   0.0131073           0
EndNode2[0]<--->HoM1[0]
REAL
   0.273698 -0.00217112   0.0145467   0.0386431
-0.00217112    0.246996  -0.0095497   0.0145467
  0.0145467  -0.0095497    0.198932   0.0150263
  0.0386431   0.0145467   0.0150263    0.280374
IMAGINARY
          0  -0.0063764   0.0215507  0.00887395
  0.0063764           0   0.0275406  -0.0107073
 -0.0215507  -0.0275406           0  -0.0129007
-0.00887395   0.0107073   0.0129007           0
Repeater1[0]<--->EndNode1[0]
REAL
   0.29987 -0.0167461 -0.0140941  0.0839159
-0.0167461   0.209909 -0.0126675 -0.0180623
-0.0140941 -0.0126675   0.183833 0.00476628
 0.0839159 -0.0180623 0.00476628   0.306389
IMAGINARY
          0  -0.0128941     0.00588 -0.00068793
  0.0128941           0   0.0138623  -0.0131073
   -0.00588  -0.0138623           0   0.0135511
 0.00068793   0.0131073  -0.0135511           0
Repeater1[0]<--->HoM1[0]
REAL
   0.273698   0.0145467 -0.00217112   0.0386431
  0.0145467    0.198932  -0.0095497   0.0150263
-0.00217112  -0.0095497    0.246996   0.0145467
  0.0386431   0.0150263   0.0145467    0.280374
IMAGINARY
          0   0.0215507  -0.0063764  0.00887395
 -0.0215507           0  -0.0275406  -0.0129007
  0.0063764   0.0275406           0  -0.0107073
-0.00887395   0.0129007   0.0107073           0
EndNode1[0]<--->Repeater1[0]
REAL
    0.293059    0.0124234   0.00527377    0.0650644
   0.0124234     0.197943  0.000387737    0.0142944
  0.00527377  0.000387737     0.205656 -0.000952406
   0.0650644    0.0142944 -0.000952406     0.303342
IMAGINARY
          0  0.00187811  0.00715523 -0.00260724
-0.00187811           0   0.0209385  0.00155124
-0.00715523  -0.0209385           0 -0.00312189
 0.00260724 -0.00155124  0.00312189           0
EndNode2[0]<--->HoM1[0]
REAL
   0.277778 -0.00441949  0.00559701   0.0371091
-0.00441949    0.222222 0.000204335  0.00559701
 0.00559701 0.000204335     0.22096  -0.0092621
  0.0371091  0.00559701  -0.0092621     0.27904
IMAGINARY
          0  0.00372024  -0.0093361  0.00258915
-0.00372024           0  0.00867846   0.0093361
  0.0093361 -0.00867846           0 -0.00252976
-0.00258915  -0.0093361  0.00252976           0
Repeater1[0]<--->EndNode1[0]
REAL
    0.293059   0.00527377    0.0124234    0.0650644
  0.00527377     0.205656  0.000387737 -0.000952406
   0.0124234  0.000387737     0.197943    0.0142944
   0.0650644 -0.000952406    0.0142944     0.303342
IMAGINARY
          0  0.00715523  0.00187811 -0.00260724
-0.00715523           0  -0.0209385 -0.00312189
-0.00187811   0.0209385           0  0.00155124
 0.00260724  0.00312189 -0.00155124           0
Repeater1[0]<--->HoM1[0]
REAL
   0.277778  0.00559701 -0.00441949   0.0371091
 0.00559701     0.22096 0.000204335  -0.0092621
-0.00441949 0.000204335    0.222222  0.00559701
  0.0371091  -0.0092621  0.00559701     0.27904
IMAGINARY
          0  -0.0093361  0.00372024  0.00258915
  0.0093361           0 -0.00867846 -0.00252976
-0.00372024  0.00867846           0   0.0093361
-0.00258915  0.00252976  -0.0093361           0
EndNode1[0]<--->Repeater1[0]
REAL
    0.274667   -0.0148196  -0.00782818    0.0661549
  -0.0148196        0.208    0.0261032   0.00331205
 -0.00782818    0.0261032     0.221333 -1.90974e-05
   0.0661549   0.00331205 -1.90974e-05        0.296
IMAGINARY
          0  0.00400085  -0.0125908   0.0226629
-0.00400085           0 -0.00120645   -0.011957
  0.0125908  0.00120645           0 -0.00529283
 -0.0226629    0.011957  0.00529283           0
EndNode2[0]<--->HoM1[0]
REAL
   0.307076   0.0261967  0.00595073   0.0465166
  0.0261967    0.218959 0.000255489  0.00656574
 0.00595073 0.000255489    0.202937 -0.00314004
  0.0465166  0.00656574 -0.00314004    0.271028
IMAGINARY
          0 -0.00129487  -0.0198798   0.0102596
 0.00129487           0  0.00232314   -0.013707
  0.0198798 -0.00232314           0  0.00953315
 -0.0102596    0.013707 -0.00953315           0
Repeater1[0]<--->EndNode1[0]
REAL
    0.274667  -0.00782818   -0.0148196    0.0661549
 -0.00782818     0.221333    0.0261032 -1.90974e-05
  -0.0148196    0.0261032        0.208   0.00331205
   0.0661549 -1.90974e-05   0.00331205        0.296
IMAGINARY
          0  -0.0125908  0.00400085   0.0226629
  0.0125908           0  0.00120645 -0.00529283
-0.00400085 -0.00120645           0   -0.011957
 -0.0226629  0.00529283    0.011957           0
Repeater1[0]<--->HoM1[0]
REAL
   0.307076  0.00595073   0.0261967   0.0465166
 0.00595073    0.202937 0.000255489 -0.00314004
  0.0261967 0.000255489    0.218959  0.00656574
  0.0465166 -0.00314004  0.00656574    0.271028
IMAGINARY
          0  -0.0198798 -0.00129487   0.0102596
  0.0198798           0 -0.00232314  0.00953315
 0.00129487  0.00232314           0   -0.013707
 -0.0102596 -0.00953315    0.013707           0
EndNode1[0]<--->Repeater1[0]
REAL
    0.27204  0.00786958 -0.00885515   0.0409184
 0.00786958    0.236776  0.00510936  -0.0270843
-0.00885515  0.00510936    0.202771  0.00158817
  0.0409184  -0.0270843  0.00158817    0.288413
IMAGINARY
           0  9.82415e-05   0.00176285   -0.0101916
-9.82415e-05            0    -0.010861   0.00486844
 -0.00176285     0.010861            0   -0.0120346
   0.0101916  -0.00486844    0.0120346            0
EndNode2[0]<--->HoM1[0]
REAL
   0.272727 -0.00906736  -0.0116332   0.0636561
-0.00906736    0.233586  0.00240609 -0.00779687
 -0.0116332  0.00240609    0.210859 -0.00906736
  0.0636561 -0.00779687 -0.00906736    0.282828
IMAGINARY
           0  -0.00197018   -0.0110975 -0.000495348
  0.00197018            0    0.0172912   0.00859752
   0.0110975   -0.0172912            0    0.0107202
 0.000495348  -0.00859752   -0.0107202            0
Repeater1[0]<--->EndNode1[0]
REAL
    0.27204 -0.00885515  0.00786958   0.0409184
-0.00885515    0.202771  0.00510936  0.00158817
 0.00786958  0.00510936    0.236776  -0.0270843
  0.0409184  0.00158817  -0.0270843    0.288413
IMAGINARY
           0   0.00176285  9.82415e-05   -0.0101916
 -0.00176285            0     0.010861   -0.0120346
-9.82415e-05    -0.010861            0   0.00486844
   0.0101916    0.0120346  -0.00486844            0
Repeater1[0]<--->HoM1[0]
REAL
   0.272727  -0.0116332 -0.00906736   0.0636561
 -0.0116332    0.210859  0.00240609 -0.00906736
-0.00906736  0.00240609    0.233586 -0.00779687
  0.0636561 -0.00906736 -0.00779687    0.282828
IMAGINARY
           0   -0.0110975  -0.00197018 -0.000495348
   0.0110975            0   -0.0172912    0.0107202
  0.00197018    0.0172912            0   0.00859752
 0.000495348   -0.0107202  -0.00859752            0
EndNode1[0]<--->Repeater1[0]
REAL
   0.310479  0.00690338 -0.00576223   0.0464521
 0.00690338    0.232859  -0.0106031  -0.0212818
-0.00576223  -0.0106031    0.206986 -0.00753231
  0.0464521  -0.0212818 -0.00753231    0.249677
IMAGINARY
           0  -0.00874718   -0.0093301  -0.00381603
  0.00874718            0   0.00448537  0.000127651
   0.0093301  -0.00448537            0   0.00199871
  0.00381603 -0.000127651  -0.00199871            0
EndNode2[0]<--->HoM1[0]
REAL
  0.261905 0.00155898  0.0197055  0.0634509
0.00155898   0.221805 -0.0143553 0.00484227
 0.0197055 -0.0143553   0.213033  0.0139449
 0.0634509 0.00484227  0.0139449   0.303258
IMAGINARY
          0    0.017936   0.0094291  0.00681198
  -0.017936           0  0.00484605  0.00460151
 -0.0094291 -0.00484605           0  0.00247212
-0.00681198 -0.00460151 -0.00247212           0
Repeater1[0]<--->EndNode1[0]
REAL
   0.310479 -0.00576223  0.00690338   0.0464521
-0.00576223    0.206986  -0.0106031 -0.00753231
 0.00690338  -0.0106031    0.232859  -0.0212818
  0.0464521 -0.00753231  -0.0212818    0.249677
IMAGINARY
           0   -0.0093301  -0.00874718  -0.00381603
   0.0093301            0  -0.00448537   0.00199871
  0.00874718   0.00448537            0  0.000127651
  0.00381603  -0.00199871 -0.000127651            0
Repeater1[0]<--->HoM1[0]
REAL
  0.261905  0.0197055 0.00155898  0.0634509
 0.0197055   0.213033 -0.0143553  0.0139449
0.00155898 -0.0143553   0.221805 0.00484227
 0.0634509  0.0139449 0.00484227   0.303258
IMAGINARY
          0   0.0094291    0.017936  0.00681198
 -0.0094291           0 -0.00484605  0.00247212
  -0.017936  0.00484605           0  0.00460151
-0.00681198 -0.00247212 -0.00460151           0
EndNode1[0]<--->Repeater1[0]
REAL
   0.286822 -0.00972222  -0.0190799    0.044866
-0.00972222    0.235142  0.00415357  -0.0152338
 -0.0190799  0.00415357     0.20155   0.0170752
   0.044866  -0.0152338   0.0170752    0.276486
IMAGINARY
           0  -0.00765306 -0.000655409   -0.0251829
  0.00765306            0  -0.00714169  -0.00570591
 0.000655409   0.00714169            0   0.00765306
   0.0251829   0.00570591  -0.00765306            0
EndNode2[0]<--->HoM1[0]
REAL
   0.260591  -0.0223057  0.00130794   0.0587315
 -0.0223057    0.254172  0.00627462   0.0236009
 0.00130794  0.00627462    0.192555 -0.00138806
  0.0587315   0.0236009 -0.00138806    0.292683
IMAGINARY
          0  0.00747336    0.040015   0.0029373
-0.00747336           0  -0.0387864  0.00314568
  -0.040015   0.0387864           0  0.00381482
 -0.0029373 -0.00314568 -0.00381482           0
Repeater1[0]<--->EndNode1[0]
REAL
   0.286822  -0.0190799 -0.00972222    0.044866
 -0.0190799     0.20155  0.00415357   0.0170752
-0.00972222  0.00415357    0.235142  -0.0152338
   0.044866   0.0170752  -0.0152338    0.276486
IMAGINARY
           0 -0.000655409  -0.00765306   -0.0251829
 0.000655409            0   0.00714169   0.00765306
  0.00765306  -0.00714169            0  -0.00570591
   0.0251829  -0.00765306   0.00570591            0
Repeater1[0]<--->HoM1[0]
REAL
   0.260591  0.00130794  -0.0223057   0.0587315
 0.00130794    0.192555  0.00627462 -0.00138806
 -0.0223057  0.00627462    0.254172   0.0236009
  0.0587315 -0.00138806   0.0236009    0.292683
IMAGINARY
          0    0.040015  0.00747336   0.0029373
  -0.040015           0   0.0387864  0.00381482
-0.00747336  -0.0387864           0  0.00314568
 -0.0029373 -0.00381482 -0.00314568           0
EndNode1[0]<--->Repeater1[0]
REAL
   0.282523  0.00167612   0.0097232   0.0581066
 0.00167612    0.193167 -0.00241042 -0.00719155
  0.0097232 -0.00241042    0.220762   0.0147796
  0.0581066 -0.00719155   0.0147796    0.303548
IMAGINARY
           0    0.0124492   -0.0230341   -0.0184785
  -0.0124492            0  -0.00613286  0.000119862
   0.0230341   0.00613286            0   -0.0200873
   0.0184785 -0.000119862    0.0200873            0
EndNode2[0]<--->HoM1[0]
REAL
 0.279755 0.0232669 0.0193413  0.064277
0.0232669  0.223313 0.0169086 0.0206071
0.0193413 0.0169086  0.214724 0.0153929
 0.064277 0.0206071 0.0153929  0.282209
IMAGINARY
          0 -0.00080875 -0.00522246  0.00975452
 0.00080875           0   0.0145294 -0.00135648
 0.00522246  -0.0145294           0   0.0100193
-0.00975452  0.00135648  -0.0100193           0
Repeater1[0]<--->EndNode1[0]
REAL
   0.282523   0.0097232  0.00167612   0.0581066
  0.0097232    0.220762 -0.00241042   0.0147796
 0.00167612 -0.00241042    0.193167 -0.00719155
  0.0581066   0.0147796 -0.00719155    0.303548
IMAGINARY
           0   -0.0230341    0.0124492   -0.0184785
   0.0230341            0   0.00613286   -0.0200873
  -0.0124492  -0.00613286            0  0.000119862
   0.0184785    0.0200873 -0.000119862            0
Repeater1[0]<--->HoM1[0]
REAL
 0.279755 0.0193413 0.0232669  0.064277
0.0193413  0.214724 0.0169086 0.0153929
0.0232669 0.0169086  0.223313 0.0206071
 0.064277 0.0153929 0.0206071  0.282209
IMAGINARY
          0 -0.00522246 -0.00080875  0.00975452
 0.00522246           0  -0.0145294   0.0100193
 0.00080875   0.0145294           0 -0.00135648
-0.00975452  -0.0100193  0.00135648           0
EndNode1[0]<--->Repeater1[0]
REAL
   0.280723 -0.00719217  -0.0110888   0.0341057
-0.00719217    0.221687  0.00687794 -0.00845722
 -0.0110888  0.00687794    0.218072  -0.0300083
  0.0341057 -0.00845722  -0.0300083    0.279518
IMAGINARY
          0  -0.0168529  -0.0178622  0.00564293
  0.0168529           0   0.0102301   0.0339513
  0.0178622  -0.0102301           0  -0.0215134
-0.00564293  -0.0339513   0.0215134           0
EndNode2[0]<--->HoM1[0]
REAL
     0.26455     0.010766   -0.0129253     0.073862
    0.010766     0.222222    0.0157845 -0.000963583
  -0.0129253    0.0157845     0.242063   -0.0132912
    0.073862 -0.000963583   -0.0132912     0.271164
IMAGINARY
          0  0.00909321  -0.0106745 -0.00336458
-0.00909321           0 -0.00400643   0.0126772
  0.0106745  0.00400643           0 -0.00442031
 0.00336458  -0.0126772  0.00442031           0
Repeater1[0]<--->EndNode1[0]
REAL
   0.280723  -0.0110888 -0.00719217   0.0341057
 -0.0110888    0.218072  0.00687794  -0.0300083
-0.00719217  0.00687794    0.221687 -0.00845722
  0.0341057  -0.0300083 -0.00845722    0.279518
IMAGINARY
          0  -0.0178622  -0.0168529  0.00564293
  0.0178622           0  -0.0102301  -0.0215134
  0.0168529   0.0102301           0   0.0339513
-0.00564293   0.0215134  -0.0339513           0
Repeater1[0]<--->HoM1[0]
REAL
     0.26455   -0.0129253     0.010766     0.073862
  -0.0129253     0.242063    0.0157845   -0.0132912
    0.010766    0.0157845     0.222222 -0.000963583
    0.073862   -0.0132912 -0.000963583     0.271164
IMAGINARY
          0  -0.0106745  0.00909321 -0.00336458
  0.0106745           0  0.00400643 -0.00442031
-0.00909321 -0.00400643           0   0.0126772
 0.00336458  0.00442031  -0.0126772           0
EndNode1[0]<--->Repeater1[0]
REAL
   0.281541 0.000740428 -0.00367806   0.0606503
0.000740428    0.201859 0.000385429 0.000595445
-0.00367806 0.000385429    0.232404   0.0208379
  0.0606503 0.000595445   0.0208379    0.284197
IMAGINARY
          0 -0.00948035  0.00465238   0.0298392
 0.00948035           0   0.0230575   0.0172019
-0.00465238  -0.0230575           0   0.0194141
 -0.0298392  -0.0172019  -0.0194141           0
EndNode2[0]<--->HoM1[0]
REAL
   0.300126  0.00181809  0.00990991   0.0585393
 0.00181809    0.203026  -0.0193501  -0.0234234
 0.00990991  -0.0193501    0.228247 -0.00316944
  0.0585393  -0.0234234 -0.00316944      0.2686
IMAGINARY
          0  -0.0160683 -0.00604624 -0.00169547
  0.0160683           0  -0.0162073   0.0173528
 0.00604624   0.0162073           0   0.0022492
 0.00169547  -0.0173528  -0.0022492           0
Repeater1[0]<--->EndNode1[0]
REAL
   0.281541 -0.00367806 0.000740428   0.0606503
-0.00367806    0.232404 0.000385429   0.0208379
0.000740428 0.000385429    0.201859 0.000595445
  0.0606503   0.0208379 0.000595445    0.284197
IMAGINARY
          0  0.00465238 -0.00948035   0.0298392
-0.00465238           0  -0.0230575   0.0194141
 0.00948035   0.0230575           0   0.0172019
 -0.0298392  -0.0194141  -0.0172019           0
Repeater1[0]<--->HoM1[0]
REAL
   0.300126  0.00990991  0.00181809   0.0585393
 0.00990991    0.228247  -0.0193501 -0.00316944
 0.00181809  -0.0193501    0.203026  -0.0234234
  0.0585393 -0.00316944  -0.0234234      0.2686
IMAGINARY
          0 -0.00604624  -0.0160683 -0.00169547
 0.00604624           0   0.0162073   0.0022492
  0.0160683  -0.0162073           0   0.0173528
 0.00169547  -0.0022492  -0.0173528           0
EndNode1[0]<--->Repeater1[0]
REAL
   0.255291  0.00279953   0.0139241   0.0804637
 0.00279953    0.227513   0.0185462 -0.00278545
  0.0139241   0.0185462    0.232804   0.0108143
  0.0804637 -0.00278545   0.0108143    0.284392
IMAGINARY
          0   0.0113022  0.00361552 -0.00186871
 -0.0113022           0  -0.0180814  0.00770272
-0.00361552   0.0180814           0   0.0106685
 0.00186871 -0.00770272  -0.0106685           0
EndNode2[0]<--->HoM1[0]
REAL
  0.275229 0.00381067 -0.0142611  0.0463187
0.00381067   0.242464 0.00826097 0.00359607
-0.0142611 0.00826097   0.193971  -0.013221
 0.0463187 0.00359607  -0.013221   0.288336
IMAGINARY
          0  0.00795801  -0.0086514 -0.00949248
-0.00795801           0   -0.016682   -0.012346
  0.0086514    0.016682           0 -0.00270866
 0.00949248    0.012346  0.00270866           0
Repeater1[0]<--->EndNode1[0]
REAL
   0.255291   0.0139241  0.00279953   0.0804637
  0.0139241    0.232804   0.0185462   0.0108143
 0.00279953   0.0185462    0.227513 -0.00278545
  0.0804637   0.0108143 -0.00278545    0.284392
IMAGINARY
          0  0.00361552   0.0113022 -0.00186871
-0.00361552           0   0.0180814   0.0106685
 -0.0113022  -0.0180814           0  0.00770272
 0.00186871  -0.0106685 -0.00770272           0
Repeater1[0]<--->HoM1[0]
REAL
  0.275229 -0.0142611 0.00381067  0.0463187
-0.0142611   0.193971 0.00826097  -0.013221
0.00381067 0.00826097   0.242464 0.00359607
 0.0463187  -0.013221 0.00359607   0.288336
IMAGINARY
          0  -0.0086514  0.00795801 -0.00949248
  0.0086514           0    0.016682 -0.00270866
-0.00795801   -0.016682           0   -0.012346
 0.00949248  0.00270866    0.012346           0
EndNode1[0]<--->Repeater1[0]
REAL
    0.283562 -0.000614251   -0.0157949    0.0459396
-0.000614251     0.208219  -0.00727983   0.00290832
  -0.0157949  -0.00727983     0.227397  0.000614251
   0.0459396   0.00290832  0.000614251     0.280822
IMAGINARY
           0    0.0013274   -0.0185108    -0.009835
  -0.0013274            0   0.00389049 -0.000543047
   0.0185108  -0.00389049            0   -0.0164391
    0.009835  0.000543047    0.0164391            0
EndNode2[0]<--->HoM1[0]
REAL
   0.285135 -0.00628772  -0.0329852   0.0483827
-0.00628772    0.209459  0.00501536  0.00507256
 -0.0329852  0.00501536    0.224324   0.0099285
  0.0483827  0.00507256   0.0099285    0.281081
IMAGINARY
          0  -0.0172637 -0.00440834  0.00186104
  0.0172637           0  0.00186104  0.00185732
 0.00440834 -0.00186104           0 -0.00569553
-0.00186104 -0.00185732  0.00569553           0
Repeater1[0]<--->EndNode1[0]
REAL
    0.283562   -0.0157949 -0.000614251    0.0459396
  -0.0157949     0.227397  -0.00727983  0.000614251
-0.000614251  -0.00727983     0.208219   0.00290832
   0.0459396  0.000614251   0.00290832     0.280822
IMAGINARY
           0   -0.0185108    0.0013274    -0.009835
   0.0185108            0  -0.00389049   -0.0164391
  -0.0013274   0.00389049            0 -0.000543047
    0.009835    0.0164391  0.000543047            0
Repeater1[0]<--->HoM1[0]
REAL
   0.285135  -0.0329852 -0.00628772   0.0483827
 -0.0329852    0.224324  0.00501536   0.0099285
-0.00628772  0.00501536    0.209459  0.00507256
  0.0483827   0.0099285  0.00507256    0.281081
IMAGINARY
          0 -0.00440834  -0.0172637  0.00186104
 0.00440834           0 -0.00186104 -0.00569553
  0.0172637  0.00186104           0  0.00185732
-0.00186104  0.00569553 -0.00185732           0
EndNode1[0]<--->Repeater1[0]
REAL
   0.295775 0.000718218  -0.0198423   0.0656289
0.000718218     0.21895 -0.00914354  -0.0310643
 -0.0198423 -0.00914354     0.22023  0.00695263
  0.0656289  -0.0310643  0.00695263    0.265045
IMAGINARY
          0   0.0137645  0.00925264 -0.00933076
 -0.0137645           0 -0.00933076   -0.013804
-0.00925264  0.00933076           0   0.0258974
 0.00933076    0.013804  -0.0258974           0
EndNode2[0]<--->HoM1[0]
REAL
   0.277174 -0.00351524  0.00318264   0.0535125
-0.00351524    0.230978  -0.0161991   0.0083506
 0.00318264  -0.0161991     0.19837  -0.0270139
  0.0535125   0.0083506  -0.0270139    0.293478
IMAGINARY
          0  0.00810213   0.0139764  0.00572502
-0.00810213           0  0.00837754 -0.00436101
 -0.0139764 -0.00837754           0  0.00872479
-0.00572502  0.00436101 -0.00872479           0
Repeater1[0]<--->EndNode1[0]
REAL
   0.295775  -0.0198423 0.000718218   0.0656289
 -0.0198423     0.22023 -0.00914354  0.00695263
0.000718218 -0.00914354     0.21895  -0.0310643
  0.0656289  0.00695263  -0.0310643    0.265045
IMAGINARY
          0  0.00925264   0.0137645 -0.00933076
-0.00925264           0  0.00933076   0.0258974
 -0.0137645 -0.00933076           0   -0.013804
 0.00933076  -0.0258974    0.013804           0
Repeater1[0]<--->HoM1[0]
REAL
   0.277174  0.00318264 -0.00351524   0.0535125
 0.00318264     0.19837  -0.0161991  -0.0270139
-0.00351524  -0.0161991    0.230978   0.0083506
  0.0535125  -0.0270139   0.0083506    0.293478
IMAGINARY
          0   0.0139764  0.00810213  0.00572502
 -0.0139764           0 -0.00837754  0.00872479
-0.00810213  0.00837754           0 -0.00436101
-0.00572502 -0.00872479  0.00436101           0
EndNode1[0]<--->Repeater1[0]
REAL
  0.302356  0.0108044 -0.0104236  0.0711673
 0.0108044   0.201571 -0.0129149 -0.0162754
-0.0104236 -0.0129149    0.23822 -0.0083772
 0.0711673 -0.0162754 -0.0083772   0.257853
IMAGINARY
           0   0.00327635  -0.00622558  -0.00773087
 -0.00327635            0  -0.00709393 -0.000834749
  0.00622558   0.00709393            0   0.00635138
  0.00773087  0.000834749  -0.00635138            0
EndNode2[0]<--->HoM1[0]
REAL
   0.289474 -0.00817772  0.00850019   0.0789459
-0.00817772    0.212919  -0.0155472  0.00783968
 0.00850019  -0.0155472    0.226077 -0.00685496
  0.0789459  0.00783968 -0.00685496    0.271531
IMAGINARY
           0  -0.00726215    0.0124009    0.0127113
  0.00726215            0 -0.000516196  -0.00426575
  -0.0124009  0.000516196            0  -0.00337614
  -0.0127113   0.00426575   0.00337614            0
Repeater1[0]<--->EndNode1[0]
REAL
  0.302356 -0.0104236  0.0108044  0.0711673
-0.0104236    0.23822 -0.0129149 -0.0083772
 0.0108044 -0.0129149   0.201571 -0.0162754
 0.0711673 -0.0083772 -0.0162754   0.257853
IMAGINARY
           0  -0.00622558   0.00327635  -0.00773087
  0.00622558            0   0.00709393   0.00635138
 -0.00327635  -0.00709393            0 -0.000834749
  0.00773087  -0.00635138  0.000834749            0
Repeater1[0]<--->HoM1[0]
REAL
   0.289474  0.00850019 -0.00817772   0.0789459
 0.00850019    0.226077  -0.0155472 -0.00685496
-0.00817772  -0.0155472    0.212919  0.00783968
  0.0789459 -0.00685496  0.00783968    0.271531
IMAGINARY
           0    0.0124009  -0.00726215    0.0127113
  -0.0124009            0  0.000516196  -0.00337614
  0.00726215 -0.000516196            0  -0.00426575
  -0.0127113   0.00337614   0.00426575            0
EndNode1[0]<--->Repeater1[0]
REAL
   0.286593 -0.00128209   0.0104684   0.0593631
-0.00128209    0.215252   0.0156369 -0.00915266
  0.0104684   0.0156369    0.246002   0.0249663
  0.0593631 -0.00915266   0.0249663    0.252153
IMAGINARY
           0   -0.0157589  -0.00138725   -0.0225561
   0.0157589            0  0.000319738    0.0299044
  0.00138725 -0.000319738            0    0.0277994
   0.0225561   -0.0299044   -0.0277994            0
EndNode2[0]<--->HoM1[0]
REAL
    0.265888   -0.0174262  -0.00183395    0.0607426
  -0.0174262     0.226978 -0.000331257   0.00568999
 -0.00183395 -0.000331257     0.206226    0.0058581
   0.0607426   0.00568999    0.0058581     0.300908
IMAGINARY
           0 -0.000797939  -0.00296527    0.0108015
 0.000797939            0    0.0148556    -0.012471
  0.00296527   -0.0148556            0     0.020261
  -0.0108015     0.012471    -0.020261            0
Repeater1[0]<--->EndNode1[0]
REAL
   0.286593   0.0104684 -0.00128209   0.0593631
  0.0104684    0.246002   0.0156369   0.0249663
-0.00128209   0.0156369    0.215252 -0.00915266
  0.0593631   0.0249663 -0.00915266    0.252153
IMAGINARY
           0  -0.00138725   -0.0157589   -0.0225561
  0.00138725            0 -0.000319738    0.0277994
   0.0157589  0.000319738            0    0.0299044
   0.0225561   -0.0277994   -0.0299044            0
Repeater1[0]<--->HoM1[0]
REAL
    0.265888  -0.00183395   -0.0174262    0.0607426
 -0.00183395     0.206226 -0.000331257    0.0058581
  -0.0174262 -0.000331257     0.226978   0.00568999
   0.0607426    0.0058581   0.00568999     0.300908
IMAGINARY
           0  -0.00296527 -0.000797939    0.0108015
  0.00296527            0   -0.0148556     0.020261
 0.000797939    0.0148556            0    -0.012471
  -0.0108015    -0.020261     0.012471            0
EndNode1[0]<--->Repeater1[0]
REAL
   0.279846   -0.013835  -0.0126209   0.0698845
  -0.013835    0.195122  0.00568221  0.00380482
 -0.0126209  0.00568221    0.243902 -0.00883501
  0.0698845  0.00380482 -0.00883501     0.28113
IMAGINARY
           0  -0.00194553  -0.00619376   0.00449961
  0.00194553            0  6.36192e-05    0.0107333
  0.00619376 -6.36192e-05            0   0.00259403
 -0.00449961   -0.0107333  -0.00259403            0
EndNode2[0]<--->HoM1[0]
REAL
    0.282581    0.0182721     0.017521    0.0517649
   0.0182721     0.202581 -8.69998e-05   -0.0168499
    0.017521 -8.69998e-05     0.237419   -0.0122319
   0.0517649   -0.0168499   -0.0122319     0.277419
IMAGINARY
          0  0.00276436  -0.0121967   -0.023239
-0.00276436           0   0.0098244 -0.00385268
  0.0121967  -0.0098244           0  0.00711218
   0.023239  0.00385268 -0.00711218           0
Repeater1[0]<--->EndNode1[0]
REAL
   0.279846  -0.0126209   -0.013835   0.0698845
 -0.0126209    0.243902  0.00568221 -0.00883501
  -0.013835  0.00568221    0.195122  0.00380482
  0.0698845 -0.00883501  0.00380482     0.28113
IMAGINARY
           0  -0.00619376  -0.00194553   0.00449961
  0.00619376            0 -6.36192e-05   0.00259403
  0.00194553  6.36192e-05            0    0.0107333
 -0.00449961  -0.00259403   -0.0107333            0
Repeater1[0]<--->HoM1[0]
REAL
    0.282581     0.017521    0.0182721    0.0517649
    0.017521     0.237419 -8.69998e-05   -0.0122319
   0.0182721 -8.69998e-05     0.202581   -0.0168499
   0.0517649   -0.0122319   -0.0168499     0.277419
IMAGINARY
          0  -0.0121967  0.00276436   -0.023239
  0.0121967           0  -0.0098244  0.00711218
-0.00276436   0.0098244           0 -0.00385268
   0.023239 -0.00711218  0.00385268           0
EndNode1[0]<--->Repeater1[0]
REAL
   0.267105  -0.0074612 -0.00729061   0.0669293
 -0.0074612    0.221053 -0.00269092  0.00530385
-0.00729061 -0.00269092    0.227632 -0.00114807
  0.0669293  0.00530385 -0.00114807    0.284211
IMAGINARY
          0  -0.0150285  -0.0137975   0.0132257
  0.0150285           0 -0.00760768  0.00620253
  0.0137975  0.00760768           0 -0.00522462
 -0.0132257 -0.00620253  0.00522462           0
EndNode2[0]<--->HoM1[0]
REAL
   0.310692   0.0120602 -0.00802794    0.056593
  0.0120602    0.198742  0.00704341  -0.0127513
-0.00802794  0.00704341    0.218868 -0.00686536
   0.056593  -0.0127513 -0.00686536    0.271698
IMAGINARY
          0   0.0119407   0.0209823  -0.0113047
 -0.0119407           0    0.020638 -0.00360782
 -0.0209823   -0.020638           0   0.0170168
  0.0113047  0.00360782  -0.0170168           0
Repeater1[0]<--->EndNode1[0]
REAL
   0.267105 -0.00729061  -0.0074612   0.0669293
-0.00729061    0.227632 -0.00269092 -0.00114807
 -0.0074612 -0.00269092    0.221053  0.00530385
  0.0669293 -0.00114807  0.00530385    0.284211
IMAGINARY
          0  -0.0137975  -0.0150285   0.0132257
  0.0137975           0  0.00760768 -0.00522462
  0.0150285 -0.00760768           0  0.00620253
 -0.0132257  0.00522462 -0.00620253           0
Repeater1[0]<--->HoM1[0]
REAL
   0.310692 -0.00802794   0.0120602    0.056593
-0.00802794    0.218868  0.00704341 -0.00686536
  0.0120602  0.00704341    0.198742  -0.0127513
   0.056593 -0.00686536  -0.0127513    0.271698
IMAGINARY
          0   0.0209823   0.0119407  -0.0113047
 -0.0209823           0   -0.020638   0.0170168
 -0.0119407    0.020638           0 -0.00360782
  0.0113047  -0.0170168  0.00360782           0
EndNode1[0]<--->Repeater1[0]
REAL
   0.297092  -0.0171256 -0.00218789   0.0555037
 -0.0171256    0.216182   0.0234437  0.00594728
-0.00218789   0.0234437    0.213654  0.00584739
  0.0555037  0.00594728  0.00584739    0.273072
IMAGINARY
          0 -0.00870491  -0.0128799  -0.0209308
 0.00870491           0  0.00915882  0.00264801
  0.0128799 -0.00915882           0  -0.0288121
  0.0209308 -0.00264801   0.0288121           0
EndNode2[0]<--->HoM1[0]
REAL
   0.302835    0.017994  -0.0184179   0.0819574
   0.017994    0.220361 -0.00604778   0.0077529
 -0.0184179 -0.00604778    0.213918  0.00396336
  0.0819574   0.0077529  0.00396336    0.262887
IMAGINARY
          0 -0.00940705 -0.00127048   0.0159262
 0.00940705           0   0.0147126  0.00192237
 0.00127048  -0.0147126           0 -0.00167509
 -0.0159262 -0.00192237  0.00167509           0
Repeater1[0]<--->EndNode1[0]
REAL
   0.297092 -0.00218789  -0.0171256   0.0555037
-0.00218789    0.213654   0.0234437  0.00584739
 -0.0171256   0.0234437    0.216182  0.00594728
  0.0555037  0.00584739  0.00594728    0.273072
IMAGINARY
          0  -0.0128799 -0.00870491  -0.0209308
  0.0128799           0 -0.00915882  -0.0288121
 0.00870491  0.00915882           0  0.00264801
  0.0209308   0.0288121 -0.00264801           0
Repeater1[0]<--->HoM1[0]
REAL
   0.302835  -0.0184179    0.017994   0.0819574
 -0.0184179    0.213918 -0.00604778  0.00396336
   0.017994 -0.00604778    0.220361   0.0077529
  0.0819574  0.00396336   0.0077529    0.262887
IMAGINARY
          0 -0.00127048 -0.00940705   0.0159262
 0.00127048           0  -0.0147126 -0.00167509
 0.00940705   0.0147126           0  0.00192237
 -0.0159262  0.00167509 -0.00192237           0
EndNode1[0]<--->Repeater1[0]
REAL
    0.285319 -0.000982509   -0.0107891    0.0801109
-0.000982509     0.192521   -0.0125784    0.0107891
  -0.0107891   -0.0125784     0.242382   -0.0081084
   0.0801109    0.0107891   -0.0081084     0.279778
IMAGINARY
          0   -0.015278  -0.0118155 -0.00471559
   0.015278           0   -0.005411  -0.0025448
  0.0118155    0.005411           0   0.0035287
 0.00471559   0.0025448  -0.0035287           0
EndNode2[0]<--->HoM1[0]
REAL
   0.277062   0.0159829  -0.0223473     0.05344
  0.0159829    0.219072 -0.00641034   0.0248225
 -0.0223473 -0.00641034    0.212629  0.00381904
    0.05344   0.0248225  0.00381904    0.291237
IMAGINARY
           0  -0.00787025  1.84848e-05   -0.0143703
  0.00787025            0  -0.00348683     0.016191
-1.84848e-05   0.00348683            0  0.000388958
   0.0143703    -0.016191 -0.000388958            0
Repeater1[0]<--->EndNode1[0]
REAL
    0.285319   -0.0107891 -0.000982509    0.0801109
  -0.0107891     0.242382   -0.0125784   -0.0081084
-0.000982509   -0.0125784     0.192521    0.0107891
   0.0801109   -0.0081084    0.0107891     0.279778
IMAGINARY
          0  -0.0118155   -0.015278 -0.00471559
  0.0118155           0    0.005411   0.0035287
   0.015278   -0.005411           0  -0.0025448
 0.00471559  -0.0035287   0.0025448           0
Repeater1[0]<--->HoM1[0]
REAL
   0.277062  -0.0223473   0.0159829     0.05344
 -0.0223473    0.212629 -0.00641034  0.00381904
  0.0159829 -0.00641034    0.219072   0.0248225
    0.05344  0.00381904   0.0248225    0.291237
IMAGINARY
           0  1.84848e-05  -0.00787025   -0.0143703
-1.84848e-05            0   0.00348683  0.000388958
  0.00787025  -0.00348683            0     0.016191
   0.0143703 -0.000388958    -0.016191            0
EndNode1[0]<--->Repeater1[0]
REAL
   0.269649 -0.00961429   0.0021168   0.0530319
-0.00961429    0.229746   0.0114186   0.0121301
  0.0021168   0.0114186    0.227328  -0.0344834
  0.0530319   0.0121301  -0.0344834    0.273277
IMAGINARY
          0 -0.00857201   0.0111774  -0.0185722
 0.00857201           0  0.00748843  -0.0015743
 -0.0111774 -0.00748843           0  -0.0138352
  0.0185722   0.0015743   0.0138352           0
EndNode2[0]<--->HoM1[0]
REAL
   0.280745  0.00461125  0.00987371   0.0387407
 0.00461125    0.226087   0.0346424   0.0150019
 0.00987371   0.0346424    0.219876 -0.00336747
  0.0387407   0.0150019 -0.00336747    0.273292
IMAGINARY
           0  -0.00626678  0.000295528    0.0153431
  0.00626678            0   0.00944531   -0.0221535
-0.000295528  -0.00944531            0  -0.00876054
  -0.0153431    0.0221535   0.00876054            0
Repeater1[0]<--->EndNode1[0]
REAL
   0.269649   0.0021168 -0.00961429   0.0530319
  0.0021168    0.227328   0.0114186  -0.0344834
-0.00961429   0.0114186    0.229746   0.0121301
  0.0530319  -0.0344834   0.0121301    0.273277
IMAGINARY
          0   0.0111774 -0.00857201  -0.0185722
 -0.0111774           0 -0.00748843  -0.0138352
 0.00857201  0.00748843           0  -0.0015743
  0.0185722   0.0138352   0.0015743           0
Repeater1[0]<--->HoM1[0]
REAL
   0.280745  0.00987371  0.00461125   0.0387407
 0.00987371    0.219876   0.0346424 -0.00336747
 0.00461125   0.0346424    0.226087   0.0150019
  0.0387407 -0.00336747   0.0150019    0.273292
IMAGINARY
           0  0.000295528  -0.00626678    0.0153431
-0.000295528            0  -0.00944531  -0.00876054
  0.00626678   0.00944531            0   -0.0221535
  -0.0153431   0.00876054    0.0221535            0
EndNode1[0]<--->Repeater1[0]
REAL
  0.242503 -0.0192883 0.00236334  0.0539233
-0.0192883   0.229465 0.00219916  0.0282489
0.00236334 0.00219916   0.211213 0.00398216
 0.0539233  0.0282489 0.00398216   0.316819
IMAGINARY
          0  0.00126986    0.013309  -0.0195446
-0.00126986           0   0.0158591  -0.0119828
  -0.013309  -0.0158591           0 -0.00259612
  0.0195446   0.0119828  0.00259612           0
EndNode2[0]<--->HoM1[0]
REAL
  0.263409 0.00321962 -0.0242421  0.0454328
0.00321962   0.213349  0.0114148  0.0151981
-0.0242421  0.0114148   0.233611 -0.0161395
 0.0454328  0.0151981 -0.0161395   0.289631
IMAGINARY
          0   0.0136187 -0.00424314   0.0242243
 -0.0136187           0 -0.00417079   0.0010339
 0.00424314  0.00417079           0  0.00371119
 -0.0242243  -0.0010339 -0.00371119           0
Repeater1[0]<--->EndNode1[0]
REAL
  0.242503 0.00236334 -0.0192883  0.0539233
0.00236334   0.211213 0.00219916 0.00398216
-0.0192883 0.00219916   0.229465  0.0282489
 0.0539233 0.00398216  0.0282489   0.316819
IMAGINARY
          0    0.013309  0.00126986  -0.0195446
  -0.013309           0  -0.0158591 -0.00259612
-0.00126986   0.0158591           0  -0.0119828
  0.0195446  0.00259612   0.0119828           0
Repeater1[0]<--->HoM1[0]
REAL
  0.263409 -0.0242421 0.00321962  0.0454328
-0.0242421   0.233611  0.0114148 -0.0161395
0.00321962  0.0114148   0.213349  0.0151981
 0.0454328 -0.0161395  0.0151981   0.289631
IMAGINARY
          0 -0.00424314   0.0136187   0.0242243
 0.00424314           0  0.00417079  0.00371119
 -0.0136187 -0.00417079           0   0.0010339
 -0.0242243 -0.00371119  -0.0010339           0
EndNode1[0]<--->Repeater1[0]
REAL
   0.270619  -0.0100092 -0.00372468   0.0870603
 -0.0100092    0.217784 -0.00147472  0.00951618
-0.00372468 -0.00147472    0.215206  0.00807868
  0.0870603  0.00951618  0.00807868    0.296392
IMAGINARY
           0  0.000769672    -0.032342   -0.0143384
-0.000769672            0   0.00232828   0.00622739
    0.032342  -0.00232828            0   0.00878447
   0.0143384  -0.00622739  -0.00878447            0
EndNode2[0]<--->HoM1[0]
REAL
   0.276699 -0.00861302 -0.00330073   0.0565207
-0.00861302    0.224515 0.000679858  -0.0148689
-0.00330073 0.000679858    0.205097  0.00255649
  0.0565207  -0.0148689  0.00255649    0.293689
IMAGINARY
          0  0.00304635  -0.0298251  0.00239401
-0.00304635           0   0.0108686   0.0150626
  0.0298251  -0.0108686           0   0.0219857
-0.00239401  -0.0150626  -0.0219857           0
Repeater1[0]<--->EndNode1[0]
REAL
   0.270619 -0.00372468  -0.0100092   0.0870603
-0.00372468    0.215206 -0.00147472  0.00807868
 -0.0100092 -0.00147472    0.217784  0.00951618
  0.0870603  0.00807868  0.00951618    0.296392
IMAGINARY
           0    -0.032342  0.000769672   -0.0143384
    0.032342            0  -0.00232828   0.00878447
-0.000769672   0.00232828            0   0.00622739
   0.0143384  -0.00878447  -0.00622739            0
Repeater1[0]<--->HoM1[0]
REAL
   0.276699 -0.00330073 -0.00861302   0.0565207
-0.00330073    0.205097 0.000679858  0.00255649
-0.00861302 0.000679858    0.224515  -0.0148689
  0.0565207  0.00255649  -0.0148689    0.293689
IMAGINARY
          0  -0.0298251  0.00304635  0.00239401
  0.0298251           0  -0.0108686   0.0219857
-0.00304635   0.0108686           0   0.0150626
-0.00239401  -0.0219857  -0.0150626           0
EndNode1[0]<--->Repeater1[0]
REAL
   0.290363  -0.0154655  0.00175126   0.0429905
 -0.0154655    0.232791 -0.00539656   0.0208051
 0.00175126 -0.00539656    0.198999 -0.00583777
  0.0429905   0.0208051 -0.00583777    0.277847
IMAGINARY
          0    0.013819  -0.0024715 -0.00174677
  -0.013819           0  0.00419775   0.0173102
  0.0024715 -0.00419775           0  0.00231004
 0.00174677  -0.0173102 -0.00231004           0
EndNode2[0]<--->HoM1[0]
REAL
    0.29768 -0.00631154   0.0192171   0.0449515
-0.00631154     0.23067  0.00290748 -0.00662267
  0.0192171  0.00290748    0.222938   0.0050521
  0.0449515 -0.00662267   0.0050521    0.248711
IMAGINARY
          0   0.0176572  -0.0038972  0.00678663
 -0.0176572           0  -0.0132134  -0.0355595
  0.0038972   0.0132134           0   0.0011009
-0.00678663   0.0355595  -0.0011009           0
Repeater1[0]<--->EndNode1[0]
REAL
   0.290363  0.00175126  -0.0154655   0.0429905
 0.00175126    0.198999 -0.00539656 -0.00583777
 -0.0154655 -0.00539656    0.232791   0.0208051
  0.0429905 -0.00583777   0.0208051    0.277847
IMAGINARY
          0  -0.0024715    0.013819 -0.00174677
  0.0024715           0 -0.00419775  0.00231004
  -0.013819  0.00419775           0   0.0173102
 0.00174677 -0.00231004  -0.0173102           0
Repeater1[0]<--->HoM1[0]
REAL
    0.29768   0.0192171 -0.00631154   0.0449515
  0.0192171    0.222938  0.00290748   0.0050521
-0.00631154  0.00290748     0.23067 -0.00662267
  0.0449515   0.0050521 -0.00662267    0.248711
IMAGINARY
          0  -0.0038972   0.0176572  0.00678663
  0.0038972           0   0.0132134   0.0011009
 -0.0176572  -0.0132134           0  -0.0355595
-0.00678663  -0.0011009   0.0355595           0
EndNode1[0]<--->Repeater1[0]
REAL
  0.280212  0.0193722 -0.0264355  0.0528824
 0.0193722   0.223108 -0.0129585 0.00932523
-0.0264355 -0.0129585   0.211155 0.00280778
 0.0528824 0.00932523 0.00280778   0.285525
IMAGINARY
          0 -0.00795505  0.00392924 -0.00346443
 0.00795505           0  0.00810019 -0.00979625
-0.00392924 -0.00810019           0  0.00730316
 0.00346443  0.00979625 -0.00730316           0
EndNode2[0]<--->HoM1[0]
REAL
    0.26204 -0.00328269  -0.0159909   0.0678437
-0.00328269    0.208215  -0.0153869 0.000718634
 -0.0159909  -0.0153869    0.240793   0.0158989
  0.0678437 0.000718634   0.0158989    0.288952
IMAGINARY
          0  0.00776462 -0.00461008 -0.00151846
-0.00776462           0   0.0241885 -0.00710385
 0.00461008  -0.0241885           0  0.00148322
 0.00151846  0.00710385 -0.00148322           0
Repeater1[0]<--->EndNode1[0]
REAL
  0.280212 -0.0264355  0.0193722  0.0528824
-0.0264355   0.211155 -0.0129585 0.00280778
 0.0193722 -0.0129585   0.223108 0.00932523
 0.0528824 0.00280778 0.00932523   0.285525
IMAGINARY
          0  0.00392924 -0.00795505 -0.00346443
-0.00392924           0 -0.00810019  0.00730316
 0.00795505  0.00810019           0 -0.00979625
 0.00346443 -0.00730316  0.00979625           0
Repeater1[0]<--->HoM1[0]
REAL
    0.26204  -0.0159909 -0.00328269   0.0678437
 -0.0159909    0.240793  -0.0153869   0.0158989
-0.00328269  -0.0153869    0.208215 0.000718634
  0.0678437   0.0158989 0.000718634    0.288952
IMAGINARY
          0 -0.00461008  0.00776462 -0.00151846
 0.00461008           0  -0.0241885  0.00148322
-0.00776462   0.0241885           0 -0.00710385
 0.00151846 -0.00148322  0.00710385           0
EndNode1[0]<--->Repeater1[0]
REAL
   0.255428 -0.00636537  0.00124473   0.0462512
-0.00636537    0.229885  0.00149416   0.0120179
 0.00124473  0.00149416    0.222222   0.0103441
  0.0462512   0.0120179   0.0103441    0.292465
IMAGINARY
          0  0.00445546   0.0161625 -0.00537228
-0.00445546           0 -0.00342169 -0.00848985
 -0.0161625  0.00342169           0  0.00577472
 0.00537228  0.00848985 -0.00577472           0
EndNode2[0]<--->HoM1[0]
REAL
   0.252022   0.0282936 0.000279054   0.0302267
  0.0282936    0.247978    -0.02267  0.00223984
0.000279054    -0.02267    0.222372  -0.0119208
  0.0302267  0.00223984  -0.0119208    0.277628
IMAGINARY
           0   0.00144603   0.00839068  7.35294e-05
 -0.00144603            0    0.0134069    0.0243549
 -0.00839068   -0.0134069            0    0.0199645
-7.35294e-05   -0.0243549   -0.0199645            0
Repeater1[0]<--->EndNode1[0]
REAL
   0.255428  0.00124473 -0.00636537   0.0462512
 0.00124473    0.222222  0.00149416   0.0103441
-0.00636537  0.00149416    0.229885   0.0120179
  0.0462512   0.0103441   0.0120179    0.292465
IMAGINARY
          0   0.0161625  0.00445546 -0.00537228
 -0.0161625           0  0.00342169  0.00577472
-0.00445546 -0.00342169           0 -0.00848985
 0.00537228 -0.00577472  0.00848985           0
Repeater1[0]<--->HoM1[0]
REAL
   0.252022 0.000279054   0.0282936   0.0302267
0.000279054    0.222372    -0.02267  -0.0119208
  0.0282936    -0.02267    0.247978  0.00223984
  0.0302267  -0.0119208  0.00223984    0.277628
IMAGINARY
           0   0.00839068   0.00144603  7.35294e-05
 -0.00839068            0   -0.0134069    0.0199645
 -0.00144603    0.0134069            0    0.0243549
-7.35294e-05   -0.0199645   -0.0243549            0
EndNode1[0]<--->Repeater1[0]
REAL
   0.286228 -0.00674615   -0.011546   0.0643631
-0.00674615    0.190419  -0.0164907  0.00356731
  -0.011546  -0.0164907    0.215569    -0.01719
  0.0643631  0.00356731    -0.01719    0.307784
IMAGINARY
          0  -0.0168553 -0.00205712   0.0011539
  0.0168553           0   0.0208099  0.00141029
 0.00205712  -0.0208099           0   0.0123275
 -0.0011539 -0.00141029  -0.0123275           0
EndNode2[0]<--->HoM1[0]
REAL
  0.263658 -0.0140807 0.00452643  0.0802651
-0.0140807   0.195962  -0.010112 -0.0198325
0.00452643  -0.010112   0.256532  -0.010154
 0.0802651 -0.0198325  -0.010154   0.283848
IMAGINARY
          0 -0.00915727 -0.00430388   0.0017305
 0.00915727           0  0.00960451  0.00365368
 0.00430388 -0.00960451           0 -0.00449682
 -0.0017305 -0.00365368  0.00449682           0
Repeater1[0]<--->EndNode1[0]
REAL
   0.286228   -0.011546 -0.00674615   0.0643631
  -0.011546    0.215569  -0.0164907    -0.01719
-0.00674615  -0.0164907    0.190419  0.00356731
  0.0643631    -0.01719  0.00356731    0.307784
IMAGINARY
          0 -0.00205712  -0.0168553   0.0011539
 0.00205712           0  -0.0208099   0.0123275
  0.0168553   0.0208099           0  0.00141029
 -0.0011539  -0.0123275 -0.00141029           0
Repeater1[0]<--->HoM1[0]
REAL
  0.263658 0.00452643 -0.0140807  0.0802651
0.00452643   0.256532  -0.010112  -0.010154
-0.0140807  -0.010112   0.195962 -0.0198325
 0.0802651  -0.010154 -0.0198325   0.283848
IMAGINARY
          0 -0.00430388 -0.00915727   0.0017305
 0.00430388           0 -0.00960451 -0.00449682
 0.00915727  0.00960451           0  0.00365368
 -0.0017305  0.00449682 -0.00365368           0
EndNode1[0]<--->Repeater1[0]
REAL
   0.263224 -0.00751996  -0.0162556   0.0623296
-0.00751996    0.214106 -0.00692067 -0.00221407
 -0.0162556 -0.00692067    0.248111  0.00356218
  0.0623296 -0.00221407  0.00356218    0.274559
IMAGINARY
           0    0.0124131  -0.00442129    0.0178723
  -0.0124131            0   -0.0113106    0.0114098
  0.00442129    0.0113106            0 -0.000341973
  -0.0178723   -0.0114098  0.000341973            0
EndNode2[0]<--->HoM1[0]
REAL
    0.29199   0.0147545 -0.00403993   0.0668128
  0.0147545    0.223514 -0.00746936   0.0103531
-0.00403993 -0.00746936    0.192506  0.00797276
  0.0668128   0.0103531  0.00797276     0.29199
IMAGINARY
          0   0.0393453   0.0050119  0.00438926
 -0.0393453           0  -0.0123893   0.0043514
 -0.0050119   0.0123893           0  0.00497433
-0.00438926  -0.0043514 -0.00497433           0
Repeater1[0]<--->EndNode1[0]
REAL
   0.263224  -0.0162556 -0.00751996   0.0623296
 -0.0162556    0.248111 -0.00692067  0.00356218
-0.00751996 -0.00692067    0.214106 -0.00221407
  0.0623296  0.00356218 -0.00221407    0.274559
IMAGINARY
           0  -0.00442129    0.0124131    0.0178723
  0.00442129            0    0.0113106 -0.000341973
  -0.0124131   -0.0113106            0    0.0114098
  -0.0178723  0.000341973   -0.0114098            0
Repeater1[0]<--->HoM1[0]
REAL
    0.29199 -0.00403993   0.0147545   0.0668128
-0.00403993    0.192506 -0.00746936  0.00797276
  0.0147545 -0.00746936    0.223514   0.0103531
  0.0668128  0.00797276   0.0103531     0.29199
IMAGINARY
          0   0.0050119   0.0393453  0.00438926
 -0.0050119           0   0.0123893  0.00497433
 -0.0393453  -0.0123893           0   0.0043514
-0.00438926 -0.00497433  -0.0043514           0
EndNode1[0]<--->Repeater1[0]
REAL
   0.271845  -0.0254516  0.00485528   0.0594769
 -0.0254516     0.25104 -0.00623019  0.00943044
 0.00485528 -0.00623019     0.20527  -0.0122107
  0.0594769  0.00943044  -0.0122107    0.271845
IMAGINARY
           0   -0.0081281    0.0210484  -0.00452793
   0.0081281            0  2.34305e-05   -0.0154164
  -0.0210484 -2.34305e-05            0   -0.0137743
  0.00452793    0.0154164    0.0137743            0
EndNode2[0]<--->HoM1[0]
REAL
   0.298547   0.0129537 -0.00437315   0.0558046
  0.0129537    0.216645  0.00941282   0.0104118
-0.00437315  0.00941282    0.216645 -0.00933047
  0.0558046   0.0104118 -0.00933047    0.268164
IMAGINARY
          0  0.00449391    -0.02508 -0.00426106
-0.00449391           0 -0.00105181   0.0134821
    0.02508  0.00105181           0  0.00194938
 0.00426106  -0.0134821 -0.00194938           0
Repeater1[0]<--->EndNode1[0]
REAL
   0.271845  0.00485528  -0.0254516   0.0594769
 0.00485528     0.20527 -0.00623019  -0.0122107
 -0.0254516 -0.00623019     0.25104  0.00943044
  0.0594769  -0.0122107  0.00943044    0.271845
IMAGINARY
           0    0.0210484   -0.0081281  -0.00452793
  -0.0210484            0 -2.34305e-05   -0.0137743
   0.0081281  2.34305e-05            0   -0.0154164
  0.00452793    0.0137743    0.0154164            0
Repeater1[0]<--->HoM1[0]
REAL
   0.298547 -0.00437315   0.0129537   0.0558046
-0.00437315    0.216645  0.00941282 -0.00933047
  0.0129537  0.00941282    0.216645   0.0104118
  0.0558046 -0.00933047   0.0104118    0.268164
IMAGINARY
          0    -0.02508  0.00449391 -0.00426106
    0.02508           0  0.00105181  0.00194938
-0.00449391 -0.00105181           0   0.0134821
 0.00426106 -0.00194938  -0.0134821           0
EndNode1[0]<--->Repeater1[0]
REAL
   0.260291 -0.00969729 -0.00506012   0.0556718
-0.00969729    0.234867  -0.0116105  0.00442155
-0.00506012  -0.0116105    0.234867  -0.0152069
  0.0556718  0.00442155  -0.0152069    0.269976
IMAGINARY
          0  -0.0181626  -0.0163113   0.0188292
  0.0181626           0  0.00916066 -0.00875464
  0.0163113 -0.00916066           0  -0.0095419
 -0.0188292  0.00875464   0.0095419           0
EndNode2[0]<--->HoM1[0]
REAL
   0.298289   0.0141506 -0.00882702   0.0520988
  0.0141506    0.229829 -0.00711169   0.0101124
-0.00882702 -0.00711169    0.200489   0.0128417
  0.0520988   0.0101124   0.0128417    0.271394
IMAGINARY
          0     0.01897  -0.0300677  -0.0055201
   -0.01897           0  0.00682558  0.00638348
  0.0300677 -0.00682558           0   0.0323458
  0.0055201 -0.00638348  -0.0323458           0
Repeater1[0]<--->EndNode1[0]
REAL
   0.260291 -0.00506012 -0.00969729   0.0556718
-0.00506012    0.234867  -0.0116105  -0.0152069
-0.00969729  -0.0116105    0.234867  0.00442155
  0.0556718  -0.0152069  0.00442155    0.269976
IMAGINARY
          0  -0.0163113  -0.0181626   0.0188292
  0.0163113           0 -0.00916066  -0.0095419
  0.0181626  0.00916066           0 -0.00875464
 -0.0188292   0.0095419  0.00875464           0
Repeater1[0]<--->HoM1[0]
REAL
   0.298289 -0.00882702   0.0141506   0.0520988
-0.00882702    0.200489 -0.00711169   0.0128417
  0.0141506 -0.00711169    0.229829   0.0101124
  0.0520988   0.0128417   0.0101124    0.271394
IMAGINARY
          0  -0.0300677     0.01897  -0.0055201
  0.0300677           0 -0.00682558   0.0323458
   -0.01897  0.00682558           0  0.00638348
  0.0055201  -0.0323458 -0.00638348           0
EndNode1[0]<--->Repeater1[0]
REAL
    0.270725   0.00219062  -0.00262213    0.0723745
  0.00219062     0.229275   -0.0181261 -0.000645845
 -0.00262213   -0.0181261     0.221503    0.0272211
   0.0723745 -0.000645845    0.0272211     0.278497
IMAGINARY
           0  -0.00682944  0.000363108    0.0121565
  0.00682944            0    0.0179331   -0.0215441
-0.000363108   -0.0179331            0   0.00875498
  -0.0121565    0.0215441  -0.00875498            0
EndNode2[0]<--->HoM1[0]
REAL
   0.284653   0.0164982   0.0134126   0.0619393
  0.0164982    0.231436  -0.0119393 0.000689959
  0.0134126  -0.0119393    0.217822  0.00401462
  0.0619393 0.000689959  0.00401462    0.266089
IMAGINARY
          0   0.0113835   0.0174599  0.00477406
 -0.0113835           0   0.0213304  -0.0346103
 -0.0174599  -0.0213304           0 -0.00346796
-0.00477406   0.0346103  0.00346796           0
Repeater1[0]<--->EndNode1[0]
REAL
    0.270725  -0.00262213   0.00219062    0.0723745
 -0.00262213     0.221503   -0.0181261    0.0272211
  0.00219062   -0.0181261     0.229275 -0.000645845
   0.0723745    0.0272211 -0.000645845     0.278497
IMAGINARY
           0  0.000363108  -0.00682944    0.0121565
-0.000363108            0   -0.0179331   0.00875498
  0.00682944    0.0179331            0   -0.0215441
  -0.0121565  -0.00875498    0.0215441            0
Repeater1[0]<--->HoM1[0]
REAL
   0.284653   0.0134126   0.0164982   0.0619393
  0.0134126    0.217822  -0.0119393  0.00401462
  0.0164982  -0.0119393    0.231436 0.000689959
  0.0619393  0.00401462 0.000689959    0.266089
IMAGINARY
          0   0.0174599   0.0113835  0.00477406
 -0.0174599           0  -0.0213304 -0.00346796
 -0.0113835   0.0213304           0  -0.0346103
-0.00477406  0.00346796   0.0346103           0
EndNode1[0]<--->Repeater1[0]
REAL
  0.286452  0.0029525 -0.0214502  0.0548409
 0.0029525   0.225806 -0.0049075  -0.013836
-0.0214502 -0.0049075   0.230968 -0.0169339
 0.0548409  -0.013836 -0.0169339   0.256774
IMAGINARY
           0   0.00790247   -0.0195989   0.00404419
 -0.00790247            0 -0.000706405    -0.008703
   0.0195989  0.000706405            0   0.00530507
 -0.00404419     0.008703  -0.00530507            0
EndNode2[0]<--->HoM1[0]
REAL
    0.28005 -0.00580766 -0.00521988   0.0856665
-0.00580766    0.198265  0.00317917   0.0344028
-0.00521988  0.00317917    0.234201 -0.00262295
  0.0856665   0.0344028 -0.00262295    0.287485
IMAGINARY
          0  -0.0163777  0.00317259 -0.00733303
  0.0163777           0  0.00666189  0.00317259
-0.00317259 -0.00666189           0 -0.00392686
 0.00733303 -0.00317259  0.00392686           0
Repeater1[0]<--->EndNode1[0]
REAL
  0.286452 -0.0214502  0.0029525  0.0548409
-0.0214502   0.230968 -0.0049075 -0.0169339
 0.0029525 -0.0049075   0.225806  -0.013836
 0.0548409 -0.0169339  -0.013836   0.256774
IMAGINARY
           0   -0.0195989   0.00790247   0.00404419
   0.0195989            0  0.000706405   0.00530507
 -0.00790247 -0.000706405            0    -0.008703
 -0.00404419  -0.00530507     0.008703            0
Repeater1[0]<--->HoM1[0]
REAL
    0.28005 -0.00521988 -0.00580766   0.0856665
-0.00521988    0.234201  0.00317917 -0.00262295
-0.00580766  0.00317917    0.198265   0.0344028
  0.0856665 -0.00262295   0.0344028    0.287485
IMAGINARY
          0  0.00317259  -0.0163777 -0.00733303
-0.00317259           0 -0.00666189 -0.00392686
  0.0163777  0.00666189           0  0.00317259
 0.00733303  0.00392686 -0.00317259           0
EndNode1[0]<--->Repeater1[0]
REAL
   0.256308  0.00848349  -0.0277526   0.0718686
 0.00848349     0.22178 -0.00388895 0.000433671
 -0.0277526 -0.00388895     0.22178 -0.00784817
  0.0718686 0.000433671 -0.00784817    0.300133
IMAGINARY
          0  0.00449071  -0.0125191  0.00725635
-0.00449071           0  0.00460383  -0.0118551
  0.0125191 -0.00460383           0 -0.00383195
-0.00725635   0.0118551  0.00383195           0
EndNode2[0]<--->HoM1[0]
REAL
  0.294416 -0.0130278   0.011703  0.0604441
-0.0130278   0.218274  -0.016218 0.00795301
  0.011703  -0.016218   0.219543 0.00934225
 0.0604441 0.00795301 0.00934225   0.267766
IMAGINARY
          0   0.0154006   0.0260358  -0.0273146
 -0.0154006           0    0.017188 -0.00229092
 -0.0260358   -0.017188           0   0.0341245
  0.0273146  0.00229092  -0.0341245           0
Repeater1[0]<--->EndNode1[0]
REAL
   0.256308  -0.0277526  0.00848349   0.0718686
 -0.0277526     0.22178 -0.00388895 -0.00784817
 0.00848349 -0.00388895     0.22178 0.000433671
  0.0718686 -0.00784817 0.000433671    0.300133
IMAGINARY
          0  -0.0125191  0.00449071  0.00725635
  0.0125191           0 -0.00460383 -0.00383195
-0.00449071  0.00460383           0  -0.0118551
-0.00725635  0.00383195   0.0118551           0
Repeater1[0]<--->HoM1[0]
REAL
  0.294416   0.011703 -0.0130278  0.0604441
  0.011703   0.219543  -0.016218 0.00934225
-0.0130278  -0.016218   0.218274 0.00795301
 0.0604441 0.00934225 0.00795301   0.267766
IMAGINARY
          0   0.0260358   0.0154006  -0.0273146
 -0.0260358           0   -0.017188   0.0341245
 -0.0154006    0.017188           0 -0.00229092
  0.0273146  -0.0341245  0.00229092           0
EndNode1[0]<--->Repeater1[0]
REAL
   0.268354  -0.0170139 0.000646818   0.0404159
 -0.0170139    0.227848   -0.023086 -0.00128867
0.000646818   -0.023086    0.217722 -0.00930185
  0.0404159 -0.00128867 -0.00930185    0.286076
IMAGINARY
          0   0.0225857 -0.00788402 -0.00423382
 -0.0225857           0 -0.00554272   0.0072675
 0.00788402  0.00554272           0   -0.017037
 0.00423382  -0.0072675    0.017037           0
EndNode2[0]<--->HoM1[0]
REAL
   0.296433   0.0120396  -0.0200465   0.0654588
  0.0120396    0.238622 -0.00761815  0.00976376
 -0.0200465 -0.00761815    0.202952  0.00338452
  0.0654588  0.00976376  0.00338452    0.261993
IMAGINARY
          0 -0.00893609   0.0043759  -0.0151076
 0.00893609           0 -0.00780347  0.00972667
 -0.0043759  0.00780347           0 -0.00644853
  0.0151076 -0.00972667  0.00644853           0
Repeater1[0]<--->EndNode1[0]
REAL
   0.268354 0.000646818  -0.0170139   0.0404159
0.000646818    0.217722   -0.023086 -0.00930185
 -0.0170139   -0.023086    0.227848 -0.00128867
  0.0404159 -0.00930185 -0.00128867    0.286076
IMAGINARY
          0 -0.00788402   0.0225857 -0.00423382
 0.00788402           0  0.00554272   -0.017037
 -0.0225857 -0.00554272           0   0.0072675
 0.00423382    0.017037  -0.0072675           0
Repeater1[0]<--->HoM1[0]
REAL
   0.296433  -0.0200465   0.0120396   0.0654588
 -0.0200465    0.202952 -0.00761815  0.00338452
  0.0120396 -0.00761815    0.238622  0.00976376
  0.0654588  0.00338452  0.00976376    0.261993
IMAGINARY
          0   0.0043759 -0.00893609  -0.0151076
 -0.0043759           0  0.00780347 -0.00644853
 0.00893609 -0.00780347           0  0.00972667
  0.0151076  0.00644853 -0.00972667           0
