EndNode1[0]<--->Repeater1[0]
REAL
  0.483176 -0.0157578 0.00506314   0.395113
-0.0157578  0.0417227  0.0202809 -0.0174016
0.00506314  0.0202809  0.0471063 -0.0106817
  0.395113 -0.0174016 -0.0106817   0.427995
IMAGINARY
           0    0.0200588   -0.0210359   -0.0124446
  -0.0200588            0    0.0248305   0.00152046
   0.0210359   -0.0248305            0  0.000802532
   0.0124446  -0.00152046 -0.000802532            0
EndNode2[0]<--->HoM1[0]
REAL
   0.457921 -0.00837971  -0.0163154    0.377472
-0.00837971   0.0420792   0.0137745  0.00570532
 -0.0163154   0.0137745   0.0470297   -0.020798
   0.377472  0.00570532   -0.020798     0.45297
IMAGINARY
           0     0.013944  -0.00355723    0.0186161
   -0.013944            0   -0.0142025  0.000183415
  0.00355723    0.0142025            0  -0.00382252
  -0.0186161 -0.000183415   0.00382252            0
Repeater1[0]<--->EndNode1[0]
REAL
  0.483176 0.00506314 -0.0157578   0.395113
0.00506314  0.0471063  0.0202809 -0.0106817
-0.0157578  0.0202809  0.0417227 -0.0174016
  0.395113 -0.0106817 -0.0174016   0.427995
IMAGINARY
           0   -0.0210359    0.0200588   -0.0124446
   0.0210359            0   -0.0248305  0.000802532
  -0.0200588    0.0248305            0   0.00152046
   0.0124446 -0.000802532  -0.00152046            0
Repeater1[0]<--->HoM1[0]
REAL
   0.457921  -0.0163154 -0.00837971    0.377472
 -0.0163154   0.0470297   0.0137745   -0.020798
-0.00837971   0.0137745   0.0420792  0.00570532
   0.377472   -0.020798  0.00570532     0.45297
IMAGINARY
           0  -0.00355723     0.013944    0.0186161
  0.00355723            0    0.0142025  -0.00382252
   -0.013944   -0.0142025            0  0.000183415
  -0.0186161   0.00382252 -0.000183415            0
EndNode1[0]<--->Repeater1[0]
REAL
  0.463198 0.00533475   0.010531   0.384848
0.00533475  0.0532995  0.0131907  0.0136521
  0.010531  0.0131907  0.0571066  0.0188483
  0.384848  0.0136521  0.0188483   0.426396
IMAGINARY
          0  0.00180161  -0.0052534  -0.0038584
-0.00180161           0  -0.0238069   0.0052534
  0.0052534   0.0238069           0    0.016915
  0.0038584  -0.0052534   -0.016915           0
EndNode2[0]<--->HoM1[0]
REAL
   0.43568 0.00505029  0.0185651   0.385964
0.00505029  0.0376214  0.0280691 -0.0229899
 0.0185651  0.0280691  0.0497573  -0.014532
  0.385964 -0.0229899  -0.014532   0.476942
IMAGINARY
          0  -0.0135488   0.0127358 -0.00886916
  0.0135488           0   0.0263789   0.0372642
 -0.0127358  -0.0263789           0  -0.0180302
 0.00886916  -0.0372642   0.0180302           0
Repeater1[0]<--->EndNode1[0]
REAL
  0.463198   0.010531 0.00533475   0.384848
  0.010531  0.0571066  0.0131907  0.0188483
0.00533475  0.0131907  0.0532995  0.0136521
  0.384848  0.0188483  0.0136521   0.426396
IMAGINARY
          0  -0.0052534  0.00180161  -0.0038584
  0.0052534           0   0.0238069    0.016915
-0.00180161  -0.0238069           0   0.0052534
  0.0038584   -0.016915  -0.0052534           0
Repeater1[0]<--->HoM1[0]
REAL
   0.43568  0.0185651 0.00505029   0.385964
 0.0185651  0.0497573  0.0280691  -0.014532
0.00505029  0.0280691  0.0376214 -0.0229899
  0.385964  -0.014532 -0.0229899   0.476942
IMAGINARY
          0   0.0127358  -0.0135488 -0.00886916
 -0.0127358           0  -0.0263789  -0.0180302
  0.0135488   0.0263789           0   0.0372642
 0.00886916   0.0180302  -0.0372642           0
EndNode1[0]<--->Repeater1[0]
REAL
   0.408912  -0.0128547 -0.00316772    0.386897
 -0.0128547   0.0668414   0.0293469 -0.00444649
-0.00316772   0.0293469   0.0445609 -0.00237377
   0.386897 -0.00444649 -0.00237377    0.479685
IMAGINARY
           0   -0.0127428  -0.00661287    0.0208202
   0.0127428            0  1.31358e-05   0.00518837
  0.00661287 -1.31358e-05            0   -0.0114737
  -0.0208202  -0.00518837    0.0114737            0
EndNode2[0]<--->HoM1[0]
REAL
   0.438263  0.00229851 0.000287245    0.403935
 0.00229851   0.0624152  0.00219324  0.00688355
0.000287245  0.00219324   0.0502035  0.00747985
   0.403935  0.00688355  0.00747985    0.449118
IMAGINARY
          0   0.0352649  -0.0173495 -0.00793705
 -0.0352649           0  -0.0116965  -0.0224515
  0.0173495   0.0116965           0    0.010755
 0.00793705   0.0224515   -0.010755           0
Repeater1[0]<--->EndNode1[0]
REAL
   0.408912 -0.00316772  -0.0128547    0.386897
-0.00316772   0.0445609   0.0293469 -0.00237377
 -0.0128547   0.0293469   0.0668414 -0.00444649
   0.386897 -0.00237377 -0.00444649    0.479685
IMAGINARY
           0  -0.00661287   -0.0127428    0.0208202
  0.00661287            0 -1.31358e-05   -0.0114737
   0.0127428  1.31358e-05            0   0.00518837
  -0.0208202    0.0114737  -0.00518837            0
Repeater1[0]<--->HoM1[0]
REAL
   0.438263 0.000287245  0.00229851    0.403935
0.000287245   0.0502035  0.00219324  0.00747985
 0.00229851  0.00219324   0.0624152  0.00688355
   0.403935  0.00747985  0.00688355    0.449118
IMAGINARY
          0  -0.0173495   0.0352649 -0.00793705
  0.0173495           0   0.0116965    0.010755
 -0.0352649  -0.0116965           0  -0.0224515
 0.00793705   -0.010755   0.0224515           0
EndNode1[0]<--->Repeater1[0]
REAL
   0.470223 -0.00839426  -0.0133929    0.385848
-0.00839426   0.0459057   0.0317653   0.0190747
 -0.0133929   0.0317653   0.0657568 -0.00581028
   0.385848   0.0190747 -0.00581028    0.418114
IMAGINARY
           0    -0.023004  0.000734851   0.00330113
    0.023004            0   0.00263712    0.0226922
-0.000734851  -0.00263712            0   -0.0124712
 -0.00330113   -0.0226922    0.0124712            0
EndNode2[0]<--->HoM1[0]
REAL
  0.475845 0.00632558 -0.0292999   0.371624
0.00632558  0.0507246  0.0269269  0.0141484
-0.0292999  0.0269269  0.0531401 -0.0227946
  0.371624  0.0141484 -0.0227946    0.42029
IMAGINARY
          0  -0.0204098    0.012425  -0.0192414
  0.0204098           0    0.005693  0.00777697
  -0.012425   -0.005693           0  0.00399568
  0.0192414 -0.00777697 -0.00399568           0
Repeater1[0]<--->EndNode1[0]
REAL
   0.470223  -0.0133929 -0.00839426    0.385848
 -0.0133929   0.0657568   0.0317653 -0.00581028
-0.00839426   0.0317653   0.0459057   0.0190747
   0.385848 -0.00581028   0.0190747    0.418114
IMAGINARY
           0  0.000734851    -0.023004   0.00330113
-0.000734851            0  -0.00263712   -0.0124712
    0.023004   0.00263712            0    0.0226922
 -0.00330113    0.0124712   -0.0226922            0
Repeater1[0]<--->HoM1[0]
REAL
  0.475845 -0.0292999 0.00632558   0.371624
-0.0292999  0.0531401  0.0269269 -0.0227946
0.00632558  0.0269269  0.0507246  0.0141484
  0.371624 -0.0227946  0.0141484    0.42029
IMAGINARY
          0    0.012425  -0.0204098  -0.0192414
  -0.012425           0   -0.005693  0.00399568
  0.0204098    0.005693           0  0.00777697
  0.0192414 -0.00399568 -0.00777697           0
EndNode1[0]<--->Repeater1[0]
REAL
    0.466667 -0.000624323  -0.00379217     0.372612
-0.000624323    0.0436364    0.0181118  -0.00573769
 -0.00379217    0.0181118     0.049697   -0.0114468
    0.372612  -0.00573769   -0.0114468         0.44
IMAGINARY
          0    0.016532  0.00447221  0.00666604
  -0.016532           0  0.00921706  0.00970781
-0.00447221 -0.00921706           0  -0.0233138
-0.00666604 -0.00970781   0.0233138           0
EndNode2[0]<--->HoM1[0]
REAL
   0.456839 -0.00984471  -0.0207246    0.381794
-0.00984471   0.0464807   0.0210348  -0.0143307
 -0.0207246   0.0210348   0.0504648 -0.00922049
   0.381794  -0.0143307 -0.00922049    0.446215
IMAGINARY
           0    0.0208114   -0.0214287  -0.00590358
  -0.0208114            0   -0.0212985  -0.00262194
   0.0214287    0.0212985            0  0.000707613
  0.00590358   0.00262194 -0.000707613            0
Repeater1[0]<--->EndNode1[0]
REAL
    0.466667  -0.00379217 -0.000624323     0.372612
 -0.00379217     0.049697    0.0181118   -0.0114468
-0.000624323    0.0181118    0.0436364  -0.00573769
    0.372612   -0.0114468  -0.00573769         0.44
IMAGINARY
          0  0.00447221    0.016532  0.00666604
-0.00447221           0 -0.00921706  -0.0233138
  -0.016532  0.00921706           0  0.00970781
-0.00666604   0.0233138 -0.00970781           0
Repeater1[0]<--->HoM1[0]
REAL
   0.456839  -0.0207246 -0.00984471    0.381794
 -0.0207246   0.0504648   0.0210348 -0.00922049
-0.00984471   0.0210348   0.0464807  -0.0143307
   0.381794 -0.00922049  -0.0143307    0.446215
IMAGINARY
           0   -0.0214287    0.0208114  -0.00590358
   0.0214287            0    0.0212985  0.000707613
  -0.0208114   -0.0212985            0  -0.00262194
  0.00590358 -0.000707613   0.00262194            0
EndNode1[0]<--->Repeater1[0]
REAL
   0.468274 0.000108812  0.00896323    0.384396
0.000108812   0.0482234   0.0278174  -0.0191413
 0.00896323   0.0278174   0.0520305 -0.00647014
   0.384396  -0.0191413 -0.00647014    0.431472
IMAGINARY
          0 -0.00214826  -0.0149123   0.0132659
 0.00214826           0 -0.00745947  0.00175439
  0.0149123  0.00745947           0 -0.00706227
 -0.0132659 -0.00175439  0.00706227           0
EndNode2[0]<--->HoM1[0]
REAL
   0.477807  -0.0229335  0.00736448    0.381376
 -0.0229335   0.0522193   0.0233199 -0.00322083
 0.00736448   0.0233199   0.0456919   0.0146462
   0.381376 -0.00322083   0.0146462    0.424282
IMAGINARY
          0  -0.0268116  0.00926654  0.00551472
  0.0268116           0   0.0192992  0.00991505
-0.00926654  -0.0192992           0  -0.0013214
-0.00551472 -0.00991505   0.0013214           0
Repeater1[0]<--->EndNode1[0]
REAL
   0.468274  0.00896323 0.000108812    0.384396
 0.00896323   0.0520305   0.0278174 -0.00647014
0.000108812   0.0278174   0.0482234  -0.0191413
   0.384396 -0.00647014  -0.0191413    0.431472
IMAGINARY
          0  -0.0149123 -0.00214826   0.0132659
  0.0149123           0  0.00745947 -0.00706227
 0.00214826 -0.00745947           0  0.00175439
 -0.0132659  0.00706227 -0.00175439           0
Repeater1[0]<--->HoM1[0]
REAL
   0.477807  0.00736448  -0.0229335    0.381376
 0.00736448   0.0456919   0.0233199   0.0146462
 -0.0229335   0.0233199   0.0522193 -0.00322083
   0.381376   0.0146462 -0.00322083    0.424282
IMAGINARY
          0  0.00926654  -0.0268116  0.00551472
-0.00926654           0  -0.0192992  -0.0013214
  0.0268116   0.0192992           0  0.00991505
-0.00551472   0.0013214 -0.00991505           0
EndNode1[0]<--->Repeater1[0]
REAL
     0.4725 -0.00359285  0.00192834    0.376975
-0.00359285       0.045   0.0182387  0.00259948
 0.00192834   0.0182387     0.05875    0.014589
   0.376975  0.00259948    0.014589     0.42375
IMAGINARY
          0 -0.00374416 -0.00999778  -0.0136488
 0.00374416           0 -0.00845397   0.0118565
 0.00999778  0.00845397           0 -0.00307121
  0.0136488  -0.0118565  0.00307121           0
EndNode2[0]<--->HoM1[0]
REAL
    0.442536   -0.0103528    0.0106044     0.370998
  -0.0103528    0.0422721    0.0239389 -0.000477778
   0.0106044    0.0239389    0.0620872    0.0192136
    0.370998 -0.000477778    0.0192136     0.453104
IMAGINARY
           0  -0.00878958    0.0080267   0.00200224
  0.00878958            0    0.0244461  0.000470028
  -0.0080267   -0.0244461            0   0.00160003
 -0.00200224 -0.000470028  -0.00160003            0
Repeater1[0]<--->EndNode1[0]
REAL
     0.4725  0.00192834 -0.00359285    0.376975
 0.00192834     0.05875   0.0182387    0.014589
-0.00359285   0.0182387       0.045  0.00259948
   0.376975    0.014589  0.00259948     0.42375
IMAGINARY
          0 -0.00999778 -0.00374416  -0.0136488
 0.00999778           0  0.00845397 -0.00307121
 0.00374416 -0.00845397           0   0.0118565
  0.0136488  0.00307121  -0.0118565           0
Repeater1[0]<--->HoM1[0]
REAL
    0.442536    0.0106044   -0.0103528     0.370998
   0.0106044    0.0620872    0.0239389    0.0192136
  -0.0103528    0.0239389    0.0422721 -0.000477778
    0.370998    0.0192136 -0.000477778     0.453104
IMAGINARY
           0    0.0080267  -0.00878958   0.00200224
  -0.0080267            0   -0.0244461   0.00160003
  0.00878958    0.0244461            0  0.000470028
 -0.00200224  -0.00160003 -0.000470028            0
EndNode1[0]<--->Repeater1[0]
REAL
   0.424242 -0.00483681 -0.00612467    0.376299
-0.00483681   0.0513834   0.0114693   0.0193655
-0.00612467   0.0114693   0.0540184  -0.0109261
   0.376299   0.0193655  -0.0109261    0.470356
IMAGINARY
          0  -0.0203889  0.00476166  0.00989223
  0.0203889           0   0.0124175   -0.013948
-0.00476166  -0.0124175           0   0.0282629
-0.00989223    0.013948  -0.0282629           0
EndNode2[0]<--->HoM1[0]
REAL
   0.440613 -0.00877432   0.0101097    0.374401
-0.00877432   0.0472542   0.0344527 -0.00229722
  0.0101097   0.0344527   0.0408685 -0.00424651
   0.374401 -0.00229722 -0.00424651    0.471264
IMAGINARY
          0 -0.00448985   0.0176515  0.00829065
 0.00448985           0  -0.0180946    0.014999
 -0.0176515   0.0180946           0 -0.00383282
-0.00829065   -0.014999  0.00383282           0
Repeater1[0]<--->EndNode1[0]
REAL
   0.424242 -0.00612467 -0.00483681    0.376299
-0.00612467   0.0540184   0.0114693  -0.0109261
-0.00483681   0.0114693   0.0513834   0.0193655
   0.376299  -0.0109261   0.0193655    0.470356
IMAGINARY
          0  0.00476166  -0.0203889  0.00989223
-0.00476166           0  -0.0124175   0.0282629
  0.0203889   0.0124175           0   -0.013948
-0.00989223  -0.0282629    0.013948           0
Repeater1[0]<--->HoM1[0]
REAL
   0.440613   0.0101097 -0.00877432    0.374401
  0.0101097   0.0408685   0.0344527 -0.00424651
-0.00877432   0.0344527   0.0472542 -0.00229722
   0.374401 -0.00424651 -0.00229722    0.471264
IMAGINARY
          0   0.0176515 -0.00448985  0.00829065
 -0.0176515           0   0.0180946 -0.00383282
 0.00448985  -0.0180946           0    0.014999
-0.00829065  0.00383282   -0.014999           0
EndNode1[0]<--->Repeater1[0]
REAL
   0.480935 -0.00160909  -0.0130174    0.374328
-0.00160909   0.0455105   0.0228687  -0.0130174
 -0.0130174   0.0228687   0.0405904  -0.0124096
   0.374328  -0.0130174  -0.0124096    0.432964
IMAGINARY
          0   0.0186388  -0.0030556  -0.0104989
 -0.0186388           0  0.00483852  -0.0128595
  0.0030556 -0.00483852           0  0.00523393
  0.0104989   0.0128595 -0.00523393           0
EndNode2[0]<--->HoM1[0]
REAL
   0.457692 -0.00836412  -0.0144304    0.396969
-0.00836412   0.0576923  0.00907109   0.0177861
 -0.0144304  0.00907109   0.0423077 -0.00707213
   0.396969   0.0177861 -0.00707213    0.442308
IMAGINARY
           0  0.000375633   0.00958513  -0.00918246
-0.000375633            0   0.00029921  -0.00257876
 -0.00958513  -0.00029921            0   -0.0175731
  0.00918246   0.00257876    0.0175731            0
Repeater1[0]<--->EndNode1[0]
REAL
   0.480935  -0.0130174 -0.00160909    0.374328
 -0.0130174   0.0405904   0.0228687  -0.0124096
-0.00160909   0.0228687   0.0455105  -0.0130174
   0.374328  -0.0124096  -0.0130174    0.432964
IMAGINARY
          0  -0.0030556   0.0186388  -0.0104989
  0.0030556           0 -0.00483852  0.00523393
 -0.0186388  0.00483852           0  -0.0128595
  0.0104989 -0.00523393   0.0128595           0
Repeater1[0]<--->HoM1[0]
REAL
   0.457692  -0.0144304 -0.00836412    0.396969
 -0.0144304   0.0423077  0.00907109 -0.00707213
-0.00836412  0.00907109   0.0576923   0.0177861
   0.396969 -0.00707213   0.0177861    0.442308
IMAGINARY
           0   0.00958513  0.000375633  -0.00918246
 -0.00958513            0  -0.00029921   -0.0175731
-0.000375633   0.00029921            0  -0.00257876
  0.00918246    0.0175731   0.00257876            0
EndNode1[0]<--->Repeater1[0]
REAL
  0.474343  0.0102008  0.0445026    0.37923
 0.0102008   0.048811  0.0386132 -0.0104846
 0.0445026  0.0386132  0.0500626  0.0135476
   0.37923 -0.0104846  0.0135476   0.426783
IMAGINARY
          0 -0.00765524  0.00130208   0.0125253
 0.00765524           0  0.00506263 -0.00130208
-0.00130208 -0.00506263           0 -0.00519823
 -0.0125253  0.00130208  0.00519823           0
EndNode2[0]<--->HoM1[0]
REAL
   0.463824  -0.0101196  0.00260312    0.379752
 -0.0101196   0.0529716   0.0171277 -0.00192469
 0.00260312   0.0171277   0.0413437   0.0107981
   0.379752 -0.00192469   0.0107981     0.44186
IMAGINARY
           0  -0.00088776    0.0175564   -0.0144797
  0.00088776            0 -0.000520305   0.00595846
  -0.0175564  0.000520305            0   -0.0139637
   0.0144797  -0.00595846    0.0139637            0
Repeater1[0]<--->EndNode1[0]
REAL
  0.474343  0.0445026  0.0102008    0.37923
 0.0445026  0.0500626  0.0386132  0.0135476
 0.0102008  0.0386132   0.048811 -0.0104846
   0.37923  0.0135476 -0.0104846   0.426783
IMAGINARY
          0  0.00130208 -0.00765524   0.0125253
-0.00130208           0 -0.00506263 -0.00519823
 0.00765524  0.00506263           0 -0.00130208
 -0.0125253  0.00519823  0.00130208           0
Repeater1[0]<--->HoM1[0]
REAL
   0.463824  0.00260312  -0.0101196    0.379752
 0.00260312   0.0413437   0.0171277   0.0107981
 -0.0101196   0.0171277   0.0529716 -0.00192469
   0.379752   0.0107981 -0.00192469     0.44186
IMAGINARY
           0    0.0175564  -0.00088776   -0.0144797
  -0.0175564            0  0.000520305   -0.0139637
  0.00088776 -0.000520305            0   0.00595846
   0.0144797    0.0139637  -0.00595846            0
EndNode1[0]<--->Repeater1[0]
REAL
   0.457755 0.000332428 -0.00178018    0.386994
0.000332428   0.0517024  0.00601047   0.0038378
-0.00178018  0.00601047   0.0580076  0.00172519
   0.386994   0.0038378  0.00172519    0.432535
IMAGINARY
           0  -0.00354365    0.0015797  -0.00437971
  0.00354365            0   0.00188595 -0.000932866
  -0.0015797  -0.00188595            0  -0.00227783
  0.00437971  0.000932866   0.00227783            0
EndNode2[0]<--->HoM1[0]
REAL
      0.468 -0.00383831   0.0079809    0.375115
-0.00383831   0.0493333   0.0177851 -0.00497247
  0.0079809   0.0177851   0.0426667  0.00564336
   0.375115 -0.00497247  0.00564336        0.44
IMAGINARY
          0  0.00196006   0.0143508   0.0184612
-0.00196006           0 -0.00402554  0.00920941
 -0.0143508  0.00402554           0   -0.029447
 -0.0184612 -0.00920941    0.029447           0
Repeater1[0]<--->EndNode1[0]
REAL
   0.457755 -0.00178018 0.000332428    0.386994
-0.00178018   0.0580076  0.00601047  0.00172519
0.000332428  0.00601047   0.0517024   0.0038378
   0.386994  0.00172519   0.0038378    0.432535
IMAGINARY
           0    0.0015797  -0.00354365  -0.00437971
  -0.0015797            0  -0.00188595  -0.00227783
  0.00354365   0.00188595            0 -0.000932866
  0.00437971   0.00227783  0.000932866            0
Repeater1[0]<--->HoM1[0]
REAL
      0.468   0.0079809 -0.00383831    0.375115
  0.0079809   0.0426667   0.0177851  0.00564336
-0.00383831   0.0177851   0.0493333 -0.00497247
   0.375115  0.00564336 -0.00497247        0.44
IMAGINARY
          0   0.0143508  0.00196006   0.0184612
 -0.0143508           0  0.00402554   -0.029447
-0.00196006 -0.00402554           0  0.00920941
 -0.0184612    0.029447 -0.00920941           0
EndNode1[0]<--->Repeater1[0]
REAL
  0.434088 -0.0107679  0.0114125   0.379166
-0.0107679  0.0505992  0.0277217 0.00389366
 0.0114125  0.0277217  0.0679095  0.0145944
  0.379166 0.00389366  0.0145944   0.447403
IMAGINARY
           0  0.000113644  -0.00548328     0.008519
-0.000113644            0  -0.00393185  -0.00483309
  0.00548328   0.00393185            0   0.00194963
   -0.008519   0.00483309  -0.00194963            0
EndNode2[0]<--->HoM1[0]
REAL
   0.437666    0.017667 -0.00267793    0.398398
   0.017667   0.0450928   0.0251065  0.00198252
-0.00267793   0.0251065   0.0464191 -0.00028173
   0.398398  0.00198252 -0.00028173    0.470822
IMAGINARY
           0   -0.0192046  -0.00716515    -0.021384
   0.0192046            0  -0.00780379    0.0239353
  0.00716515   0.00780379            0 -5.00505e-05
    0.021384   -0.0239353  5.00505e-05            0
Repeater1[0]<--->EndNode1[0]
REAL
  0.434088  0.0114125 -0.0107679   0.379166
 0.0114125  0.0679095  0.0277217  0.0145944
-0.0107679  0.0277217  0.0505992 0.00389366
  0.379166  0.0145944 0.00389366   0.447403
IMAGINARY
           0  -0.00548328  0.000113644     0.008519
  0.00548328            0   0.00393185   0.00194963
-0.000113644  -0.00393185            0  -0.00483309
   -0.008519  -0.00194963   0.00483309            0
Repeater1[0]<--->HoM1[0]
REAL
   0.437666 -0.00267793    0.017667    0.398398
-0.00267793   0.0464191   0.0251065 -0.00028173
   0.017667   0.0251065   0.0450928  0.00198252
   0.398398 -0.00028173  0.00198252    0.470822
IMAGINARY
           0  -0.00716515   -0.0192046    -0.021384
  0.00716515            0   0.00780379 -5.00505e-05
   0.0192046  -0.00780379            0    0.0239353
    0.021384  5.00505e-05   -0.0239353            0
EndNode1[0]<--->Repeater1[0]
REAL
    0.451861  -0.00665605   0.00598664     0.361393
 -0.00665605    0.0500642    0.0203677   0.00973664
  0.00598664    0.0203677     0.055199 -0.000262189
    0.361393   0.00973664 -0.000262189     0.442875
IMAGINARY
          0   0.0131247   0.0134207   0.0137658
 -0.0131247           0 -0.00854389  -0.0262412
 -0.0134207  0.00854389           0   0.0150804
 -0.0137658   0.0262412  -0.0150804           0
EndNode2[0]<--->HoM1[0]
REAL
  0.457956  0.0110977 -0.0160005   0.393369
 0.0110977  0.0439845   0.031254 0.00218136
-0.0160005   0.031254  0.0517464 -0.0173791
  0.393369 0.00218136 -0.0173791   0.446313
IMAGINARY
          0   0.0163898 -0.00971175  -0.0127745
 -0.0163898           0 -0.00226766    -0.01907
 0.00971175  0.00226766           0 -0.00501096
  0.0127745     0.01907  0.00501096           0
Repeater1[0]<--->EndNode1[0]
REAL
    0.451861   0.00598664  -0.00665605     0.361393
  0.00598664     0.055199    0.0203677 -0.000262189
 -0.00665605    0.0203677    0.0500642   0.00973664
    0.361393 -0.000262189   0.00973664     0.442875
IMAGINARY
          0   0.0134207   0.0131247   0.0137658
 -0.0134207           0  0.00854389   0.0150804
 -0.0131247 -0.00854389           0  -0.0262412
 -0.0137658  -0.0150804   0.0262412           0
Repeater1[0]<--->HoM1[0]
REAL
  0.457956 -0.0160005  0.0110977   0.393369
-0.0160005  0.0517464   0.031254 -0.0173791
 0.0110977   0.031254  0.0439845 0.00218136
  0.393369 -0.0173791 0.00218136   0.446313
IMAGINARY
          0 -0.00971175   0.0163898  -0.0127745
 0.00971175           0  0.00226766 -0.00501096
 -0.0163898 -0.00226766           0    -0.01907
  0.0127745  0.00501096     0.01907           0
EndNode1[0]<--->Repeater1[0]
REAL
    0.398936   -0.0257487  0.000622053     0.386261
  -0.0257487    0.0518617    0.0219396 -1.00581e-05
 0.000622053    0.0219396    0.0478723    0.0275847
    0.386261 -1.00581e-05    0.0275847      0.50133
IMAGINARY
         0 -0.0238268  0.0293515 -0.0021107
 0.0238268          0  0.0209279  -0.018045
-0.0293515 -0.0209279          0  0.0100077
 0.0021107   0.018045 -0.0100077          0
EndNode2[0]<--->HoM1[0]
REAL
  0.449367 -0.0127409    0.01705   0.388774
-0.0127409  0.0468354  0.0240527 -0.0226539
   0.01705  0.0240527  0.0468354 0.00962755
  0.388774 -0.0226539 0.00962755   0.456962
IMAGINARY
          0  0.00561406  0.00128535   0.0102009
-0.00561406           0   0.0177575 -0.00128535
-0.00128535  -0.0177575           0  0.00499602
 -0.0102009  0.00128535 -0.00499602           0
Repeater1[0]<--->EndNode1[0]
REAL
    0.398936  0.000622053   -0.0257487     0.386261
 0.000622053    0.0478723    0.0219396    0.0275847
  -0.0257487    0.0219396    0.0518617 -1.00581e-05
    0.386261    0.0275847 -1.00581e-05      0.50133
IMAGINARY
         0  0.0293515 -0.0238268 -0.0021107
-0.0293515          0 -0.0209279  0.0100077
 0.0238268  0.0209279          0  -0.018045
 0.0021107 -0.0100077   0.018045          0
Repeater1[0]<--->HoM1[0]
REAL
  0.449367    0.01705 -0.0127409   0.388774
   0.01705  0.0468354  0.0240527 0.00962755
-0.0127409  0.0240527  0.0468354 -0.0226539
  0.388774 0.00962755 -0.0226539   0.456962
IMAGINARY
          0  0.00128535  0.00561406   0.0102009
-0.00128535           0  -0.0177575  0.00499602
-0.00561406   0.0177575           0 -0.00128535
 -0.0102009 -0.00499602  0.00128535           0
EndNode1[0]<--->Repeater1[0]
REAL
  0.449029 -0.0167324 -0.0317322   0.381184
-0.0167324  0.0424757  0.0116732 -0.0135975
-0.0317322  0.0116732  0.0461165 -0.0203556
  0.381184 -0.0135975 -0.0203556   0.462379
IMAGINARY
          0  0.00877797   0.0128607   -0.015674
-0.00877797           0 -0.00398207   0.0128607
 -0.0128607  0.00398207           0  -0.0294806
   0.015674  -0.0128607   0.0294806           0
EndNode2[0]<--->HoM1[0]
REAL
  0.418354 0.00855138  0.0226269   0.397981
0.00855138  0.0539811  0.0137448 0.00569983
 0.0226269  0.0137448  0.0337382 0.00791766
  0.397981 0.00569983 0.00791766   0.493927
IMAGINARY
           0  -0.00538638  -0.00122109   -0.0113155
  0.00538638            0  -0.00464879 -1.04367e-05
  0.00122109   0.00464879            0   -0.0032343
   0.0113155  1.04367e-05    0.0032343            0
Repeater1[0]<--->EndNode1[0]
REAL
  0.449029 -0.0317322 -0.0167324   0.381184
-0.0317322  0.0461165  0.0116732 -0.0203556
-0.0167324  0.0116732  0.0424757 -0.0135975
  0.381184 -0.0203556 -0.0135975   0.462379
IMAGINARY
          0   0.0128607  0.00877797   -0.015674
 -0.0128607           0  0.00398207  -0.0294806
-0.00877797 -0.00398207           0   0.0128607
   0.015674   0.0294806  -0.0128607           0
Repeater1[0]<--->HoM1[0]
REAL
  0.418354  0.0226269 0.00855138   0.397981
 0.0226269  0.0337382  0.0137448 0.00791766
0.00855138  0.0137448  0.0539811 0.00569983
  0.397981 0.00791766 0.00569983   0.493927
IMAGINARY
           0  -0.00122109  -0.00538638   -0.0113155
  0.00122109            0   0.00464879   -0.0032343
  0.00538638  -0.00464879            0 -1.04367e-05
   0.0113155    0.0032343  1.04367e-05            0
EndNode1[0]<--->Repeater1[0]
REAL
    0.466242   -0.0059262   -0.0147278     0.381157
  -0.0059262    0.0458599     0.035302   0.00475273
  -0.0147278     0.035302    0.0356688 -0.000308218
    0.381157   0.00475273 -0.000308218     0.452229
IMAGINARY
          0   0.0142552   0.0024012  -0.0106926
 -0.0142552           0 -0.00668191   0.0170289
 -0.0024012  0.00668191           0 -0.00907389
  0.0106926  -0.0170289  0.00907389           0
EndNode2[0]<--->HoM1[0]
REAL
   0.476658 -0.00535237  0.00519481    0.401517
-0.00535237    0.041769   0.0244572  0.00519481
 0.00519481   0.0244572   0.0515971   0.0144433
   0.401517  0.00519481   0.0144433    0.429975
IMAGINARY
          0  -0.0176369   0.0113872   0.0396302
  0.0176369           0 -0.00879911   0.0120602
 -0.0113872  0.00879911           0 -0.00707791
 -0.0396302  -0.0120602  0.00707791           0
Repeater1[0]<--->EndNode1[0]
REAL
    0.466242   -0.0147278   -0.0059262     0.381157
  -0.0147278    0.0356688     0.035302 -0.000308218
  -0.0059262     0.035302    0.0458599   0.00475273
    0.381157 -0.000308218   0.00475273     0.452229
IMAGINARY
          0   0.0024012   0.0142552  -0.0106926
 -0.0024012           0  0.00668191 -0.00907389
 -0.0142552 -0.00668191           0   0.0170289
  0.0106926  0.00907389  -0.0170289           0
Repeater1[0]<--->HoM1[0]
REAL
   0.476658  0.00519481 -0.00535237    0.401517
 0.00519481   0.0515971   0.0244572   0.0144433
-0.00535237   0.0244572    0.041769  0.00519481
   0.401517   0.0144433  0.00519481    0.429975
IMAGINARY
          0   0.0113872  -0.0176369   0.0396302
 -0.0113872           0  0.00879911 -0.00707791
  0.0176369 -0.00879911           0   0.0120602
 -0.0396302  0.00707791  -0.0120602           0
EndNode1[0]<--->Repeater1[0]
REAL
   0.45125 -0.0105952  0.0137908   0.369952
-0.0105952       0.05  0.0107224 0.00112492
 0.0137908  0.0107224    0.05375  0.0229169
  0.369952 0.00112492  0.0229169      0.445
IMAGINARY
          0   0.0181296  -0.0115526  -0.0105156
 -0.0181296           0  0.00125637 -0.00371967
  0.0115526 -0.00125637           0  0.00776686
  0.0105156  0.00371967 -0.00776686           0
EndNode2[0]<--->HoM1[0]
REAL
  0.446727 -0.0152552  -0.024234   0.383337
-0.0152552  0.0410783  0.0222983 -0.0236035
 -0.024234  0.0222983  0.0385109 -0.0299611
  0.383337 -0.0236035 -0.0299611   0.473684
IMAGINARY
          0  -0.0182219  0.00957792  0.00796204
  0.0182219           0  -0.0191316 -0.00827922
-0.00957792   0.0191316           0   -0.025934
-0.00796204  0.00827922    0.025934           0
Repeater1[0]<--->EndNode1[0]
REAL
   0.45125  0.0137908 -0.0105952   0.369952
 0.0137908    0.05375  0.0107224  0.0229169
-0.0105952  0.0107224       0.05 0.00112492
  0.369952  0.0229169 0.00112492      0.445
IMAGINARY
          0  -0.0115526   0.0181296  -0.0105156
  0.0115526           0 -0.00125637  0.00776686
 -0.0181296  0.00125637           0 -0.00371967
  0.0105156 -0.00776686  0.00371967           0
Repeater1[0]<--->HoM1[0]
REAL
  0.446727  -0.024234 -0.0152552   0.383337
 -0.024234  0.0385109  0.0222983 -0.0299611
-0.0152552  0.0222983  0.0410783 -0.0236035
  0.383337 -0.0299611 -0.0236035   0.473684
IMAGINARY
          0  0.00957792  -0.0182219  0.00796204
-0.00957792           0   0.0191316   -0.025934
  0.0182219  -0.0191316           0 -0.00827922
-0.00796204    0.025934  0.00827922           0
EndNode1[0]<--->Repeater1[0]
REAL
    0.45197  0.00431237  -0.0221072    0.377841
 0.00431237   0.0492611   0.0167642   0.0152063
 -0.0221072   0.0167642    0.046798 -0.00619443
   0.377841   0.0152063 -0.00619443     0.45197
IMAGINARY
           0  8.34376e-05   -0.0135242   -0.0217761
-8.34376e-05            0     0.011736  -0.00337192
   0.0135242    -0.011736            0    0.0255736
   0.0217761   0.00337192   -0.0255736            0
EndNode2[0]<--->HoM1[0]
REAL
   0.471605   0.0155541  0.00491737    0.381794
  0.0155541   0.0469136   0.0272968 -0.00689365
 0.00491737   0.0272968   0.0308642  -0.0214829
   0.381794 -0.00689365  -0.0214829    0.450617
IMAGINARY
           0     0.021164  -0.00650422   0.00478686
   -0.021164            0  0.000575069   -0.0146598
  0.00650422 -0.000575069            0    0.0026455
 -0.00478686    0.0146598   -0.0026455            0
Repeater1[0]<--->EndNode1[0]
REAL
    0.45197  -0.0221072  0.00431237    0.377841
 -0.0221072    0.046798   0.0167642 -0.00619443
 0.00431237   0.0167642   0.0492611   0.0152063
   0.377841 -0.00619443   0.0152063     0.45197
IMAGINARY
           0   -0.0135242  8.34376e-05   -0.0217761
   0.0135242            0    -0.011736    0.0255736
-8.34376e-05     0.011736            0  -0.00337192
   0.0217761   -0.0255736   0.00337192            0
Repeater1[0]<--->HoM1[0]
REAL
   0.471605  0.00491737   0.0155541    0.381794
 0.00491737   0.0308642   0.0272968  -0.0214829
  0.0155541   0.0272968   0.0469136 -0.00689365
   0.381794  -0.0214829 -0.00689365    0.450617
IMAGINARY
           0  -0.00650422     0.021164   0.00478686
  0.00650422            0 -0.000575069    0.0026455
   -0.021164  0.000575069            0   -0.0146598
 -0.00478686   -0.0026455    0.0146598            0
EndNode1[0]<--->Repeater1[0]
REAL
    0.459948  -0.00333251 -0.000621716     0.384906
 -0.00333251    0.0529716    0.0215109  -0.00873657
-0.000621716    0.0215109    0.0542636     0.010017
    0.384906  -0.00873657     0.010017     0.432817
IMAGINARY
          0 -0.00997355 -0.00198939 -0.00693531
 0.00997355           0   0.0229452 -0.00198939
 0.00198939  -0.0229452           0 -0.00328905
 0.00693531  0.00198939  0.00328905           0
EndNode2[0]<--->HoM1[0]
REAL
   0.469945   0.0232168   0.0145537    0.370268
  0.0232168    0.045082   0.0301197   0.0145537
  0.0145537   0.0301197   0.0423497 -0.00316508
   0.370268   0.0145537 -0.00316508    0.442623
IMAGINARY
           0 -0.000945632  -0.00454039   -0.0156244
 0.000945632            0   0.00241684   0.00639912
  0.00454039  -0.00241684            0   0.00280437
   0.0156244  -0.00639912  -0.00280437            0
Repeater1[0]<--->EndNode1[0]
REAL
    0.459948 -0.000621716  -0.00333251     0.384906
-0.000621716    0.0542636    0.0215109     0.010017
 -0.00333251    0.0215109    0.0529716  -0.00873657
    0.384906     0.010017  -0.00873657     0.432817
IMAGINARY
          0 -0.00198939 -0.00997355 -0.00693531
 0.00198939           0  -0.0229452 -0.00328905
 0.00997355   0.0229452           0 -0.00198939
 0.00693531  0.00328905  0.00198939           0
Repeater1[0]<--->HoM1[0]
REAL
   0.469945   0.0145537   0.0232168    0.370268
  0.0145537   0.0423497   0.0301197 -0.00316508
  0.0232168   0.0301197    0.045082   0.0145537
   0.370268 -0.00316508   0.0145537    0.442623
IMAGINARY
           0  -0.00454039 -0.000945632   -0.0156244
  0.00454039            0  -0.00241684   0.00280437
 0.000945632   0.00241684            0   0.00639912
   0.0156244  -0.00280437  -0.00639912            0
EndNode1[0]<--->Repeater1[0]
REAL
   0.448461 -0.00725559 -0.00809002     0.38034
-0.00725559   0.0495315   0.0212793 -0.00623128
-0.00809002   0.0212793   0.0441767  -0.0108017
    0.38034 -0.00623128  -0.0108017    0.457831
IMAGINARY
          0    0.012767   -0.015305  0.00965268
  -0.012767           0 -0.00276562  0.00792242
   0.015305  0.00276562           0  0.00132693
-0.00965268 -0.00792242 -0.00132693           0
EndNode2[0]<--->HoM1[0]
REAL
   0.440154  -0.0104401  -0.0138264    0.379214
 -0.0104401    0.043758   0.0206528  0.00247794
 -0.0138264   0.0206528   0.0579151 -0.00224343
   0.379214  0.00247794 -0.00224343    0.458172
IMAGINARY
          0   0.0174277  -0.0104937 -0.00845427
 -0.0174277           0 -0.00908959  -0.0143202
  0.0104937  0.00908959           0   0.0148303
 0.00845427   0.0143202  -0.0148303           0
Repeater1[0]<--->EndNode1[0]
REAL
   0.448461 -0.00809002 -0.00725559     0.38034
-0.00809002   0.0441767   0.0212793  -0.0108017
-0.00725559   0.0212793   0.0495315 -0.00623128
    0.38034  -0.0108017 -0.00623128    0.457831
IMAGINARY
          0   -0.015305    0.012767  0.00965268
   0.015305           0  0.00276562  0.00132693
  -0.012767 -0.00276562           0  0.00792242
-0.00965268 -0.00132693 -0.00792242           0
Repeater1[0]<--->HoM1[0]
REAL
   0.440154  -0.0138264  -0.0104401    0.379214
 -0.0138264   0.0579151   0.0206528 -0.00224343
 -0.0104401   0.0206528    0.043758  0.00247794
   0.379214 -0.00224343  0.00247794    0.458172
IMAGINARY
          0  -0.0104937   0.0174277 -0.00845427
  0.0104937           0  0.00908959   0.0148303
 -0.0174277 -0.00908959           0  -0.0143202
 0.00845427  -0.0148303   0.0143202           0
EndNode1[0]<--->Repeater1[0]
REAL
 0.465806 0.0177349  0.016293  0.371726
0.0177349 0.0503226 0.0109339  0.019561
 0.016293 0.0109339 0.0490323  0.012904
 0.371726  0.019561  0.012904  0.434839
IMAGINARY
          0 -0.00304119   0.0138269  0.00372007
 0.00304119           0   0.0101139  0.00469166
 -0.0138269  -0.0101139           0  0.00112548
-0.00372007 -0.00469166 -0.00112548           0
EndNode2[0]<--->HoM1[0]
REAL
   0.455696 -0.00761957 -0.00253745    0.394087
-0.00761957   0.0607595   0.0101688  -0.0280477
-0.00253745   0.0101688   0.0518987  -0.0256251
   0.394087  -0.0280477  -0.0256251    0.431646
IMAGINARY
          0  0.00717621  0.00777715   0.0100694
-0.00717621           0  0.00224583 -0.00475418
-0.00777715 -0.00224583           0  -0.0174543
 -0.0100694  0.00475418   0.0174543           0
Repeater1[0]<--->EndNode1[0]
REAL
 0.465806  0.016293 0.0177349  0.371726
 0.016293 0.0490323 0.0109339  0.012904
0.0177349 0.0109339 0.0503226  0.019561
 0.371726  0.012904  0.019561  0.434839
IMAGINARY
          0   0.0138269 -0.00304119  0.00372007
 -0.0138269           0  -0.0101139  0.00112548
 0.00304119   0.0101139           0  0.00469166
-0.00372007 -0.00112548 -0.00469166           0
Repeater1[0]<--->HoM1[0]
REAL
   0.455696 -0.00253745 -0.00761957    0.394087
-0.00253745   0.0518987   0.0101688  -0.0256251
-0.00761957   0.0101688   0.0607595  -0.0280477
   0.394087  -0.0256251  -0.0280477    0.431646
IMAGINARY
          0  0.00777715  0.00717621   0.0100694
-0.00777715           0 -0.00224583  -0.0174543
-0.00717621  0.00224583           0 -0.00475418
 -0.0100694   0.0174543  0.00475418           0
EndNode1[0]<--->Repeater1[0]
REAL
   0.444444   0.0270623  0.00345164    0.386008
  0.0270623   0.0555556   0.0179613   0.0279184
 0.00345164   0.0179613   0.0374677 0.000466532
   0.386008   0.0279184 0.000466532    0.462532
IMAGINARY
           0   0.00464954  0.000668024   -0.0157529
 -0.00464954            0    0.0118466  -0.00260852
-0.000668024   -0.0118466            0   -0.0156457
   0.0157529   0.00260852    0.0156457            0
EndNode2[0]<--->HoM1[0]
REAL
   0.452806 -0.00462392  0.00905572    0.383053
-0.00462392   0.0484694   0.0224389 -0.00969428
 0.00905572   0.0224389   0.0318878  0.00398535
   0.383053 -0.00969428  0.00398535    0.466837
IMAGINARY
           0   0.00518135    0.0133581  -0.00600731
 -0.00518135            0    0.0168353  0.000708348
  -0.0133581   -0.0168353            0  -0.00518135
  0.00600731 -0.000708348   0.00518135            0
Repeater1[0]<--->EndNode1[0]
REAL
   0.444444  0.00345164   0.0270623    0.386008
 0.00345164   0.0374677   0.0179613 0.000466532
  0.0270623   0.0179613   0.0555556   0.0279184
   0.386008 0.000466532   0.0279184    0.462532
IMAGINARY
           0  0.000668024   0.00464954   -0.0157529
-0.000668024            0   -0.0118466   -0.0156457
 -0.00464954    0.0118466            0  -0.00260852
   0.0157529    0.0156457   0.00260852            0
Repeater1[0]<--->HoM1[0]
REAL
   0.452806  0.00905572 -0.00462392    0.383053
 0.00905572   0.0318878   0.0224389  0.00398535
-0.00462392   0.0224389   0.0484694 -0.00969428
   0.383053  0.00398535 -0.00969428    0.466837
IMAGINARY
           0    0.0133581   0.00518135  -0.00600731
  -0.0133581            0   -0.0168353  -0.00518135
 -0.00518135    0.0168353            0  0.000708348
  0.00600731   0.00518135 -0.000708348            0
EndNode1[0]<--->Repeater1[0]
REAL
    0.44021   0.0009889 -0.00268817    0.386822
  0.0009889   0.0407359   0.0258129 -0.00268817
-0.00268817   0.0258129   0.0499343 0.000355186
   0.386822 -0.00268817 0.000355186     0.46912
IMAGINARY
          0  -0.0047665    0.012957  0.00274356
  0.0047665           0     0.01587 -0.00373191
  -0.012957    -0.01587           0   0.0139916
-0.00274356  0.00373191  -0.0139916           0
EndNode2[0]<--->HoM1[0]
REAL
  0.430472 -0.0133334 -0.0150854   0.400787
-0.0133334  0.0350665 0.00537903 -0.0144052
-0.0150854 0.00537903  0.0423216 -0.0107953
  0.400787 -0.0144052 -0.0107953    0.49214
IMAGINARY
          0   0.0207552 -0.00855962  0.00163423
 -0.0207552           0   0.0282165   -0.010573
 0.00855962  -0.0282165           0   0.0060305
-0.00163423    0.010573  -0.0060305           0
Repeater1[0]<--->EndNode1[0]
REAL
    0.44021 -0.00268817   0.0009889    0.386822
-0.00268817   0.0499343   0.0258129 0.000355186
  0.0009889   0.0258129   0.0407359 -0.00268817
   0.386822 0.000355186 -0.00268817     0.46912
IMAGINARY
          0    0.012957  -0.0047665  0.00274356
  -0.012957           0    -0.01587   0.0139916
  0.0047665     0.01587           0 -0.00373191
-0.00274356  -0.0139916  0.00373191           0
Repeater1[0]<--->HoM1[0]
REAL
  0.430472 -0.0150854 -0.0133334   0.400787
-0.0150854  0.0423216 0.00537903 -0.0107953
-0.0133334 0.00537903  0.0350665 -0.0144052
  0.400787 -0.0107953 -0.0144052    0.49214
IMAGINARY
          0 -0.00855962   0.0207552  0.00163423
 0.00855962           0  -0.0282165   0.0060305
 -0.0207552   0.0282165           0   -0.010573
-0.00163423  -0.0060305    0.010573           0
EndNode1[0]<--->Repeater1[0]
REAL
   0.462745   0.0284628  0.00328883    0.366323
  0.0284628   0.0457516   0.0323257   0.0129274
 0.00328883   0.0323257   0.0522876 -0.00278716
   0.366323   0.0129274 -0.00278716    0.439216
IMAGINARY
          0  0.00357505   0.0105372  -0.0137195
-0.00357505           0 -0.00455723  0.00871906
 -0.0105372  0.00455723           0  -0.0135352
  0.0137195 -0.00871906   0.0135352           0
EndNode2[0]<--->HoM1[0]
REAL
  0.460422 0.00700648  0.0126869   0.390721
0.00700648  0.0395778  0.0310951  0.0182084
 0.0126869  0.0310951  0.0474934  0.0213668
  0.390721  0.0182084  0.0213668   0.452507
IMAGINARY
          0  -0.0199963  0.00668449  0.00918386
  0.0199963           0 -0.00346594  0.00668449
-0.00668449  0.00346594           0  -0.0187738
-0.00918386 -0.00668449   0.0187738           0
Repeater1[0]<--->EndNode1[0]
REAL
   0.462745  0.00328883   0.0284628    0.366323
 0.00328883   0.0522876   0.0323257 -0.00278716
  0.0284628   0.0323257   0.0457516   0.0129274
   0.366323 -0.00278716   0.0129274    0.439216
IMAGINARY
          0   0.0105372  0.00357505  -0.0137195
 -0.0105372           0  0.00455723  -0.0135352
-0.00357505 -0.00455723           0  0.00871906
  0.0137195   0.0135352 -0.00871906           0
Repeater1[0]<--->HoM1[0]
REAL
  0.460422  0.0126869 0.00700648   0.390721
 0.0126869  0.0474934  0.0310951  0.0213668
0.00700648  0.0310951  0.0395778  0.0182084
  0.390721  0.0213668  0.0182084   0.452507
IMAGINARY
          0  0.00668449  -0.0199963  0.00918386
-0.00668449           0  0.00346594  -0.0187738
  0.0199963 -0.00346594           0  0.00668449
-0.00918386   0.0187738 -0.00668449           0
EndNode1[0]<--->Repeater1[0]
REAL
   0.460338  0.00644975  -0.0173407    0.376694
 0.00644975   0.0507152   0.0184466 0.000716622
 -0.0173407   0.0184466    0.053316  -0.0154012
   0.376694 0.000716622  -0.0154012    0.435631
IMAGINARY
           0  -0.00861694    0.0053313  0.000485111
  0.00861694            0   0.00718752 -0.000176658
  -0.0053313  -0.00718752            0    0.0215035
-0.000485111  0.000176658   -0.0215035            0
EndNode2[0]<--->HoM1[0]
REAL
  0.451935 0.00196012 0.00333707   0.383312
0.00196012  0.0486891  0.0101092 0.00850503
0.00333707  0.0101092  0.0424469 0.00067146
  0.383312 0.00850503 0.00067146   0.456929
IMAGINARY
           0  -0.00517048   0.00557706   -0.0111032
  0.00517048            0    0.0035465  -0.00100189
 -0.00557706   -0.0035465            0 -0.000711877
   0.0111032   0.00100189  0.000711877            0
Repeater1[0]<--->EndNode1[0]
REAL
   0.460338  -0.0173407  0.00644975    0.376694
 -0.0173407    0.053316   0.0184466  -0.0154012
 0.00644975   0.0184466   0.0507152 0.000716622
   0.376694  -0.0154012 0.000716622    0.435631
IMAGINARY
           0    0.0053313  -0.00861694  0.000485111
  -0.0053313            0  -0.00718752    0.0215035
  0.00861694   0.00718752            0 -0.000176658
-0.000485111   -0.0215035  0.000176658            0
Repeater1[0]<--->HoM1[0]
REAL
  0.451935 0.00333707 0.00196012   0.383312
0.00333707  0.0424469  0.0101092 0.00067146
0.00196012  0.0101092  0.0486891 0.00850503
  0.383312 0.00067146 0.00850503   0.456929
IMAGINARY
           0   0.00557706  -0.00517048   -0.0111032
 -0.00557706            0   -0.0035465 -0.000711877
  0.00517048    0.0035465            0  -0.00100189
   0.0111032  0.000711877   0.00100189            0
