EndNode1[0]<--->Repeater1[0]
REAL
   0.482803 -0.00211405  0.00864659    0.394347
-0.00211405   0.0496815    0.037768  0.00179727
 0.00864659    0.037768    0.044586   0.0177798
   0.394347  0.00179727   0.0177798     0.42293
IMAGINARY
          0  -0.0281091   0.0155046   0.0109783
  0.0281091           0 -0.00734632  -0.0115572
 -0.0155046  0.00734632           0   0.0175828
 -0.0109783   0.0115572  -0.0175828           0
EndNode2[0]<--->HoM1[0]
REAL
   0.470812  0.00466657 -0.00807606    0.409057
 0.00466657   0.0507614   0.0289482   0.0242486
-0.00807606   0.0289482   0.0456853  0.00341969
   0.409057   0.0242486  0.00341969    0.432741
IMAGINARY
          0  -0.0146976   0.0116027  0.00848579
  0.0146976           0  -0.0260411 -0.00479073
 -0.0116027   0.0260411           0 -0.00846317
-0.00848579  0.00479073  0.00846317           0
Repeater1[0]<--->EndNode1[0]
REAL
   0.482803  0.00864659 -0.00211405    0.394347
 0.00864659    0.044586    0.037768   0.0177798
-0.00211405    0.037768   0.0496815  0.00179727
   0.394347   0.0177798  0.00179727     0.42293
IMAGINARY
          0   0.0155046  -0.0281091   0.0109783
 -0.0155046           0  0.00734632   0.0175828
  0.0281091 -0.00734632           0  -0.0115572
 -0.0109783  -0.0175828   0.0115572           0
Repeater1[0]<--->HoM1[0]
REAL
   0.470812 -0.00807606  0.00466657    0.409057
-0.00807606   0.0456853   0.0289482  0.00341969
 0.00466657   0.0289482   0.0507614   0.0242486
   0.409057  0.00341969   0.0242486    0.432741
IMAGINARY
          0   0.0116027  -0.0146976  0.00848579
 -0.0116027           0   0.0260411 -0.00846317
  0.0146976  -0.0260411           0 -0.00479073
-0.00848579  0.00846317  0.00479073           0
EndNode1[0]<--->Repeater1[0]
REAL
  0.449452 -0.0107337 -0.0122733   0.401267
-0.0107337  0.0548112  0.0329801  0.0136432
-0.0122733  0.0329801  0.0535932 0.00936379
  0.401267  0.0136432 0.00936379   0.442144
IMAGINARY
          0 -0.00511855   0.0148349 -0.00992114
 0.00511855           0  -0.0185763  -0.0122773
 -0.0148349   0.0185763           0  -0.0166206
 0.00992114   0.0122773   0.0166206           0
EndNode2[0]<--->HoM1[0]
REAL
   0.459973   0.0248769   0.0145434    0.402185
  0.0248769   0.0542741   0.0362568  0.00178828
  0.0145434   0.0362568   0.0393487 -0.00980153
   0.402185  0.00178828 -0.00980153    0.446404
IMAGINARY
           0  -0.00818419  0.000647753  -0.00158833
  0.00818419            0   -0.0279041    0.0110374
-0.000647753    0.0279041            0  -0.00227092
  0.00158833   -0.0110374   0.00227092            0
Repeater1[0]<--->EndNode1[0]
REAL
  0.449452 -0.0122733 -0.0107337   0.401267
-0.0122733  0.0535932  0.0329801 0.00936379
-0.0107337  0.0329801  0.0548112  0.0136432
  0.401267 0.00936379  0.0136432   0.442144
IMAGINARY
          0   0.0148349 -0.00511855 -0.00992114
 -0.0148349           0   0.0185763  -0.0166206
 0.00511855  -0.0185763           0  -0.0122773
 0.00992114   0.0166206   0.0122773           0
Repeater1[0]<--->HoM1[0]
REAL
   0.459973   0.0145434   0.0248769    0.402185
  0.0145434   0.0393487   0.0362568 -0.00980153
  0.0248769   0.0362568   0.0542741  0.00178828
   0.402185 -0.00980153  0.00178828    0.446404
IMAGINARY
           0  0.000647753  -0.00818419  -0.00158833
-0.000647753            0    0.0279041  -0.00227092
  0.00818419   -0.0279041            0    0.0110374
  0.00158833   0.00227092   -0.0110374            0
EndNode1[0]<--->Repeater1[0]
REAL
    0.482587    0.0126667    0.0210679     0.393564
   0.0126667    0.0497512    0.0278741  -0.00974968
   0.0210679    0.0278741    0.0472637 -1.68889e-05
    0.393564  -0.00974968 -1.68889e-05     0.420398
IMAGINARY
          0  0.00920607  -0.0010175   0.0136661
-0.00920607           0  -0.0219044    0.001628
  0.0010175   0.0219044           0  -0.0122586
 -0.0136661   -0.001628   0.0122586           0
EndNode2[0]<--->HoM1[0]
REAL
   0.459975  0.00192467 -0.00749152    0.408721
 0.00192467   0.0584498   0.0213041  0.00367473
-0.00749152   0.0213041   0.0584498  -0.0044692
   0.408721  0.00367473  -0.0044692    0.423126
IMAGINARY
         0  0.0117029 -0.0067423  0.0106649
-0.0117029          0  0.0207051  0.0100536
 0.0067423 -0.0207051          0 -0.0189877
-0.0106649 -0.0100536  0.0189877          0
Repeater1[0]<--->EndNode1[0]
REAL
    0.482587    0.0210679    0.0126667     0.393564
   0.0210679    0.0472637    0.0278741 -1.68889e-05
   0.0126667    0.0278741    0.0497512  -0.00974968
    0.393564 -1.68889e-05  -0.00974968     0.420398
IMAGINARY
          0  -0.0010175  0.00920607   0.0136661
  0.0010175           0   0.0219044  -0.0122586
-0.00920607  -0.0219044           0    0.001628
 -0.0136661   0.0122586   -0.001628           0
Repeater1[0]<--->HoM1[0]
REAL
   0.459975 -0.00749152  0.00192467    0.408721
-0.00749152   0.0584498   0.0213041  -0.0044692
 0.00192467   0.0213041   0.0584498  0.00367473
   0.408721  -0.0044692  0.00367473    0.423126
IMAGINARY
         0 -0.0067423  0.0117029  0.0106649
 0.0067423          0 -0.0207051 -0.0189877
-0.0117029  0.0207051          0  0.0100536
-0.0106649  0.0189877 -0.0100536          0
EndNode1[0]<--->Repeater1[0]
REAL
    0.4379 0.00102423 -0.0105196   0.393373
0.00102423   0.056338  0.0294115 0.00292468
-0.0105196  0.0294115  0.0486556 -0.0124166
  0.393373 0.00292468 -0.0124166   0.457106
IMAGINARY
           0   -0.0166021   0.00223643  -0.00417553
   0.0166021            0   -0.0108245  0.000150202
 -0.00223643    0.0108245            0    0.0142155
  0.00417553 -0.000150202   -0.0142155            0
EndNode2[0]<--->HoM1[0]
REAL
  0.419703 -0.0154866 -0.0305731   0.413356
-0.0154866  0.0580297  0.0191119 -0.0161801
-0.0305731  0.0191119  0.0472335 -0.0260719
  0.413356 -0.0161801 -0.0260719   0.475034
IMAGINARY
          0 -0.00141669  -0.0225682   0.0128843
 0.00141669           0  -0.0141598 -0.00487489
  0.0225682   0.0141598           0   0.0061021
 -0.0128843  0.00487489  -0.0061021           0
Repeater1[0]<--->EndNode1[0]
REAL
    0.4379 -0.0105196 0.00102423   0.393373
-0.0105196  0.0486556  0.0294115 -0.0124166
0.00102423  0.0294115   0.056338 0.00292468
  0.393373 -0.0124166 0.00292468   0.457106
IMAGINARY
           0   0.00223643   -0.0166021  -0.00417553
 -0.00223643            0    0.0108245    0.0142155
   0.0166021   -0.0108245            0  0.000150202
  0.00417553   -0.0142155 -0.000150202            0
Repeater1[0]<--->HoM1[0]
REAL
  0.419703 -0.0305731 -0.0154866   0.413356
-0.0305731  0.0472335  0.0191119 -0.0260719
-0.0154866  0.0191119  0.0580297 -0.0161801
  0.413356 -0.0260719 -0.0161801   0.475034
IMAGINARY
          0  -0.0225682 -0.00141669   0.0128843
  0.0225682           0   0.0141598   0.0061021
 0.00141669  -0.0141598           0 -0.00487489
 -0.0128843  -0.0061021  0.00487489           0
EndNode1[0]<--->Repeater1[0]
REAL
   0.442231  -0.0188332  0.00418275    0.400351
 -0.0188332   0.0504648     0.03183 -0.00418275
 0.00418275     0.03183    0.061089   0.0121842
   0.400351 -0.00418275   0.0121842    0.446215
IMAGINARY
          0  -0.0259908   0.0144707  0.00557665
  0.0259908           0  -0.0300434   0.0278807
 -0.0144707   0.0300434           0  -0.0113037
-0.00557665  -0.0278807   0.0113037           0
EndNode2[0]<--->HoM1[0]
REAL
   0.447942   0.0036593  -0.0090554    0.408007
  0.0036593   0.0544794   0.0373055 -0.00526752
 -0.0090554   0.0373055   0.0496368 -0.00496139
   0.408007 -0.00526752 -0.00496139    0.447942
IMAGINARY
           0  -0.00150643  -0.00666359   -0.0225764
  0.00150643            0  -0.00332005 -0.000901747
  0.00666359   0.00332005            0   0.00356971
   0.0225764  0.000901747  -0.00356971            0
Repeater1[0]<--->EndNode1[0]
REAL
   0.442231  0.00418275  -0.0188332    0.400351
 0.00418275    0.061089     0.03183   0.0121842
 -0.0188332     0.03183   0.0504648 -0.00418275
   0.400351   0.0121842 -0.00418275    0.446215
IMAGINARY
          0   0.0144707  -0.0259908  0.00557665
 -0.0144707           0   0.0300434  -0.0113037
  0.0259908  -0.0300434           0   0.0278807
-0.00557665   0.0113037  -0.0278807           0
Repeater1[0]<--->HoM1[0]
REAL
   0.447942  -0.0090554   0.0036593    0.408007
 -0.0090554   0.0496368   0.0373055 -0.00496139
  0.0036593   0.0373055   0.0544794 -0.00526752
   0.408007 -0.00496139 -0.00526752    0.447942
IMAGINARY
           0  -0.00666359  -0.00150643   -0.0225764
  0.00666359            0   0.00332005   0.00356971
  0.00150643  -0.00332005            0 -0.000901747
   0.0225764  -0.00356971  0.000901747            0
EndNode1[0]<--->Repeater1[0]
REAL
    0.44623 -0.00189707  0.00516585    0.388131
-0.00189707   0.0482077   0.0367098 0.000566636
 0.00516585   0.0367098   0.0580964  0.00890344
   0.388131 0.000566636  0.00890344    0.447466
IMAGINARY
         0  0.0132352 -0.0201273 -0.0011256
-0.0132352          0  0.0095127 -0.0044205
 0.0201273 -0.0095127          0  0.0126046
 0.0011256  0.0044205 -0.0126046          0
EndNode2[0]<--->HoM1[0]
REAL
   0.440476   0.0241972   0.0130414    0.406774
  0.0241972   0.0502646   0.0411958   0.0110703
  0.0130414   0.0411958   0.0568783 -0.00389266
   0.406774   0.0110703 -0.00389266    0.452381
IMAGINARY
           0    0.0344141   -0.0226832  0.000785553
  -0.0344141            0   -0.0291396  -0.00872382
   0.0226832    0.0291396            0   0.00829946
-0.000785553   0.00872382  -0.00829946            0
Repeater1[0]<--->EndNode1[0]
REAL
    0.44623  0.00516585 -0.00189707    0.388131
 0.00516585   0.0580964   0.0367098  0.00890344
-0.00189707   0.0367098   0.0482077 0.000566636
   0.388131  0.00890344 0.000566636    0.447466
IMAGINARY
         0 -0.0201273  0.0132352 -0.0011256
 0.0201273          0 -0.0095127  0.0126046
-0.0132352  0.0095127          0 -0.0044205
 0.0011256 -0.0126046  0.0044205          0
Repeater1[0]<--->HoM1[0]
REAL
   0.440476   0.0130414   0.0241972    0.406774
  0.0130414   0.0568783   0.0411958 -0.00389266
  0.0241972   0.0411958   0.0502646   0.0110703
   0.406774 -0.00389266   0.0110703    0.452381
IMAGINARY
           0   -0.0226832    0.0344141  0.000785553
   0.0226832            0    0.0291396   0.00829946
  -0.0344141   -0.0291396            0  -0.00872382
-0.000785553  -0.00829946   0.00872382            0
EndNode1[0]<--->Repeater1[0]
REAL
   0.460131  0.00881884 0.000343262    0.403426
 0.00881884   0.0522876   0.0312736  -0.0048247
0.000343262   0.0312736   0.0535948 0.000784231
   0.403426  -0.0048247 0.000784231    0.433987
IMAGINARY
          0  -0.0104171   0.0196203  -0.0125917
  0.0104171           0 -0.00751555   0.0196203
 -0.0196203  0.00751555           0  -0.0123677
  0.0125917  -0.0196203   0.0123677           0
EndNode2[0]<--->HoM1[0]
REAL
  0.454068 0.00393279 0.00779833    0.38244
0.00393279  0.0551181  0.0462212  0.0103494
0.00779833  0.0462212  0.0511811  0.0104602
   0.38244  0.0103494  0.0104602   0.439633
IMAGINARY
           0  -0.00373581 -0.000267295    0.0108761
  0.00373581            0  -0.00581281   -0.0150456
 0.000267295   0.00581281            0    0.0070647
  -0.0108761    0.0150456   -0.0070647            0
Repeater1[0]<--->EndNode1[0]
REAL
   0.460131 0.000343262  0.00881884    0.403426
0.000343262   0.0535948   0.0312736 0.000784231
 0.00881884   0.0312736   0.0522876  -0.0048247
   0.403426 0.000784231  -0.0048247    0.433987
IMAGINARY
          0   0.0196203  -0.0104171  -0.0125917
 -0.0196203           0  0.00751555  -0.0123677
  0.0104171 -0.00751555           0   0.0196203
  0.0125917   0.0123677  -0.0196203           0
Repeater1[0]<--->HoM1[0]
REAL
  0.454068 0.00779833 0.00393279    0.38244
0.00779833  0.0511811  0.0462212  0.0104602
0.00393279  0.0462212  0.0551181  0.0103494
   0.38244  0.0104602  0.0103494   0.439633
IMAGINARY
           0 -0.000267295  -0.00373581    0.0108761
 0.000267295            0   0.00581281    0.0070647
  0.00373581  -0.00581281            0   -0.0150456
  -0.0108761   -0.0070647    0.0150456            0
EndNode1[0]<--->Repeater1[0]
REAL
    0.466216   -0.0060457  -0.00914041     0.394343
  -0.0060457    0.0567568    0.0521074 -0.000199561
 -0.00914041    0.0521074    0.0513514   0.00791369
    0.394343 -0.000199561   0.00791369     0.425676
IMAGINARY
           0 -0.000552642  0.000321348   -0.0221536
 0.000552642            0    0.0215231    0.0176911
-0.000321348   -0.0215231            0  -0.00379518
   0.0221536   -0.0176911   0.00379518            0
EndNode2[0]<--->HoM1[0]
REAL
   0.458122  0.00423445 -0.00719396    0.398088
 0.00423445   0.0507614   0.0343442  -0.0130763
-0.00719396   0.0343442   0.0532995  -0.0163966
   0.398088  -0.0130763  -0.0163966    0.437817
IMAGINARY
           0    0.0105228   0.00864268   -0.0213472
  -0.0105228            0 -0.000274412  -0.00627301
 -0.00864268  0.000274412            0  -0.00222892
   0.0213472   0.00627301   0.00222892            0
Repeater1[0]<--->EndNode1[0]
REAL
    0.466216  -0.00914041   -0.0060457     0.394343
 -0.00914041    0.0513514    0.0521074   0.00791369
  -0.0060457    0.0521074    0.0567568 -0.000199561
    0.394343   0.00791369 -0.000199561     0.425676
IMAGINARY
           0  0.000321348 -0.000552642   -0.0221536
-0.000321348            0   -0.0215231  -0.00379518
 0.000552642    0.0215231            0    0.0176911
   0.0221536   0.00379518   -0.0176911            0
Repeater1[0]<--->HoM1[0]
REAL
   0.458122 -0.00719396  0.00423445    0.398088
-0.00719396   0.0532995   0.0343442  -0.0163966
 0.00423445   0.0343442   0.0507614  -0.0130763
   0.398088  -0.0163966  -0.0130763    0.437817
IMAGINARY
           0   0.00864268    0.0105228   -0.0213472
 -0.00864268            0  0.000274412  -0.00222892
  -0.0105228 -0.000274412            0  -0.00627301
   0.0213472   0.00222892   0.00627301            0
EndNode1[0]<--->Repeater1[0]
REAL
   0.448447 -0.00792314  -0.0327447    0.401716
-0.00792314   0.0608696   0.0329432 -0.00986891
 -0.0327447   0.0329432   0.0521739   -0.020486
   0.401716 -0.00986891   -0.020486    0.438509
IMAGINARY
          0  0.00373061  0.00577157  0.00315687
-0.00373061           0   0.0245137  0.00577157
-0.00577157  -0.0245137           0 -0.00555321
-0.00315687 -0.00577157  0.00555321           0
EndNode2[0]<--->HoM1[0]
REAL
  0.464286 0.00128164 -0.0115855   0.393979
0.00128164  0.0504926  0.0230116   0.010937
-0.0115855  0.0230116  0.0394089 0.00325792
  0.393979   0.010937 0.00325792   0.445813
IMAGINARY
          0 -0.00805811  0.00354839  0.00296364
 0.00805811           0  0.00548889  0.00354839
-0.00354839 -0.00548889           0   0.0164452
-0.00296364 -0.00354839  -0.0164452           0
Repeater1[0]<--->EndNode1[0]
REAL
   0.448447  -0.0327447 -0.00792314    0.401716
 -0.0327447   0.0521739   0.0329432   -0.020486
-0.00792314   0.0329432   0.0608696 -0.00986891
   0.401716   -0.020486 -0.00986891    0.438509
IMAGINARY
          0  0.00577157  0.00373061  0.00315687
-0.00577157           0  -0.0245137 -0.00555321
-0.00373061   0.0245137           0  0.00577157
-0.00315687  0.00555321 -0.00577157           0
Repeater1[0]<--->HoM1[0]
REAL
  0.464286 -0.0115855 0.00128164   0.393979
-0.0115855  0.0394089  0.0230116 0.00325792
0.00128164  0.0230116  0.0504926   0.010937
  0.393979 0.00325792   0.010937   0.445813
IMAGINARY
          0  0.00354839 -0.00805811  0.00296364
-0.00354839           0 -0.00548889   0.0164452
 0.00805811  0.00548889           0  0.00354839
-0.00296364  -0.0164452 -0.00354839           0
EndNode1[0]<--->Repeater1[0]
REAL
   0.442231  0.00951191 -0.00709459    0.405306
 0.00951191   0.0491368   0.0216742  0.00461934
-0.00709459   0.0216742   0.0517928  -0.0107495
   0.405306  0.00461934  -0.0107495    0.456839
IMAGINARY
           0     0.019741   -0.0230773   -0.0134353
   -0.019741            0   -0.0152105  -0.00121938
   0.0230773    0.0152105            0  0.000719309
   0.0134353   0.00121938 -0.000719309            0
EndNode2[0]<--->HoM1[0]
REAL
   0.465201  -0.0161652 -0.00629622    0.388984
 -0.0161652   0.0573871   0.0372776  0.00306207
-0.00629622   0.0372776   0.0525031  0.00905006
   0.388984  0.00306207  0.00905006    0.424908
IMAGINARY
          0 -0.00583515  0.00892111    -0.02032
 0.00583515           0  -0.0154891  -0.0102334
-0.00892111   0.0154891           0  -0.0125376
    0.02032   0.0102334   0.0125376           0
Repeater1[0]<--->EndNode1[0]
REAL
   0.442231 -0.00709459  0.00951191    0.405306
-0.00709459   0.0517928   0.0216742  -0.0107495
 0.00951191   0.0216742   0.0491368  0.00461934
   0.405306  -0.0107495  0.00461934    0.456839
IMAGINARY
           0   -0.0230773     0.019741   -0.0134353
   0.0230773            0    0.0152105  0.000719309
   -0.019741   -0.0152105            0  -0.00121938
   0.0134353 -0.000719309   0.00121938            0
Repeater1[0]<--->HoM1[0]
REAL
   0.465201 -0.00629622  -0.0161652    0.388984
-0.00629622   0.0525031   0.0372776  0.00905006
 -0.0161652   0.0372776   0.0573871  0.00306207
   0.388984  0.00905006  0.00306207    0.424908
IMAGINARY
          0  0.00892111 -0.00583515    -0.02032
-0.00892111           0   0.0154891  -0.0125376
 0.00583515  -0.0154891           0  -0.0102334
    0.02032   0.0125376   0.0102334           0
EndNode1[0]<--->Repeater1[0]
REAL
   0.435705 -0.00369605  0.00434851    0.420032
-0.00369605   0.0636704   0.0180448   0.0121205
 0.00434851   0.0180448   0.0661673   0.0241177
   0.420032   0.0121205   0.0241177    0.434457
IMAGINARY
          0  -0.0145947  0.00274975  0.00907755
  0.0145947           0  0.00650686  -0.0259286
-0.00274975 -0.00650686           0   0.0271775
-0.00907755   0.0259286  -0.0271775           0
EndNode2[0]<--->HoM1[0]
REAL
   0.467181  0.00679473   0.0044772    0.410578
 0.00679473   0.0514801   0.0349231  0.00122622
  0.0044772   0.0349231     0.03861 -0.00489359
   0.410578  0.00122622 -0.00489359    0.442728
IMAGINARY
         0 -0.0014523 -0.0122485 -0.0152672
 0.0014523          0  0.0203562  0.0161752
 0.0122485 -0.0203562          0  0.0119235
 0.0152672 -0.0161752 -0.0119235          0
Repeater1[0]<--->EndNode1[0]
REAL
   0.435705  0.00434851 -0.00369605    0.420032
 0.00434851   0.0661673   0.0180448   0.0241177
-0.00369605   0.0180448   0.0636704   0.0121205
   0.420032   0.0241177   0.0121205    0.434457
IMAGINARY
          0  0.00274975  -0.0145947  0.00907755
-0.00274975           0 -0.00650686   0.0271775
  0.0145947  0.00650686           0  -0.0259286
-0.00907755  -0.0271775   0.0259286           0
Repeater1[0]<--->HoM1[0]
REAL
   0.467181   0.0044772  0.00679473    0.410578
  0.0044772     0.03861   0.0349231 -0.00489359
 0.00679473   0.0349231   0.0514801  0.00122622
   0.410578 -0.00489359  0.00122622    0.442728
IMAGINARY
         0 -0.0122485 -0.0014523 -0.0152672
 0.0122485          0 -0.0203562  0.0119235
 0.0014523  0.0203562          0  0.0161752
 0.0152672 -0.0119235 -0.0161752          0
EndNode1[0]<--->Repeater1[0]
REAL
   0.451295  -0.0097267 -0.00253244    0.400431
 -0.0097267   0.0480888   0.0356001  0.00122696
-0.00253244   0.0356001   0.0505549   0.0149486
   0.400431  0.00122696   0.0149486    0.450062
IMAGINARY
           0  0.000999445   -0.0111533 -0.000250298
-0.000999445            0   -0.0111898   0.00176658
   0.0111533    0.0111898            0  -0.00162523
 0.000250298  -0.00176658   0.00162523            0
EndNode2[0]<--->HoM1[0]
REAL
   0.445963 -0.00175823  0.00385138    0.402584
-0.00175823   0.0583851   0.0326864 -0.00319088
 0.00385138   0.0326864   0.0385093 -0.00947031
   0.402584 -0.00319088 -0.00947031    0.457143
IMAGINARY
           0    0.0101172    0.0122165   -0.0119383
  -0.0101172            0   -0.0081118 -0.000736888
  -0.0122165    0.0081118            0   -0.0215967
   0.0119383  0.000736888    0.0215967            0
Repeater1[0]<--->EndNode1[0]
REAL
   0.451295 -0.00253244  -0.0097267    0.400431
-0.00253244   0.0505549   0.0356001   0.0149486
 -0.0097267   0.0356001   0.0480888  0.00122696
   0.400431   0.0149486  0.00122696    0.450062
IMAGINARY
           0   -0.0111533  0.000999445 -0.000250298
   0.0111533            0    0.0111898  -0.00162523
-0.000999445   -0.0111898            0   0.00176658
 0.000250298   0.00162523  -0.00176658            0
Repeater1[0]<--->HoM1[0]
REAL
   0.445963  0.00385138 -0.00175823    0.402584
 0.00385138   0.0385093   0.0326864 -0.00947031
-0.00175823   0.0326864   0.0583851 -0.00319088
   0.402584 -0.00947031 -0.00319088    0.457143
IMAGINARY
           0    0.0122165    0.0101172   -0.0119383
  -0.0122165            0    0.0081118   -0.0215967
  -0.0101172   -0.0081118            0 -0.000736888
   0.0119383    0.0215967  0.000736888            0
EndNode1[0]<--->Repeater1[0]
REAL
    0.461827  -0.00946197    0.0125045     0.405294
 -0.00946197    0.0500626    0.0212363 -0.000939838
   0.0125045    0.0212363    0.0413016   0.00742115
    0.405294 -0.000939838   0.00742115     0.446809
IMAGINARY
          0  -0.0205937  0.00700751  -0.0244667
  0.0205937           0 -0.00636436   0.0120966
-0.00700751  0.00636436           0 -0.00905057
  0.0244667  -0.0120966  0.00905057           0
EndNode2[0]<--->HoM1[0]
REAL
  0.476131 0.00934896  0.0261907   0.382342
0.00934896  0.0577889  0.0428194 0.00413188
 0.0261907  0.0428194  0.0364322   0.010651
  0.382342 0.00413188   0.010651   0.429648
IMAGINARY
          0  0.00918335  0.00630017  0.00695886
-0.00918335           0  -0.0209538  0.00696243
-0.00630017   0.0209538           0  -0.0211197
-0.00695886 -0.00696243   0.0211197           0
Repeater1[0]<--->EndNode1[0]
REAL
    0.461827    0.0125045  -0.00946197     0.405294
   0.0125045    0.0413016    0.0212363   0.00742115
 -0.00946197    0.0212363    0.0500626 -0.000939838
    0.405294   0.00742115 -0.000939838     0.446809
IMAGINARY
          0  0.00700751  -0.0205937  -0.0244667
-0.00700751           0  0.00636436 -0.00905057
  0.0205937 -0.00636436           0   0.0120966
  0.0244667  0.00905057  -0.0120966           0
Repeater1[0]<--->HoM1[0]
REAL
  0.476131  0.0261907 0.00934896   0.382342
 0.0261907  0.0364322  0.0428194   0.010651
0.00934896  0.0428194  0.0577889 0.00413188
  0.382342   0.010651 0.00413188   0.429648
IMAGINARY
          0  0.00630017  0.00918335  0.00695886
-0.00630017           0   0.0209538  -0.0211197
-0.00918335  -0.0209538           0  0.00696243
-0.00695886   0.0211197 -0.00696243           0
EndNode1[0]<--->Repeater1[0]
REAL
   0.46684 -0.0133707 -0.0186502   0.383312
-0.0133707  0.0507152  0.0388959 0.00673051
-0.0186502  0.0388959  0.0429129 0.00897923
  0.383312 0.00673051 0.00897923   0.439532
IMAGINARY
          0  -0.0226489    0.024147   0.0195418
  0.0226489           0 -0.00170822   0.0116121
  -0.024147  0.00170822           0 -0.00558193
 -0.0195418  -0.0116121  0.00558193           0
EndNode2[0]<--->HoM1[0]
REAL
    0.430481  -0.00405462 -0.000783109     0.395336
 -0.00405462    0.0374332    0.0130609   -0.0170286
-0.000783109    0.0130609    0.0427807   -0.0137571
    0.395336   -0.0170286   -0.0137571     0.489305
IMAGINARY
          0   0.0305238 -0.00953773 -0.00644557
 -0.0305238           0  0.00883221  -0.0195628
 0.00953773 -0.00883221           0  0.00519048
 0.00644557   0.0195628 -0.00519048           0
Repeater1[0]<--->EndNode1[0]
REAL
   0.46684 -0.0186502 -0.0133707   0.383312
-0.0186502  0.0429129  0.0388959 0.00897923
-0.0133707  0.0388959  0.0507152 0.00673051
  0.383312 0.00897923 0.00673051   0.439532
IMAGINARY
          0    0.024147  -0.0226489   0.0195418
  -0.024147           0  0.00170822 -0.00558193
  0.0226489 -0.00170822           0   0.0116121
 -0.0195418  0.00558193  -0.0116121           0
Repeater1[0]<--->HoM1[0]
REAL
    0.430481 -0.000783109  -0.00405462     0.395336
-0.000783109    0.0427807    0.0130609   -0.0137571
 -0.00405462    0.0130609    0.0374332   -0.0170286
    0.395336   -0.0137571   -0.0170286     0.489305
IMAGINARY
          0 -0.00953773   0.0305238 -0.00644557
 0.00953773           0 -0.00883221  0.00519048
 -0.0305238  0.00883221           0  -0.0195628
 0.00644557 -0.00519048   0.0195628           0
EndNode1[0]<--->Repeater1[0]
REAL
   0.457908  -0.0116714 -0.00334685     0.40711
 -0.0116714   0.0433673   0.0222092  -0.0175956
-0.00334685   0.0222092   0.0510204  0.00381803
    0.40711  -0.0175956  0.00381803    0.447704
IMAGINARY
          0 -0.00360686  -0.0143229 -0.00544321
 0.00360686           0  -0.0212743   0.0143229
  0.0143229   0.0212743           0  0.00236924
 0.00544321  -0.0143229 -0.00236924           0
EndNode2[0]<--->HoM1[0]
REAL
    0.464993 -0.000981598   -0.0187352     0.396804
-0.000981598    0.0488771    0.0313001   0.00500971
  -0.0187352    0.0313001    0.0317041   -0.0114367
    0.396804   0.00500971   -0.0114367     0.454425
IMAGINARY
          0   0.0245558 -0.00534206  -0.0109753
 -0.0245558           0  0.00582061  0.00347406
 0.00534206 -0.00582061           0  0.00470945
  0.0109753 -0.00347406 -0.00470945           0
Repeater1[0]<--->EndNode1[0]
REAL
   0.457908 -0.00334685  -0.0116714     0.40711
-0.00334685   0.0510204   0.0222092  0.00381803
 -0.0116714   0.0222092   0.0433673  -0.0175956
    0.40711  0.00381803  -0.0175956    0.447704
IMAGINARY
          0  -0.0143229 -0.00360686 -0.00544321
  0.0143229           0   0.0212743  0.00236924
 0.00360686  -0.0212743           0   0.0143229
 0.00544321 -0.00236924  -0.0143229           0
Repeater1[0]<--->HoM1[0]
REAL
    0.464993   -0.0187352 -0.000981598     0.396804
  -0.0187352    0.0317041    0.0313001   -0.0114367
-0.000981598    0.0313001    0.0488771   0.00500971
    0.396804   -0.0114367   0.00500971     0.454425
IMAGINARY
          0 -0.00534206   0.0245558  -0.0109753
 0.00534206           0 -0.00582061  0.00470945
 -0.0245558  0.00582061           0  0.00347406
  0.0109753 -0.00470945 -0.00347406           0
EndNode1[0]<--->Repeater1[0]
REAL
   0.444304   0.0108147   0.0134866    0.388123
  0.0108147   0.0518987    0.029632  -0.0095701
  0.0134866    0.029632   0.0531646 -0.00820372
   0.388123  -0.0095701 -0.00820372    0.450633
IMAGINARY
           0   -0.0213015    0.0149882  -0.00672264
   0.0213015            0 -0.000160962 -0.000163359
  -0.0149882  0.000160962            0 -0.000261869
  0.00672264  0.000163359  0.000261869            0
EndNode2[0]<--->HoM1[0]
REAL
   0.459085 -0.00903567 -0.00221577    0.387952
-0.00903567   0.0540915   0.0391311  -0.0160134
-0.00221577   0.0391311   0.0554785 -0.00398516
   0.387952  -0.0160134 -0.00398516    0.431345
IMAGINARY
          0  0.00578592 -0.00771775   0.0119975
-0.00578592           0 -0.00459014  0.00702427
 0.00771775  0.00459014           0   0.0129381
 -0.0119975 -0.00702427  -0.0129381           0
Repeater1[0]<--->EndNode1[0]
REAL
   0.444304   0.0134866   0.0108147    0.388123
  0.0134866   0.0531646    0.029632 -0.00820372
  0.0108147    0.029632   0.0518987  -0.0095701
   0.388123 -0.00820372  -0.0095701    0.450633
IMAGINARY
           0    0.0149882   -0.0213015  -0.00672264
  -0.0149882            0  0.000160962 -0.000261869
   0.0213015 -0.000160962            0 -0.000163359
  0.00672264  0.000261869  0.000163359            0
Repeater1[0]<--->HoM1[0]
REAL
   0.459085 -0.00221577 -0.00903567    0.387952
-0.00221577   0.0554785   0.0391311 -0.00398516
-0.00903567   0.0391311   0.0540915  -0.0160134
   0.387952 -0.00398516  -0.0160134    0.431345
IMAGINARY
          0 -0.00771775  0.00578592   0.0119975
 0.00771775           0  0.00459014   0.0129381
-0.00578592 -0.00459014           0  0.00702427
 -0.0119975  -0.0129381 -0.00702427           0
EndNode1[0]<--->Repeater1[0]
REAL
    0.46103  -0.0357566 -0.00828296    0.397199
 -0.0357566   0.0515192   0.0413204  -0.0412779
-0.00828296   0.0413204   0.0475561 -0.00753076
   0.397199  -0.0412779 -0.00753076    0.439894
IMAGINARY
          0 -0.00688608   0.0233522 -0.00880693
 0.00688608           0  0.00480693 -0.00502102
 -0.0233522 -0.00480693           0   0.0138393
 0.00880693  0.00502102  -0.0138393           0
EndNode2[0]<--->HoM1[0]
REAL
   0.444444  -0.0158162  0.00453805     0.39328
 -0.0158162    0.043956   0.0238251  -0.0216433
 0.00453805   0.0238251   0.0512821 2.66827e-05
    0.39328  -0.0216433 2.66827e-05    0.460317
IMAGINARY
          0 -0.00659216  -0.0123837  0.00156639
 0.00659216           0  0.00604782   0.0130174
  0.0123837 -0.00604782           0  0.00215616
-0.00156639  -0.0130174 -0.00215616           0
Repeater1[0]<--->EndNode1[0]
REAL
    0.46103 -0.00828296  -0.0357566    0.397199
-0.00828296   0.0475561   0.0413204 -0.00753076
 -0.0357566   0.0413204   0.0515192  -0.0412779
   0.397199 -0.00753076  -0.0412779    0.439894
IMAGINARY
          0   0.0233522 -0.00688608 -0.00880693
 -0.0233522           0 -0.00480693   0.0138393
 0.00688608  0.00480693           0 -0.00502102
 0.00880693  -0.0138393  0.00502102           0
Repeater1[0]<--->HoM1[0]
REAL
   0.444444  0.00453805  -0.0158162     0.39328
 0.00453805   0.0512821   0.0238251 2.66827e-05
 -0.0158162   0.0238251    0.043956  -0.0216433
    0.39328 2.66827e-05  -0.0216433    0.460317
IMAGINARY
          0  -0.0123837 -0.00659216  0.00156639
  0.0123837           0 -0.00604782  0.00215616
 0.00659216  0.00604782           0   0.0130174
-0.00156639 -0.00215616  -0.0130174           0
EndNode1[0]<--->Repeater1[0]
REAL
   0.437423 -0.00718718   0.0152663     0.40074
-0.00718718   0.0669145   0.0246335 -0.00508992
  0.0152663   0.0246335   0.0495663   0.0105793
    0.40074 -0.00508992   0.0105793    0.446097
IMAGINARY
           0   -0.0183761  -0.00336852   -0.0044817
   0.0183761            0 -3.44305e-05     0.011586
  0.00336852  3.44305e-05            0  4.49132e-05
   0.0044817    -0.011586 -4.49132e-05            0
EndNode2[0]<--->HoM1[0]
REAL
    0.45953 -0.00479585   0.0193655     0.39837
-0.00479585   0.0496084   0.0387207 -0.00560404
  0.0193655   0.0387207   0.0469974   0.0106936
    0.39837 -0.00560404   0.0106936    0.443864
IMAGINARY
           0   0.00741241   0.00457788  -0.00888538
 -0.00741241            0  -0.00692971   -0.0200974
 -0.00457788   0.00692971            0  9.98977e-06
  0.00888538    0.0200974 -9.98977e-06            0
Repeater1[0]<--->EndNode1[0]
REAL
   0.437423   0.0152663 -0.00718718     0.40074
  0.0152663   0.0495663   0.0246335   0.0105793
-0.00718718   0.0246335   0.0669145 -0.00508992
    0.40074   0.0105793 -0.00508992    0.446097
IMAGINARY
           0  -0.00336852   -0.0183761   -0.0044817
  0.00336852            0  3.44305e-05  4.49132e-05
   0.0183761 -3.44305e-05            0     0.011586
   0.0044817 -4.49132e-05    -0.011586            0
Repeater1[0]<--->HoM1[0]
REAL
    0.45953   0.0193655 -0.00479585     0.39837
  0.0193655   0.0469974   0.0387207   0.0106936
-0.00479585   0.0387207   0.0496084 -0.00560404
    0.39837   0.0106936 -0.00560404    0.443864
IMAGINARY
           0   0.00457788   0.00741241  -0.00888538
 -0.00457788            0   0.00692971  9.98977e-06
 -0.00741241  -0.00692971            0   -0.0200974
  0.00888538 -9.98977e-06    0.0200974            0
EndNode1[0]<--->Repeater1[0]
REAL
   0.479784 0.000272657    0.011848    0.399585
0.000272657   0.0458221   0.0401893 -0.00243771
   0.011848   0.0401893   0.0552561  0.00411881
   0.399585 -0.00243771  0.00411881    0.419137
IMAGINARY
         0 -0.0163927  0.0191818 -0.0209148
 0.0163927          0  0.0163987 -0.0132685
-0.0191818 -0.0163987          0  0.0117935
 0.0209148  0.0132685 -0.0117935          0
EndNode2[0]<--->HoM1[0]
REAL
   0.429858  -0.0167445 -0.00824711     0.40141
 -0.0167445     0.03861   0.0205479  -0.0102714
-0.00824711   0.0205479   0.0527671 -0.00309681
    0.40141  -0.0102714 -0.00309681    0.478764
IMAGINARY
          0   0.0218807  0.00573483 -0.00361372
 -0.0218807           0  -0.0118104  -0.0190428
-0.00573483   0.0118104           0  -0.0111076
 0.00361372   0.0190428   0.0111076           0
Repeater1[0]<--->EndNode1[0]
REAL
   0.479784    0.011848 0.000272657    0.399585
   0.011848   0.0552561   0.0401893  0.00411881
0.000272657   0.0401893   0.0458221 -0.00243771
   0.399585  0.00411881 -0.00243771    0.419137
IMAGINARY
         0  0.0191818 -0.0163927 -0.0209148
-0.0191818          0 -0.0163987  0.0117935
 0.0163927  0.0163987          0 -0.0132685
 0.0209148 -0.0117935  0.0132685          0
Repeater1[0]<--->HoM1[0]
REAL
   0.429858 -0.00824711  -0.0167445     0.40141
-0.00824711   0.0527671   0.0205479 -0.00309681
 -0.0167445   0.0205479     0.03861  -0.0102714
    0.40141 -0.00309681  -0.0102714    0.478764
IMAGINARY
          0  0.00573483   0.0218807 -0.00361372
-0.00573483           0   0.0118104  -0.0111076
 -0.0218807  -0.0118104           0  -0.0190428
 0.00361372   0.0111076   0.0190428           0
EndNode1[0]<--->Repeater1[0]
REAL
    0.470663   0.00838982  -0.00932704     0.407236
  0.00838982    0.0433673    0.0391451 -5.63367e-05
 -0.00932704    0.0391451    0.0459184  -0.00436838
    0.407236 -5.63367e-05  -0.00436838     0.440051
IMAGINARY
          0   0.0198315  -0.0291432  -0.0114043
 -0.0198315           0 -0.00570092 -0.00728893
  0.0291432  0.00570092           0 -0.00726873
  0.0114043  0.00728893  0.00726873           0
EndNode2[0]<--->HoM1[0]
REAL
  0.435463 0.00713103 0.00607396   0.390106
0.00713103   0.071708  0.0382091  0.0136393
0.00607396  0.0382091  0.0560626  0.0173612
  0.390106  0.0136393  0.0173612   0.436767
IMAGINARY
           0  -0.00545994   -0.0117288 -0.000776568
  0.00545994            0   -0.0101349   0.00989282
   0.0117288    0.0101349            0   -0.0110639
 0.000776568  -0.00989282    0.0110639            0
Repeater1[0]<--->EndNode1[0]
REAL
    0.470663  -0.00932704   0.00838982     0.407236
 -0.00932704    0.0459184    0.0391451  -0.00436838
  0.00838982    0.0391451    0.0433673 -5.63367e-05
    0.407236  -0.00436838 -5.63367e-05     0.440051
IMAGINARY
          0  -0.0291432   0.0198315  -0.0114043
  0.0291432           0  0.00570092 -0.00726873
 -0.0198315 -0.00570092           0 -0.00728893
  0.0114043  0.00726873  0.00728893           0
Repeater1[0]<--->HoM1[0]
REAL
  0.435463 0.00607396 0.00713103   0.390106
0.00607396  0.0560626  0.0382091  0.0173612
0.00713103  0.0382091   0.071708  0.0136393
  0.390106  0.0173612  0.0136393   0.436767
IMAGINARY
           0   -0.0117288  -0.00545994 -0.000776568
   0.0117288            0    0.0101349   -0.0110639
  0.00545994   -0.0101349            0   0.00989282
 0.000776568    0.0110639  -0.00989282            0
EndNode1[0]<--->Repeater1[0]
REAL
   0.475641  -0.0114874 -0.00694566    0.386836
 -0.0114874        0.05   0.0223676  -0.0154424
-0.00694566   0.0223676   0.0410256  -0.0121444
   0.386836  -0.0154424  -0.0121444    0.433333
IMAGINARY
          0  -0.0109866  -0.0195046   0.0056096
  0.0109866           0  -0.0222763  0.00424209
  0.0195046   0.0222763           0   0.0152601
 -0.0056096 -0.00424209  -0.0152601           0
EndNode2[0]<--->HoM1[0]
REAL
   0.419951  -0.0109866  0.00199905    0.393122
 -0.0109866   0.0591133   0.0314325 5.85608e-05
 0.00199905   0.0314325   0.0628079 0.000698526
   0.393122 5.85608e-05 0.000698526    0.458128
IMAGINARY
          0   0.0178628  -0.0185032   0.0264518
 -0.0178628           0  0.00288493  -0.0151565
  0.0185032 -0.00288493           0   0.0219169
 -0.0264518   0.0151565  -0.0219169           0
Repeater1[0]<--->EndNode1[0]
REAL
   0.475641 -0.00694566  -0.0114874    0.386836
-0.00694566   0.0410256   0.0223676  -0.0121444
 -0.0114874   0.0223676        0.05  -0.0154424
   0.386836  -0.0121444  -0.0154424    0.433333
IMAGINARY
          0  -0.0195046  -0.0109866   0.0056096
  0.0195046           0   0.0222763   0.0152601
  0.0109866  -0.0222763           0  0.00424209
 -0.0056096  -0.0152601 -0.00424209           0
Repeater1[0]<--->HoM1[0]
REAL
   0.419951  0.00199905  -0.0109866    0.393122
 0.00199905   0.0628079   0.0314325 0.000698526
 -0.0109866   0.0314325   0.0591133 5.85608e-05
   0.393122 0.000698526 5.85608e-05    0.458128
IMAGINARY
          0  -0.0185032   0.0178628   0.0264518
  0.0185032           0 -0.00288493   0.0219169
 -0.0178628  0.00288493           0  -0.0151565
 -0.0264518  -0.0219169   0.0151565           0
EndNode1[0]<--->Repeater1[0]
REAL
  0.459079 0.00491487  0.0116745   0.394673
0.00491487  0.0409207  0.0274377 0.00214462
 0.0116745  0.0274377  0.0511509 0.00890423
  0.394673 0.00214462 0.00890423   0.448849
IMAGINARY
          0  0.00199379  0.00566133 -0.00102591
-0.00199379           0  0.00228535  0.00103782
-0.00566133 -0.00228535           0 -0.00991097
 0.00102591 -0.00103782  0.00991097           0
EndNode2[0]<--->HoM1[0]
REAL
  0.440764 -0.0213554 -0.0195004   0.401605
-0.0213554  0.0407643  0.0351035  -0.013411
-0.0195004  0.0351035   0.044586 -0.0166193
  0.401605  -0.013411 -0.0166193   0.473885
IMAGINARY
          0   0.0133079 -0.00210896 -0.00924646
 -0.0133079           0  0.00322237   0.0126158
 0.00210896 -0.00322237           0  -0.0188703
 0.00924646  -0.0126158   0.0188703           0
Repeater1[0]<--->EndNode1[0]
REAL
  0.459079  0.0116745 0.00491487   0.394673
 0.0116745  0.0511509  0.0274377 0.00890423
0.00491487  0.0274377  0.0409207 0.00214462
  0.394673 0.00890423 0.00214462   0.448849
IMAGINARY
          0  0.00566133  0.00199379 -0.00102591
-0.00566133           0 -0.00228535 -0.00991097
-0.00199379  0.00228535           0  0.00103782
 0.00102591  0.00991097 -0.00103782           0
Repeater1[0]<--->HoM1[0]
REAL
  0.440764 -0.0195004 -0.0213554   0.401605
-0.0195004   0.044586  0.0351035 -0.0166193
-0.0213554  0.0351035  0.0407643  -0.013411
  0.401605 -0.0166193  -0.013411   0.473885
IMAGINARY
          0 -0.00210896   0.0133079 -0.00924646
 0.00210896           0 -0.00322237  -0.0188703
 -0.0133079  0.00322237           0   0.0126158
 0.00924646   0.0188703  -0.0126158           0
EndNode1[0]<--->Repeater1[0]
REAL
    0.446154   0.00843844   0.00162219     0.398537
  0.00843844    0.0461538    0.0294738 -0.000313292
  0.00162219    0.0294738    0.0551282   0.00465056
    0.398537 -0.000313292   0.00465056     0.452564
IMAGINARY
          0  -0.0250091   0.0229996 -0.00620301
  0.0250091           0  0.00883459  -0.0120881
 -0.0229996 -0.00883459           0 -0.00644147
 0.00620301   0.0120881  0.00644147           0
EndNode2[0]<--->HoM1[0]
REAL
    0.44517  -0.0180841  0.00103517    0.399732
 -0.0180841   0.0587467   0.0306224 -0.00957656
 0.00103517   0.0306224   0.0443864  -0.0154245
   0.399732 -0.00957656  -0.0154245    0.451697
IMAGINARY
          0   0.0108865 -0.00370323   0.0296711
 -0.0108865           0  0.00705206  0.00239433
 0.00370323 -0.00705206           0 -0.00434196
 -0.0296711 -0.00239433  0.00434196           0
Repeater1[0]<--->EndNode1[0]
REAL
    0.446154   0.00162219   0.00843844     0.398537
  0.00162219    0.0551282    0.0294738   0.00465056
  0.00843844    0.0294738    0.0461538 -0.000313292
    0.398537   0.00465056 -0.000313292     0.452564
IMAGINARY
          0   0.0229996  -0.0250091 -0.00620301
 -0.0229996           0 -0.00883459 -0.00644147
  0.0250091  0.00883459           0  -0.0120881
 0.00620301  0.00644147   0.0120881           0
Repeater1[0]<--->HoM1[0]
REAL
    0.44517  0.00103517  -0.0180841    0.399732
 0.00103517   0.0443864   0.0306224  -0.0154245
 -0.0180841   0.0306224   0.0587467 -0.00957656
   0.399732  -0.0154245 -0.00957656    0.451697
IMAGINARY
          0 -0.00370323   0.0108865   0.0296711
 0.00370323           0 -0.00705206 -0.00434196
 -0.0108865  0.00705206           0  0.00239433
 -0.0296711  0.00434196 -0.00239433           0
EndNode1[0]<--->Repeater1[0]
REAL
   0.455137   0.0178348    0.016046    0.393425
  0.0178348   0.0520156   0.0234485 -0.00363905
   0.016046   0.0234485   0.0559168   0.0107012
   0.393425 -0.00363905   0.0107012    0.436931
IMAGINARY
          0   0.0101123  0.00823483   0.0180576
 -0.0101123           0   -0.010868  -0.0176911
-0.00823483    0.010868           0  0.00407206
 -0.0180576   0.0176911 -0.00407206           0
EndNode2[0]<--->HoM1[0]
REAL
    0.47424 -0.00652132  0.00481719      0.3997
-0.00652132   0.0475561   0.0296056  0.00418024
 0.00481719   0.0296056   0.0369881   0.0142334
     0.3997  0.00418024   0.0142334    0.441215
IMAGINARY
          0   0.0108436  -0.0255763  -0.0013681
 -0.0108436           0 -0.00319514  0.00595521
  0.0255763  0.00319514           0   0.0114838
  0.0013681 -0.00595521  -0.0114838           0
Repeater1[0]<--->EndNode1[0]
REAL
   0.455137    0.016046   0.0178348    0.393425
   0.016046   0.0559168   0.0234485   0.0107012
  0.0178348   0.0234485   0.0520156 -0.00363905
   0.393425   0.0107012 -0.00363905    0.436931
IMAGINARY
          0  0.00823483   0.0101123   0.0180576
-0.00823483           0    0.010868  0.00407206
 -0.0101123   -0.010868           0  -0.0176911
 -0.0180576 -0.00407206   0.0176911           0
Repeater1[0]<--->HoM1[0]
REAL
    0.47424  0.00481719 -0.00652132      0.3997
 0.00481719   0.0369881   0.0296056   0.0142334
-0.00652132   0.0296056   0.0475561  0.00418024
     0.3997   0.0142334  0.00418024    0.441215
IMAGINARY
          0  -0.0255763   0.0108436  -0.0013681
  0.0255763           0  0.00319514   0.0114838
 -0.0108436 -0.00319514           0  0.00595521
  0.0013681  -0.0114838 -0.00595521           0
EndNode1[0]<--->Repeater1[0]
REAL
   0.455422  0.00961017   0.0274266    0.398405
 0.00961017   0.0445783   0.0441085  -0.0153945
  0.0274266   0.0441085   0.0481928 -0.00158878
   0.398405  -0.0153945 -0.00158878    0.451807
IMAGINARY
          0   0.0049084  0.00294126 -0.00625618
 -0.0049084           0   0.0140484  -0.0209985
-0.00294126  -0.0140484           0   0.0094129
 0.00625618   0.0209985  -0.0094129           0
EndNode2[0]<--->HoM1[0]
REAL
 0.473881  0.012375 0.0016723   0.39334
 0.012375 0.0559701 0.0319406 0.0263476
0.0016723 0.0319406 0.0460199 0.0280982
  0.39334 0.0263476 0.0280982  0.424129
IMAGINARY
          0  0.00809964  0.00736016   0.0231952
-0.00809964           0  0.00236184  -0.0138368
-0.00736016 -0.00236184           0  0.00226306
 -0.0231952   0.0138368 -0.00226306           0
Repeater1[0]<--->EndNode1[0]
REAL
   0.455422   0.0274266  0.00961017    0.398405
  0.0274266   0.0481928   0.0441085 -0.00158878
 0.00961017   0.0441085   0.0445783  -0.0153945
   0.398405 -0.00158878  -0.0153945    0.451807
IMAGINARY
          0  0.00294126   0.0049084 -0.00625618
-0.00294126           0  -0.0140484   0.0094129
 -0.0049084   0.0140484           0  -0.0209985
 0.00625618  -0.0094129   0.0209985           0
Repeater1[0]<--->HoM1[0]
REAL
 0.473881 0.0016723  0.012375   0.39334
0.0016723 0.0460199 0.0319406 0.0280982
 0.012375 0.0319406 0.0559701 0.0263476
  0.39334 0.0280982 0.0263476  0.424129
IMAGINARY
          0  0.00736016  0.00809964   0.0231952
-0.00736016           0 -0.00236184  0.00226306
-0.00809964  0.00236184           0  -0.0138368
 -0.0231952 -0.00226306   0.0138368           0
