EndNode1[0]<--->Repeater1[0]
REAL
    0.442875 -0.000211085  -0.00455963     0.384219
-0.000211085    0.0577664    0.0496136  -0.00854899
 -0.00455963    0.0496136    0.0808729  -0.00415845
    0.384219  -0.00854899  -0.00415845     0.418485
IMAGINARY
           0   0.00165035    0.0210477    0.0128824
 -0.00165035            0   0.00563607 -0.000691448
  -0.0210477  -0.00563607            0   -0.0118285
  -0.0128824  0.000691448    0.0118285            0
EndNode2[0]<--->HoM1[0]
REAL
   0.450255   0.0146226   0.0081864      0.3926
  0.0146226   0.0497449   0.0456868   0.0081864
  0.0081864   0.0456868   0.0854592 0.000490726
     0.3926   0.0081864 0.000490726    0.414541
IMAGINARY
           0   0.00625098   -0.0158985  -0.00885843
 -0.00625098            0   -0.0206304   0.00972567
   0.0158985    0.0206304            0 -7.81372e-05
  0.00885843  -0.00972567  7.81372e-05            0
Repeater1[0]<--->EndNode1[0]
REAL
    0.442875  -0.00455963 -0.000211085     0.384219
 -0.00455963    0.0808729    0.0496136  -0.00415845
-0.000211085    0.0496136    0.0577664  -0.00854899
    0.384219  -0.00415845  -0.00854899     0.418485
IMAGINARY
           0    0.0210477   0.00165035    0.0128824
  -0.0210477            0  -0.00563607   -0.0118285
 -0.00165035   0.00563607            0 -0.000691448
  -0.0128824    0.0118285  0.000691448            0
Repeater1[0]<--->HoM1[0]
REAL
   0.450255   0.0081864   0.0146226      0.3926
  0.0081864   0.0854592   0.0456868 0.000490726
  0.0146226   0.0456868   0.0497449   0.0081864
     0.3926 0.000490726   0.0081864    0.414541
IMAGINARY
           0   -0.0158985   0.00625098  -0.00885843
   0.0158985            0    0.0206304 -7.81372e-05
 -0.00625098   -0.0206304            0   0.00972567
  0.00885843  7.81372e-05  -0.00972567            0
EndNode1[0]<--->Repeater1[0]
REAL
  0.415906 0.00734959   -0.01156   0.395533
0.00734959  0.0704042  0.0443646 0.00772371
  -0.01156  0.0443646  0.0677966 -0.0201373
  0.395533 0.00772371 -0.0201373   0.445893
IMAGINARY
          0  -0.0129058 -0.00301777   0.0213576
  0.0129058           0   0.0460724   0.0110128
 0.00301777  -0.0460724           0  -0.0135395
 -0.0213576  -0.0110128   0.0135395           0
EndNode2[0]<--->HoM1[0]
REAL
    0.457875    0.0134736 -0.000575696     0.384732
   0.0134736    0.0525031    0.0507127     0.012147
-0.000575696    0.0507127    0.0695971   -0.0226088
    0.384732     0.012147   -0.0226088     0.420024
IMAGINARY
          0  -0.0142533  0.00876065  -0.0423857
  0.0142533           0   0.0136039 -0.00258781
-0.00876065  -0.0136039           0   0.0149392
  0.0423857  0.00258781  -0.0149392           0
Repeater1[0]<--->EndNode1[0]
REAL
  0.415906   -0.01156 0.00734959   0.395533
  -0.01156  0.0677966  0.0443646 -0.0201373
0.00734959  0.0443646  0.0704042 0.00772371
  0.395533 -0.0201373 0.00772371   0.445893
IMAGINARY
          0 -0.00301777  -0.0129058   0.0213576
 0.00301777           0  -0.0460724  -0.0135395
  0.0129058   0.0460724           0   0.0110128
 -0.0213576   0.0135395  -0.0110128           0
Repeater1[0]<--->HoM1[0]
REAL
    0.457875 -0.000575696    0.0134736     0.384732
-0.000575696    0.0695971    0.0507127   -0.0226088
   0.0134736    0.0507127    0.0525031     0.012147
    0.384732   -0.0226088     0.012147     0.420024
IMAGINARY
          0  0.00876065  -0.0142533  -0.0423857
-0.00876065           0  -0.0136039   0.0149392
  0.0142533   0.0136039           0 -0.00258781
  0.0423857  -0.0149392  0.00258781           0
EndNode1[0]<--->Repeater1[0]
REAL
   0.424675   0.0105838   0.0109282    0.387825
  0.0105838   0.0779221   0.0369594  0.00448489
  0.0109282   0.0369594   0.0662338 -0.00133593
   0.387825  0.00448489 -0.00133593    0.431169
IMAGINARY
           0  -0.00763724 -0.000648235   -0.0192908
  0.00763724            0   0.00757685   0.00264557
 0.000648235  -0.00757685            0  -0.00501256
   0.0192908  -0.00264557   0.00501256            0
EndNode2[0]<--->HoM1[0]
REAL
   0.437337  -0.0216978 -0.00754817    0.394785
 -0.0216978   0.0678851   0.0473959 -0.00624947
-0.00754817   0.0473959   0.0600522   0.0131564
   0.394785 -0.00624947   0.0131564    0.434726
IMAGINARY
           0    0.0239528   -0.0119462 -0.000844736
  -0.0239528            0   -0.0157604  -0.00746477
   0.0119462    0.0157604            0  -0.00721923
 0.000844736   0.00746477   0.00721923            0
Repeater1[0]<--->EndNode1[0]
REAL
   0.424675   0.0109282   0.0105838    0.387825
  0.0109282   0.0662338   0.0369594 -0.00133593
  0.0105838   0.0369594   0.0779221  0.00448489
   0.387825 -0.00133593  0.00448489    0.431169
IMAGINARY
           0 -0.000648235  -0.00763724   -0.0192908
 0.000648235            0  -0.00757685  -0.00501256
  0.00763724   0.00757685            0   0.00264557
   0.0192908   0.00501256  -0.00264557            0
Repeater1[0]<--->HoM1[0]
REAL
   0.437337 -0.00754817  -0.0216978    0.394785
-0.00754817   0.0600522   0.0473959   0.0131564
 -0.0216978   0.0473959   0.0678851 -0.00624947
   0.394785   0.0131564 -0.00624947    0.434726
IMAGINARY
           0   -0.0119462    0.0239528 -0.000844736
   0.0119462            0    0.0157604  -0.00721923
  -0.0239528   -0.0157604            0  -0.00746477
 0.000844736   0.00721923   0.00746477            0
EndNode1[0]<--->Repeater1[0]
REAL
    0.427623 -0.000696467   -0.0162468     0.404361
-0.000696467     0.063745    0.0298671  -0.00455853
  -0.0162468    0.0298671    0.0756972   -0.0214512
    0.404361  -0.00455853   -0.0214512     0.432935
IMAGINARY
           0  -0.00831326   0.00585246    0.0194241
  0.00831326            0   -0.0104267  0.000220417
 -0.00585246    0.0104267            0    0.0143861
  -0.0194241 -0.000220417   -0.0143861            0
EndNode2[0]<--->HoM1[0]
REAL
   0.444299 -0.00532001  -0.0385326    0.392535
-0.00532001   0.0629096   0.0353925 -0.00844296
 -0.0385326   0.0353925   0.0733945  -0.0236375
   0.392535 -0.00844296  -0.0236375    0.419397
IMAGINARY
           0    0.0076432   -0.0255378 -0.000403029
  -0.0076432            0   0.00993289  7.19588e-05
   0.0255378  -0.00993289            0    0.0116115
 0.000403029 -7.19588e-05   -0.0116115            0
Repeater1[0]<--->EndNode1[0]
REAL
    0.427623   -0.0162468 -0.000696467     0.404361
  -0.0162468    0.0756972    0.0298671   -0.0214512
-0.000696467    0.0298671     0.063745  -0.00455853
    0.404361   -0.0214512  -0.00455853     0.432935
IMAGINARY
           0   0.00585246  -0.00831326    0.0194241
 -0.00585246            0    0.0104267    0.0143861
  0.00831326   -0.0104267            0  0.000220417
  -0.0194241   -0.0143861 -0.000220417            0
Repeater1[0]<--->HoM1[0]
REAL
   0.444299  -0.0385326 -0.00532001    0.392535
 -0.0385326   0.0733945   0.0353925  -0.0236375
-0.00532001   0.0353925   0.0629096 -0.00844296
   0.392535  -0.0236375 -0.00844296    0.419397
IMAGINARY
           0   -0.0255378    0.0076432 -0.000403029
   0.0255378            0  -0.00993289    0.0116115
  -0.0076432   0.00993289            0  7.19588e-05
 0.000403029   -0.0116115 -7.19588e-05            0
EndNode1[0]<--->Repeater1[0]
REAL
  0.456522 -0.0222729 0.00671098   0.379587
-0.0222729  0.0856777  0.0548588 -0.0263773
0.00671098  0.0548588  0.0537084 0.00141471
  0.379587 -0.0263773 0.00141471   0.404092
IMAGINARY
          0 -0.00735284 -0.00864362   0.0295996
 0.00735284           0   0.0027454  0.00864362
 0.00864362  -0.0027454           0 -0.00215803
 -0.0295996 -0.00864362  0.00215803           0
EndNode2[0]<--->HoM1[0]
REAL
    0.456929   -0.0075038   -0.0301034      0.37761
  -0.0075038     0.051186    0.0449624     0.020917
  -0.0301034    0.0449624    0.0736579 -0.000370212
     0.37761     0.020917 -0.000370212     0.418227
IMAGINARY
           0  -0.00464127    0.0169237   0.00585352
  0.00464127            0    -0.010234  -0.00114863
  -0.0169237     0.010234            0 -0.000159832
 -0.00585352   0.00114863  0.000159832            0
Repeater1[0]<--->EndNode1[0]
REAL
  0.456522 0.00671098 -0.0222729   0.379587
0.00671098  0.0537084  0.0548588 0.00141471
-0.0222729  0.0548588  0.0856777 -0.0263773
  0.379587 0.00141471 -0.0263773   0.404092
IMAGINARY
          0 -0.00864362 -0.00735284   0.0295996
 0.00864362           0  -0.0027454 -0.00215803
 0.00735284   0.0027454           0  0.00864362
 -0.0295996  0.00215803 -0.00864362           0
Repeater1[0]<--->HoM1[0]
REAL
    0.456929   -0.0301034   -0.0075038      0.37761
  -0.0301034    0.0736579    0.0449624 -0.000370212
  -0.0075038    0.0449624     0.051186     0.020917
     0.37761 -0.000370212     0.020917     0.418227
IMAGINARY
           0    0.0169237  -0.00464127   0.00585352
  -0.0169237            0     0.010234 -0.000159832
  0.00464127    -0.010234            0  -0.00114863
 -0.00585352  0.000159832   0.00114863            0
EndNode1[0]<--->Repeater1[0]
REAL
   0.447368  -0.0155283 -0.00677507    0.375002
 -0.0155283   0.0676692   0.0450525 -0.00677507
-0.00677507   0.0450525   0.0626566 -0.00750692
   0.375002 -0.00677507 -0.00750692    0.422306
IMAGINARY
          0  -0.0101022  0.00905981  0.00409358
  0.0101022           0   0.0116693 -0.00398367
-0.00905981  -0.0116693           0   0.0227925
-0.00409358  0.00398367  -0.0227925           0
EndNode2[0]<--->HoM1[0]
REAL
   0.426617  0.00177512  -0.0176703    0.383779
 0.00177512   0.0721393    0.046742 -0.00342155
 -0.0176703    0.046742   0.0497512  -0.0203855
   0.383779 -0.00342155  -0.0203855    0.451493
IMAGINARY
          0 -0.00585468 -0.00251237  -0.0161062
 0.00585468           0 -0.00699162   -0.013537
 0.00251237  0.00699162           0  0.00955839
  0.0161062    0.013537 -0.00955839           0
Repeater1[0]<--->EndNode1[0]
REAL
   0.447368 -0.00677507  -0.0155283    0.375002
-0.00677507   0.0626566   0.0450525 -0.00750692
 -0.0155283   0.0450525   0.0676692 -0.00677507
   0.375002 -0.00750692 -0.00677507    0.422306
IMAGINARY
          0  0.00905981  -0.0101022  0.00409358
-0.00905981           0  -0.0116693   0.0227925
  0.0101022   0.0116693           0 -0.00398367
-0.00409358  -0.0227925  0.00398367           0
Repeater1[0]<--->HoM1[0]
REAL
   0.426617  -0.0176703  0.00177512    0.383779
 -0.0176703   0.0497512    0.046742  -0.0203855
 0.00177512    0.046742   0.0721393 -0.00342155
   0.383779  -0.0203855 -0.00342155    0.451493
IMAGINARY
          0 -0.00251237 -0.00585468  -0.0161062
 0.00251237           0  0.00699162  0.00955839
 0.00585468 -0.00699162           0   -0.013537
  0.0161062 -0.00955839    0.013537           0
EndNode1[0]<--->Repeater1[0]
REAL
  0.422554 -0.0153606 0.00350634   0.390226
-0.0153606  0.0692935  0.0430206 -0.0179042
0.00350634  0.0430206  0.0665761 0.00750717
  0.390226 -0.0179042 0.00750717   0.441576
IMAGINARY
          0 -0.00191699  0.00329459   0.0267242
 0.00191699           0   0.0107599  -0.0126114
-0.00329459  -0.0107599           0    0.012476
 -0.0267242   0.0126114   -0.012476           0
EndNode2[0]<--->HoM1[0]
REAL
   0.436796 -0.00363189  -0.0077643    0.392232
-0.00363189   0.0713392   0.0389851   0.0117326
 -0.0077643   0.0389851   0.0663329  0.00495464
   0.392232   0.0117326  0.00495464    0.425532
IMAGINARY
           0    0.0142471   -0.0144805   -0.0176774
  -0.0142471            0 -1.59637e-05   -0.0244805
   0.0144805  1.59637e-05            0  3.86623e-05
   0.0176774    0.0244805 -3.86623e-05            0
Repeater1[0]<--->EndNode1[0]
REAL
  0.422554 0.00350634 -0.0153606   0.390226
0.00350634  0.0665761  0.0430206 0.00750717
-0.0153606  0.0430206  0.0692935 -0.0179042
  0.390226 0.00750717 -0.0179042   0.441576
IMAGINARY
          0  0.00329459 -0.00191699   0.0267242
-0.00329459           0  -0.0107599    0.012476
 0.00191699   0.0107599           0  -0.0126114
 -0.0267242   -0.012476   0.0126114           0
Repeater1[0]<--->HoM1[0]
REAL
   0.436796  -0.0077643 -0.00363189    0.392232
 -0.0077643   0.0663329   0.0389851  0.00495464
-0.00363189   0.0389851   0.0713392   0.0117326
   0.392232  0.00495464   0.0117326    0.425532
IMAGINARY
           0   -0.0144805    0.0142471   -0.0176774
   0.0144805            0  1.59637e-05  3.86623e-05
  -0.0142471 -1.59637e-05            0   -0.0244805
   0.0176774 -3.86623e-05    0.0244805            0
EndNode1[0]<--->Repeater1[0]
REAL
   0.445963   -0.017507 -0.00852221    0.379067
  -0.017507   0.0583851   0.0450799  -0.0110732
-0.00852221   0.0450799   0.0732919  -0.0046169
   0.379067  -0.0110732  -0.0046169     0.42236
IMAGINARY
          0  0.00429505 -0.00715159  -0.0227299
-0.00429505           0   -0.010344 -0.00134514
 0.00715159    0.010344           0   0.0185808
  0.0227299  0.00134514  -0.0185808           0
EndNode2[0]<--->HoM1[0]
REAL
  0.438175  0.0201373 -0.0125516   0.382838
 0.0201373  0.0660264   0.047457 0.00450874
-0.0125516   0.047457  0.0660264 -0.0147754
  0.382838 0.00450874 -0.0147754   0.429772
IMAGINARY
         0 -0.0136416  0.0203238 -0.0369699
 0.0136416          0 -0.0197724  0.0177597
-0.0203238  0.0197724          0 -0.0170709
 0.0369699 -0.0177597  0.0170709          0
Repeater1[0]<--->EndNode1[0]
REAL
   0.445963 -0.00852221   -0.017507    0.379067
-0.00852221   0.0732919   0.0450799  -0.0046169
  -0.017507   0.0450799   0.0583851  -0.0110732
   0.379067  -0.0046169  -0.0110732     0.42236
IMAGINARY
          0 -0.00715159  0.00429505  -0.0227299
 0.00715159           0    0.010344   0.0185808
-0.00429505   -0.010344           0 -0.00134514
  0.0227299  -0.0185808  0.00134514           0
Repeater1[0]<--->HoM1[0]
REAL
  0.438175 -0.0125516  0.0201373   0.382838
-0.0125516  0.0660264   0.047457 -0.0147754
 0.0201373   0.047457  0.0660264 0.00450874
  0.382838 -0.0147754 0.00450874   0.429772
IMAGINARY
         0  0.0203238 -0.0136416 -0.0369699
-0.0203238          0  0.0197724 -0.0170709
 0.0136416 -0.0197724          0  0.0177597
 0.0369699  0.0170709 -0.0177597          0
EndNode1[0]<--->Repeater1[0]
REAL
  0.408269  0.0156702 0.00919341   0.377823
 0.0156702  0.0723514  0.0607175  0.0247374
0.00919341  0.0607175  0.0736434  0.0233823
  0.377823  0.0247374  0.0233823   0.445736
IMAGINARY
          0  0.00773196  0.00980576 -0.00678296
-0.00773196           0  -0.0176386   0.0072995
-0.00980576   0.0176386           0 -0.00773196
 0.00678296  -0.0072995  0.00773196           0
EndNode2[0]<--->HoM1[0]
REAL
 0.426844  0.020294 0.0139462  0.393443
 0.020294 0.0810157 0.0331983 0.0188723
0.0139462 0.0331983  0.076179 0.0035155
 0.393443 0.0188723 0.0035155  0.415961
IMAGINARY
          0  -0.0274197  0.00527936  -0.0194601
  0.0274197           0  -0.0181196    0.023893
-0.00527936   0.0181196           0   0.0104591
  0.0194601   -0.023893  -0.0104591           0
Repeater1[0]<--->EndNode1[0]
REAL
  0.408269 0.00919341  0.0156702   0.377823
0.00919341  0.0736434  0.0607175  0.0233823
 0.0156702  0.0607175  0.0723514  0.0247374
  0.377823  0.0233823  0.0247374   0.445736
IMAGINARY
          0  0.00980576  0.00773196 -0.00678296
-0.00980576           0   0.0176386 -0.00773196
-0.00773196  -0.0176386           0   0.0072995
 0.00678296  0.00773196  -0.0072995           0
Repeater1[0]<--->HoM1[0]
REAL
 0.426844 0.0139462  0.020294  0.393443
0.0139462  0.076179 0.0331983 0.0035155
 0.020294 0.0331983 0.0810157 0.0188723
 0.393443 0.0035155 0.0188723  0.415961
IMAGINARY
          0  0.00527936  -0.0274197  -0.0194601
-0.00527936           0   0.0181196   0.0104591
  0.0274197  -0.0181196           0    0.023893
  0.0194601  -0.0104591   -0.023893           0
EndNode1[0]<--->Repeater1[0]
REAL
   0.421734 -0.00778011  0.00214463    0.381135
-0.00778011   0.0620957    0.049477   0.0148622
 0.00214463    0.049477   0.0659767  0.00982093
   0.381135   0.0148622  0.00982093    0.450194
IMAGINARY
          0  0.00654647 -0.00188442   0.0133751
-0.00654647           0 -0.00411585  0.00942211
 0.00188442  0.00411585           0 -0.00905903
 -0.0133751 -0.00942211  0.00905903           0
EndNode2[0]<--->HoM1[0]
REAL
   0.445455  -0.0142198 -0.00245157    0.400298
 -0.0142198   0.0649351   0.0332093   -0.006023
-0.00245157   0.0332093   0.0558442  0.00965659
   0.400298   -0.006023  0.00965659    0.433766
IMAGINARY
           0  -0.00316137  -0.00190842   0.00466521
  0.00316137            0   -0.0228348  0.000642599
  0.00190842    0.0228348            0  -0.00190192
 -0.00466521 -0.000642599   0.00190192            0
Repeater1[0]<--->EndNode1[0]
REAL
   0.421734  0.00214463 -0.00778011    0.381135
 0.00214463   0.0659767    0.049477  0.00982093
-0.00778011    0.049477   0.0620957   0.0148622
   0.381135  0.00982093   0.0148622    0.450194
IMAGINARY
          0 -0.00188442  0.00654647   0.0133751
 0.00188442           0  0.00411585 -0.00905903
-0.00654647 -0.00411585           0  0.00942211
 -0.0133751  0.00905903 -0.00942211           0
Repeater1[0]<--->HoM1[0]
REAL
   0.445455 -0.00245157  -0.0142198    0.400298
-0.00245157   0.0558442   0.0332093  0.00965659
 -0.0142198   0.0332093   0.0649351   -0.006023
   0.400298  0.00965659   -0.006023    0.433766
IMAGINARY
           0  -0.00190842  -0.00316137   0.00466521
  0.00190842            0    0.0228348  -0.00190192
  0.00316137   -0.0228348            0  0.000642599
 -0.00466521   0.00190192 -0.000642599            0
EndNode1[0]<--->Repeater1[0]
REAL
   0.467617  0.00448998   0.0270209    0.381671
 0.00448998   0.0608808   0.0380817 -0.00356416
  0.0270209   0.0380817   0.0569948   0.0152631
   0.381671 -0.00356416   0.0152631    0.414508
IMAGINARY
          0   0.0258437   0.0025641 -0.00933793
 -0.0258437           0   0.0414235   0.0025641
 -0.0025641  -0.0414235           0  -0.0130232
 0.00933793  -0.0025641   0.0130232           0
EndNode2[0]<--->HoM1[0]
REAL
   0.461631 -0.00664897 -0.00232845    0.377659
-0.00664897   0.0707434   0.0493003  0.00432048
-0.00232845   0.0493003   0.0731415 -0.00331119
   0.377659  0.00432048 -0.00331119    0.394484
IMAGINARY
          0   0.0216634  -0.0307708   -0.010087
 -0.0216634           0  -0.0203698  0.00962654
  0.0307708   0.0203698           0   0.0019684
   0.010087 -0.00962654  -0.0019684           0
Repeater1[0]<--->EndNode1[0]
REAL
   0.467617   0.0270209  0.00448998    0.381671
  0.0270209   0.0569948   0.0380817   0.0152631
 0.00448998   0.0380817   0.0608808 -0.00356416
   0.381671   0.0152631 -0.00356416    0.414508
IMAGINARY
          0   0.0025641   0.0258437 -0.00933793
 -0.0025641           0  -0.0414235  -0.0130232
 -0.0258437   0.0414235           0   0.0025641
 0.00933793   0.0130232  -0.0025641           0
Repeater1[0]<--->HoM1[0]
REAL
   0.461631 -0.00232845 -0.00664897    0.377659
-0.00232845   0.0731415   0.0493003 -0.00331119
-0.00664897   0.0493003   0.0707434  0.00432048
   0.377659 -0.00331119  0.00432048    0.394484
IMAGINARY
          0  -0.0307708   0.0216634   -0.010087
  0.0307708           0   0.0203698   0.0019684
 -0.0216634  -0.0203698           0  0.00962654
   0.010087  -0.0019684 -0.00962654           0
EndNode1[0]<--->Repeater1[0]
REAL
   0.425667 -0.00100337  0.00869987    0.385734
-0.00100337   0.0724269   0.0451544  -0.0150468
 0.00869987   0.0451544   0.0609911  -0.0123958
   0.385734  -0.0150468  -0.0123958    0.440915
IMAGINARY
          0   0.0144198   0.0149276 -0.00138432
 -0.0144198           0 -0.00590045   0.0104347
 -0.0149276  0.00590045           0  -0.0277048
 0.00138432  -0.0104347   0.0277048           0
EndNode2[0]<--->HoM1[0]
REAL
    0.44598  -0.0108551  -0.0266018    0.388985
 -0.0108551   0.0552764    0.050693   0.0051541
 -0.0266018    0.050693   0.0540201 -0.00657115
   0.388985   0.0051541 -0.00657115    0.444724
IMAGINARY
          0  0.00194544  0.00105021 -0.00509112
-0.00194544           0  -0.0070417 -0.00169704
-0.00105021   0.0070417           0  0.00258238
 0.00509112  0.00169704 -0.00258238           0
Repeater1[0]<--->EndNode1[0]
REAL
   0.425667  0.00869987 -0.00100337    0.385734
 0.00869987   0.0609911   0.0451544  -0.0123958
-0.00100337   0.0451544   0.0724269  -0.0150468
   0.385734  -0.0123958  -0.0150468    0.440915
IMAGINARY
          0   0.0149276   0.0144198 -0.00138432
 -0.0149276           0  0.00590045  -0.0277048
 -0.0144198 -0.00590045           0   0.0104347
 0.00138432   0.0277048  -0.0104347           0
Repeater1[0]<--->HoM1[0]
REAL
    0.44598  -0.0266018  -0.0108551    0.388985
 -0.0266018   0.0540201    0.050693 -0.00657115
 -0.0108551    0.050693   0.0552764   0.0051541
   0.388985 -0.00657115   0.0051541    0.444724
IMAGINARY
          0  0.00105021  0.00194544 -0.00509112
-0.00105021           0   0.0070417  0.00258238
-0.00194544  -0.0070417           0 -0.00169704
 0.00509112 -0.00258238  0.00169704           0
EndNode1[0]<--->Repeater1[0]
REAL
  0.419525 0.00393703 0.00678475   0.383293
0.00393703  0.0474934  0.0302065 0.00173425
0.00678475  0.0302065  0.0633245 0.00196074
  0.383293 0.00173425 0.00196074   0.469657
IMAGINARY
          0   0.0042885 -0.00486013 -0.00525487
 -0.0042885           0 -0.00342337  -0.0111892
 0.00486013  0.00342337           0   0.0253411
 0.00525487   0.0111892  -0.0253411           0
EndNode2[0]<--->HoM1[0]
REAL
   0.449057 -0.00694249 -0.00367744    0.394303
-0.00694249   0.0691824   0.0526465   -0.018869
-0.00367744   0.0526465   0.0805031   -0.020909
   0.394303   -0.018869   -0.020909    0.401258
IMAGINARY
          0  0.00866412  -0.0272999 -0.00588245
-0.00866412           0   0.0136144   0.0035484
  0.0272999  -0.0136144           0   0.0297037
 0.00588245  -0.0035484  -0.0297037           0
Repeater1[0]<--->EndNode1[0]
REAL
  0.419525 0.00678475 0.00393703   0.383293
0.00678475  0.0633245  0.0302065 0.00196074
0.00393703  0.0302065  0.0474934 0.00173425
  0.383293 0.00196074 0.00173425   0.469657
IMAGINARY
          0 -0.00486013   0.0042885 -0.00525487
 0.00486013           0  0.00342337   0.0253411
 -0.0042885 -0.00342337           0  -0.0111892
 0.00525487  -0.0253411   0.0111892           0
Repeater1[0]<--->HoM1[0]
REAL
   0.449057 -0.00367744 -0.00694249    0.394303
-0.00367744   0.0805031   0.0526465   -0.020909
-0.00694249   0.0526465   0.0691824   -0.018869
   0.394303   -0.020909   -0.018869    0.401258
IMAGINARY
          0  -0.0272999  0.00866412 -0.00588245
  0.0272999           0  -0.0136144   0.0297037
-0.00866412   0.0136144           0   0.0035484
 0.00588245  -0.0297037  -0.0035484           0
EndNode1[0]<--->Repeater1[0]
REAL
  0.417949 0.00798717  0.0102995   0.388645
0.00798717  0.0705128  0.0415267  0.0167097
 0.0102995  0.0415267   0.074359  0.0124344
  0.388645  0.0167097  0.0124344   0.437179
IMAGINARY
          0    0.012184 -0.00799291  0.00948003
  -0.012184           0  -0.0107654   0.0117523
 0.00799291   0.0107654           0  0.00661298
-0.00948003  -0.0117523 -0.00661298           0
EndNode2[0]<--->HoM1[0]
REAL
  0.427984  0.0148808 0.00931329    0.37786
 0.0148808  0.0658436  0.0471092 0.00483185
0.00931329  0.0471092  0.0781893 0.00787443
   0.37786 0.00483185 0.00787443   0.427984
IMAGINARY
           0    0.0109402    0.0140618  -0.00407048
  -0.0109402            0   -0.0189862   0.00679632
  -0.0140618    0.0189862            0 -0.000809119
  0.00407048  -0.00679632  0.000809119            0
Repeater1[0]<--->EndNode1[0]
REAL
  0.417949  0.0102995 0.00798717   0.388645
 0.0102995   0.074359  0.0415267  0.0124344
0.00798717  0.0415267  0.0705128  0.0167097
  0.388645  0.0124344  0.0167097   0.437179
IMAGINARY
          0 -0.00799291    0.012184  0.00948003
 0.00799291           0   0.0107654  0.00661298
  -0.012184  -0.0107654           0   0.0117523
-0.00948003 -0.00661298  -0.0117523           0
Repeater1[0]<--->HoM1[0]
REAL
  0.427984 0.00931329  0.0148808    0.37786
0.00931329  0.0781893  0.0471092 0.00787443
 0.0148808  0.0471092  0.0658436 0.00483185
   0.37786 0.00787443 0.00483185   0.427984
IMAGINARY
           0    0.0140618    0.0109402  -0.00407048
  -0.0140618            0    0.0189862 -0.000809119
  -0.0109402   -0.0189862            0   0.00679632
  0.00407048  0.000809119  -0.00679632            0
EndNode1[0]<--->Repeater1[0]
REAL
  0.423412 0.00463668   0.018908   0.385012
0.00463668  0.0560399  0.0383545 0.00621764
  0.018908  0.0383545  0.0585305  0.0242578
  0.385012 0.00621764  0.0242578   0.462017
IMAGINARY
          0  -0.0107076  -0.0156729  0.00138889
  0.0107076           0 -0.00138889   0.0150176
  0.0156729  0.00138889           0    0.017916
-0.00138889  -0.0150176   -0.017916           0
EndNode2[0]<--->HoM1[0]
REAL
    0.44697 -0.00144118  0.00470811    0.399084
-0.00144118   0.0744949   0.0273862  0.00264483
 0.00470811   0.0273862   0.0618687  0.00389216
   0.399084  0.00264483  0.00389216    0.416667
IMAGINARY
          0   0.0370395  -0.0141817 -0.00257361
 -0.0370395           0  0.00190783  -0.0116044
  0.0141817 -0.00190783           0  0.00132525
 0.00257361   0.0116044 -0.00132525           0
Repeater1[0]<--->EndNode1[0]
REAL
  0.423412   0.018908 0.00463668   0.385012
  0.018908  0.0585305  0.0383545  0.0242578
0.00463668  0.0383545  0.0560399 0.00621764
  0.385012  0.0242578 0.00621764   0.462017
IMAGINARY
          0  -0.0156729  -0.0107076  0.00138889
  0.0156729           0  0.00138889    0.017916
  0.0107076 -0.00138889           0   0.0150176
-0.00138889   -0.017916  -0.0150176           0
Repeater1[0]<--->HoM1[0]
REAL
    0.44697  0.00470811 -0.00144118    0.399084
 0.00470811   0.0618687   0.0273862  0.00389216
-0.00144118   0.0273862   0.0744949  0.00264483
   0.399084  0.00389216  0.00264483    0.416667
IMAGINARY
          0  -0.0141817   0.0370395 -0.00257361
  0.0141817           0 -0.00190783  0.00132525
 -0.0370395  0.00190783           0  -0.0116044
 0.00257361 -0.00132525   0.0116044           0
EndNode1[0]<--->Repeater1[0]
REAL
   0.451697  -0.0347289 -0.00717513    0.395916
 -0.0347289   0.0639687   0.0434783  -0.0130269
-0.00717513   0.0434783   0.0718016 -0.00314992
   0.395916  -0.0130269 -0.00314992    0.412533
IMAGINARY
          0   0.0137776  -0.0131668  -0.0018393
 -0.0137776           0 -0.00497606  -0.0125249
  0.0131668  0.00497606           0  0.00664401
  0.0018393   0.0125249 -0.00664401           0
EndNode2[0]<--->HoM1[0]
REAL
  0.443467 0.00130378  0.0154495    0.38503
0.00130378  0.0565327   0.049781 0.00215159
 0.0154495   0.049781  0.0603015  0.0215124
   0.38503 0.00215159  0.0215124   0.439698
IMAGINARY
          0  -0.0300463   0.0274133 -0.00210174
  0.0300463           0  -0.0181069  0.00259944
 -0.0274133   0.0181069           0 -0.00379789
 0.00210174 -0.00259944  0.00379789           0
Repeater1[0]<--->EndNode1[0]
REAL
   0.451697 -0.00717513  -0.0347289    0.395916
-0.00717513   0.0718016   0.0434783 -0.00314992
 -0.0347289   0.0434783   0.0639687  -0.0130269
   0.395916 -0.00314992  -0.0130269    0.412533
IMAGINARY
          0  -0.0131668   0.0137776  -0.0018393
  0.0131668           0  0.00497606  0.00664401
 -0.0137776 -0.00497606           0  -0.0125249
  0.0018393 -0.00664401   0.0125249           0
Repeater1[0]<--->HoM1[0]
REAL
  0.443467  0.0154495 0.00130378    0.38503
 0.0154495  0.0603015   0.049781  0.0215124
0.00130378   0.049781  0.0565327 0.00215159
   0.38503  0.0215124 0.00215159   0.439698
IMAGINARY
          0   0.0274133  -0.0300463 -0.00210174
 -0.0274133           0   0.0181069 -0.00379789
  0.0300463  -0.0181069           0  0.00259944
 0.00210174  0.00379789 -0.00259944           0
EndNode1[0]<--->Repeater1[0]
REAL
     0.43522 -3.83476e-05   0.00151248     0.378683
-3.83476e-05    0.0666667    0.0392092    0.0156444
  0.00151248    0.0392092    0.0666667   0.00861678
    0.378683    0.0156444   0.00861678     0.431447
IMAGINARY
         0  0.0237353 -0.0412093  0.0306575
-0.0237353          0 -0.0241975 -0.0311591
 0.0412093  0.0241975          0   0.030212
-0.0306575  0.0311591  -0.030212          0
EndNode2[0]<--->HoM1[0]
REAL
   0.435526 -0.00131814  0.00881355    0.381621
-0.00131814   0.0631579   0.0363525 -0.00821041
 0.00881355   0.0363525   0.0789474  0.00674637
   0.381621 -0.00821041  0.00674637    0.422368
IMAGINARY
           0   -0.0136612 -0.000981885   -0.0101716
   0.0136612            0   -0.0193821   0.00226066
 0.000981885    0.0193821            0    0.0136612
   0.0101716  -0.00226066   -0.0136612            0
Repeater1[0]<--->EndNode1[0]
REAL
     0.43522   0.00151248 -3.83476e-05     0.378683
  0.00151248    0.0666667    0.0392092   0.00861678
-3.83476e-05    0.0392092    0.0666667    0.0156444
    0.378683   0.00861678    0.0156444     0.431447
IMAGINARY
         0 -0.0412093  0.0237353  0.0306575
 0.0412093          0  0.0241975   0.030212
-0.0237353 -0.0241975          0 -0.0311591
-0.0306575  -0.030212  0.0311591          0
Repeater1[0]<--->HoM1[0]
REAL
   0.435526  0.00881355 -0.00131814    0.381621
 0.00881355   0.0789474   0.0363525  0.00674637
-0.00131814   0.0363525   0.0631579 -0.00821041
   0.381621  0.00674637 -0.00821041    0.422368
IMAGINARY
           0 -0.000981885   -0.0136612   -0.0101716
 0.000981885            0    0.0193821    0.0136612
   0.0136612   -0.0193821            0   0.00226066
   0.0101716   -0.0136612  -0.00226066            0
EndNode1[0]<--->Repeater1[0]
REAL
     0.44586    0.0171793 -0.000507877     0.380925
   0.0171793    0.0522293    0.0496663   0.00693461
-0.000507877    0.0496663    0.0598726    0.0021009
    0.380925   0.00693461    0.0021009     0.442038
IMAGINARY
          0  -0.0258327  0.00629616  -0.0124351
  0.0258327           0  0.00658332  0.00822666
-0.00629616 -0.00658332           0   0.0168424
  0.0124351 -0.00822666  -0.0168424           0
EndNode2[0]<--->HoM1[0]
REAL
   0.429114 6.00889e-05   0.0117259    0.380607
6.00889e-05   0.0708861   0.0464366 -0.00606552
  0.0117259   0.0464366   0.0544304 -0.00949405
   0.380607 -0.00606552 -0.00949405     0.44557
IMAGINARY
          0   0.0150754  0.00145569 -0.00870227
 -0.0150754           0  0.00742676 -0.00648082
-0.00145569 -0.00742676           0   0.0150754
 0.00870227  0.00648082  -0.0150754           0
Repeater1[0]<--->EndNode1[0]
REAL
     0.44586 -0.000507877    0.0171793     0.380925
-0.000507877    0.0598726    0.0496663    0.0021009
   0.0171793    0.0496663    0.0522293   0.00693461
    0.380925    0.0021009   0.00693461     0.442038
IMAGINARY
          0  0.00629616  -0.0258327  -0.0124351
-0.00629616           0 -0.00658332   0.0168424
  0.0258327  0.00658332           0  0.00822666
  0.0124351  -0.0168424 -0.00822666           0
Repeater1[0]<--->HoM1[0]
REAL
   0.429114   0.0117259 6.00889e-05    0.380607
  0.0117259   0.0544304   0.0464366 -0.00949405
6.00889e-05   0.0464366   0.0708861 -0.00606552
   0.380607 -0.00949405 -0.00606552     0.44557
IMAGINARY
          0  0.00145569   0.0150754 -0.00870227
-0.00145569           0 -0.00742676   0.0150754
 -0.0150754  0.00742676           0 -0.00648082
 0.00870227  -0.0150754  0.00648082           0
EndNode1[0]<--->Repeater1[0]
REAL
    0.44015  0.00135457 -0.00571715    0.382423
 0.00135457   0.0548628   0.0497593 -0.00969593
-0.00571715   0.0497593   0.0773067  -0.0130685
   0.382423 -0.00969593  -0.0130685    0.427681
IMAGINARY
          0  0.00664175  0.00922246  -0.0109992
-0.00664175           0 -0.00438543 -0.00185968
-0.00922246  0.00438543           0  -0.0126658
  0.0109992  0.00185968   0.0126658           0
EndNode2[0]<--->HoM1[0]
REAL
     0.42228 -0.000108809   0.00226278     0.382896
-0.000108809    0.0595855    0.0581264    -0.013403
  0.00226278    0.0581264    0.0712435  -0.00447835
    0.382896    -0.013403  -0.00447835     0.446891
IMAGINARY
           0   -0.0244906            0  0.000636974
   0.0244906            0   -0.0455169   0.00592885
           0    0.0455169            0    0.0119742
-0.000636974  -0.00592885   -0.0119742            0
Repeater1[0]<--->EndNode1[0]
REAL
    0.44015 -0.00571715  0.00135457    0.382423
-0.00571715   0.0773067   0.0497593  -0.0130685
 0.00135457   0.0497593   0.0548628 -0.00969593
   0.382423  -0.0130685 -0.00969593    0.427681
IMAGINARY
          0  0.00922246  0.00664175  -0.0109992
-0.00922246           0  0.00438543  -0.0126658
-0.00664175 -0.00438543           0 -0.00185968
  0.0109992   0.0126658  0.00185968           0
Repeater1[0]<--->HoM1[0]
REAL
     0.42228   0.00226278 -0.000108809     0.382896
  0.00226278    0.0712435    0.0581264  -0.00447835
-0.000108809    0.0581264    0.0595855    -0.013403
    0.382896  -0.00447835    -0.013403     0.446891
IMAGINARY
           0  1.38778e-17   -0.0244906  0.000636974
-1.38778e-17            0    0.0455169    0.0119742
   0.0244906   -0.0455169            0   0.00592885
-0.000636974   -0.0119742  -0.00592885            0
EndNode1[0]<--->Repeater1[0]
REAL
   0.469807  -0.0169313  -0.0183428     0.37732
 -0.0169313   0.0519324   0.0465309 -0.00895606
 -0.0183428   0.0465309   0.0700483  0.00543708
    0.37732 -0.00895606  0.00543708    0.408213
IMAGINARY
          0   0.0184798 -0.00776888  0.00778306
 -0.0184798           0   -0.015616  -0.0176764
 0.00776888    0.015616           0   0.0235049
-0.00778306   0.0176764  -0.0235049           0
EndNode2[0]<--->HoM1[0]
REAL
    0.432225    0.0123831 -0.000959615      0.39956
   0.0123831    0.0613811      0.03445  -0.00030942
-0.000959615      0.03445    0.0805627  -0.00603794
     0.39956  -0.00030942  -0.00603794     0.425831
IMAGINARY
          0   0.0167076 -0.00989217   0.0113288
 -0.0167076           0  0.00291995 -0.00242949
 0.00989217 -0.00291995           0 -0.00697998
 -0.0113288  0.00242949  0.00697998           0
Repeater1[0]<--->EndNode1[0]
REAL
   0.469807  -0.0183428  -0.0169313     0.37732
 -0.0183428   0.0700483   0.0465309  0.00543708
 -0.0169313   0.0465309   0.0519324 -0.00895606
    0.37732  0.00543708 -0.00895606    0.408213
IMAGINARY
          0 -0.00776888   0.0184798  0.00778306
 0.00776888           0    0.015616   0.0235049
 -0.0184798   -0.015616           0  -0.0176764
-0.00778306  -0.0235049   0.0176764           0
Repeater1[0]<--->HoM1[0]
REAL
    0.432225 -0.000959615    0.0123831      0.39956
-0.000959615    0.0805627      0.03445  -0.00603794
   0.0123831      0.03445    0.0613811  -0.00030942
     0.39956  -0.00603794  -0.00030942     0.425831
IMAGINARY
          0 -0.00989217   0.0167076   0.0113288
 0.00989217           0 -0.00291995 -0.00697998
 -0.0167076  0.00291995           0 -0.00242949
 -0.0113288  0.00697998  0.00242949           0
EndNode1[0]<--->Repeater1[0]
REAL
  0.435401  -0.022062 0.00289058   0.385696
 -0.022062  0.0710594  0.0324854 -0.0132802
0.00289058  0.0324854  0.0594315  0.0103737
  0.385696 -0.0132802  0.0103737   0.434109
IMAGINARY
          0 -0.00135033  -0.0141517   0.0105996
 0.00135033           0 -0.00353924 -0.00354162
  0.0141517  0.00353924           0   0.0138012
 -0.0105996  0.00354162  -0.0138012           0
EndNode2[0]<--->HoM1[0]
REAL
    0.4489 -0.0202594 -0.0205725   0.390533
-0.0202594  0.0646831  0.0326516 0.00241604
-0.0205725  0.0326516  0.0737387 0.00070631
  0.390533 0.00241604 0.00070631   0.412678
IMAGINARY
          0  -0.0135659 -0.00137468 -0.00590895
  0.0135659           0 -0.00971605  0.00395866
 0.00137468  0.00971605           0  0.00839793
 0.00590895 -0.00395866 -0.00839793           0
Repeater1[0]<--->EndNode1[0]
REAL
  0.435401 0.00289058  -0.022062   0.385696
0.00289058  0.0594315  0.0324854  0.0103737
 -0.022062  0.0324854  0.0710594 -0.0132802
  0.385696  0.0103737 -0.0132802   0.434109
IMAGINARY
          0  -0.0141517 -0.00135033   0.0105996
  0.0141517           0  0.00353924   0.0138012
 0.00135033 -0.00353924           0 -0.00354162
 -0.0105996  -0.0138012  0.00354162           0
Repeater1[0]<--->HoM1[0]
REAL
    0.4489 -0.0205725 -0.0202594   0.390533
-0.0205725  0.0737387  0.0326516 0.00070631
-0.0202594  0.0326516  0.0646831 0.00241604
  0.390533 0.00070631 0.00241604   0.412678
IMAGINARY
          0 -0.00137468  -0.0135659 -0.00590895
 0.00137468           0  0.00971605  0.00839793
  0.0135659 -0.00971605           0  0.00395866
 0.00590895 -0.00839793 -0.00395866           0
EndNode1[0]<--->Repeater1[0]
REAL
  0.439024 0.00386272  0.0158146    0.39454
0.00386272   0.052439  0.0290271 0.00265672
 0.0158146  0.0290271  0.0658537  0.0146086
   0.39454 0.00265672  0.0146086   0.442683
IMAGINARY
          0  0.00198827   0.0167963  -0.0141933
-0.00198827           0  -0.0227717  0.00384289
 -0.0167963   0.0227717           0  -0.0266221
  0.0141933 -0.00384289   0.0266221           0
EndNode2[0]<--->HoM1[0]
REAL
    0.38539  0.00960347  -0.0024269    0.387589
 0.00960347   0.0894207   0.0415347   0.0269114
 -0.0024269   0.0415347    0.070529 -0.00960347
   0.387589   0.0269114 -0.00960347     0.45466
IMAGINARY
          0  0.00446704  -0.0122993 -0.00752228
-0.00446704           0  -0.0109052  -0.0116335
  0.0122993   0.0109052           0  0.00782274
 0.00752228   0.0116335 -0.00782274           0
Repeater1[0]<--->EndNode1[0]
REAL
  0.439024  0.0158146 0.00386272    0.39454
 0.0158146  0.0658537  0.0290271  0.0146086
0.00386272  0.0290271   0.052439 0.00265672
   0.39454  0.0146086 0.00265672   0.442683
IMAGINARY
          0   0.0167963  0.00198827  -0.0141933
 -0.0167963           0   0.0227717  -0.0266221
-0.00198827  -0.0227717           0  0.00384289
  0.0141933   0.0266221 -0.00384289           0
Repeater1[0]<--->HoM1[0]
REAL
    0.38539  -0.0024269  0.00960347    0.387589
 -0.0024269    0.070529   0.0415347 -0.00960347
 0.00960347   0.0415347   0.0894207   0.0269114
   0.387589 -0.00960347   0.0269114     0.45466
IMAGINARY
          0  -0.0122993  0.00446704 -0.00752228
  0.0122993           0   0.0109052  0.00782274
-0.00446704  -0.0109052           0  -0.0116335
 0.00752228 -0.00782274   0.0116335           0
EndNode1[0]<--->Repeater1[0]
REAL
   0.418449  0.00326613 0.000232207    0.382938
 0.00326613   0.0668449   0.0377606 -0.00292038
0.000232207   0.0377606   0.0681818 0.000766129
   0.382938 -0.00292038 0.000766129    0.446524
IMAGINARY
           0   0.00580155  -0.00503807    0.0102333
 -0.00580155            0   0.00527055 -3.80711e-05
  0.00503807  -0.00527055            0     0.014503
  -0.0102333  3.80711e-05    -0.014503            0
EndNode2[0]<--->HoM1[0]
REAL
   0.429688 -0.00749479  0.00489494    0.396293
-0.00749479   0.0638021   0.0267839  -0.0231799
 0.00489494   0.0267839   0.0742188  -0.0145733
   0.396293  -0.0231799  -0.0145733    0.432292
IMAGINARY
          0  0.00215496  -0.0167759  0.00502333
-0.00215496           0  0.00243935 -0.00131197
  0.0167759 -0.00243935           0   0.0301448
-0.00502333  0.00131197  -0.0301448           0
Repeater1[0]<--->EndNode1[0]
REAL
   0.418449 0.000232207  0.00326613    0.382938
0.000232207   0.0681818   0.0377606 0.000766129
 0.00326613   0.0377606   0.0668449 -0.00292038
   0.382938 0.000766129 -0.00292038    0.446524
IMAGINARY
           0  -0.00503807   0.00580155    0.0102333
  0.00503807            0  -0.00527055     0.014503
 -0.00580155   0.00527055            0 -3.80711e-05
  -0.0102333    -0.014503  3.80711e-05            0
Repeater1[0]<--->HoM1[0]
REAL
   0.429688  0.00489494 -0.00749479    0.396293
 0.00489494   0.0742188   0.0267839  -0.0145733
-0.00749479   0.0267839   0.0638021  -0.0231799
   0.396293  -0.0145733  -0.0231799    0.432292
IMAGINARY
          0  -0.0167759  0.00215496  0.00502333
  0.0167759           0 -0.00243935   0.0301448
-0.00215496  0.00243935           0 -0.00131197
-0.00502333  -0.0301448  0.00131197           0
EndNode1[0]<--->Repeater1[0]
REAL
    0.39726   -0.012396 -0.00938636    0.394295
  -0.012396   0.0884184    0.054197   0.0068738
-0.00938636    0.054197   0.0597758   0.0136523
   0.394295   0.0068738   0.0136523    0.454545
IMAGINARY
          0 -0.00114892  0.00286267  0.00567411
 0.00114892           0  0.00155323  -0.0280779
-0.00286267 -0.00155323           0  0.00668398
-0.00567411   0.0280779 -0.00668398           0
EndNode2[0]<--->HoM1[0]
REAL
   0.423592 -0.00163373  -0.0171569     0.39272
-0.00163373    0.075067    0.039355  0.00646511
 -0.0171569    0.039355   0.0563003   0.0010048
    0.39272  0.00646511   0.0010048     0.44504
IMAGINARY
          0  -0.0248545   0.0178618   0.0121746
  0.0248545           0   0.0399883  0.00617667
 -0.0178618  -0.0399883           0  -0.0160109
 -0.0121746 -0.00617667   0.0160109           0
Repeater1[0]<--->EndNode1[0]
REAL
    0.39726 -0.00938636   -0.012396    0.394295
-0.00938636   0.0597758    0.054197   0.0136523
  -0.012396    0.054197   0.0884184   0.0068738
   0.394295   0.0136523   0.0068738    0.454545
IMAGINARY
          0  0.00286267 -0.00114892  0.00567411
-0.00286267           0 -0.00155323  0.00668398
 0.00114892  0.00155323           0  -0.0280779
-0.00567411 -0.00668398   0.0280779           0
Repeater1[0]<--->HoM1[0]
REAL
   0.423592  -0.0171569 -0.00163373     0.39272
 -0.0171569   0.0563003    0.039355   0.0010048
-0.00163373    0.039355    0.075067  0.00646511
    0.39272   0.0010048  0.00646511     0.44504
IMAGINARY
          0   0.0178618  -0.0248545   0.0121746
 -0.0178618           0  -0.0399883  -0.0160109
  0.0248545   0.0399883           0  0.00617667
 -0.0121746   0.0160109 -0.00617667           0
EndNode1[0]<--->Repeater1[0]
REAL
  0.411058 0.00898767 0.00632655   0.390321
0.00898767  0.0612981  0.0432776  0.0155858
0.00632655  0.0432776  0.0745192  0.0129247
  0.390321  0.0155858  0.0129247   0.453125
IMAGINARY
          0  -0.0309138 -0.00203598  0.00294202
  0.0309138           0   0.0101128  0.00846271
 0.00203598  -0.0101128           0   0.0103483
-0.00294202 -0.00846271  -0.0103483           0
EndNode2[0]<--->HoM1[0]
REAL
  0.429313 -0.0118004 0.00351664   0.381848
-0.0118004  0.0518807  0.0552587 0.00717518
0.00351664  0.0552587    0.07393  0.0199765
  0.381848 0.00717518  0.0199765   0.444877
IMAGINARY
          0  -0.0169641   0.0325145 -0.00347885
  0.0169641           0  -0.0054044   0.0325145
 -0.0325145   0.0054044           0  -0.0220532
 0.00347885  -0.0325145   0.0220532           0
Repeater1[0]<--->EndNode1[0]
REAL
  0.411058 0.00632655 0.00898767   0.390321
0.00632655  0.0745192  0.0432776  0.0129247
0.00898767  0.0432776  0.0612981  0.0155858
  0.390321  0.0129247  0.0155858   0.453125
IMAGINARY
          0 -0.00203598  -0.0309138  0.00294202
 0.00203598           0  -0.0101128   0.0103483
  0.0309138   0.0101128           0  0.00846271
-0.00294202  -0.0103483 -0.00846271           0
Repeater1[0]<--->HoM1[0]
REAL
  0.429313 0.00351664 -0.0118004   0.381848
0.00351664    0.07393  0.0552587  0.0199765
-0.0118004  0.0552587  0.0518807 0.00717518
  0.381848  0.0199765 0.00717518   0.444877
IMAGINARY
          0   0.0325145  -0.0169641 -0.00347885
 -0.0325145           0   0.0054044  -0.0220532
  0.0169641  -0.0054044           0   0.0325145
 0.00347885   0.0220532  -0.0325145           0
