Router1[0]<--->Router2[0]
REAL
nan nan nan nan
nan nan nan nan
nan nan nan nan
nan nan nan nan
IMAGINARY
nan nan nan nan
nan nan nan nan
nan nan nan nan
nan nan nan nan
Router1[0]<--->Router3[0]
REAL
nan nan nan nan
nan nan nan nan
nan nan nan nan
nan nan nan nan
IMAGINARY
nan nan nan nan
nan nan nan nan
nan nan nan nan
nan nan nan nan
Router1[0]<--->Router4[0]
REAL
nan nan nan nan
nan nan nan nan
nan nan nan nan
nan nan nan nan
IMAGINARY
nan nan nan nan
nan nan nan nan
nan nan nan nan
nan nan nan nan
Router1[0]<--->Router5[0]
REAL
nan nan nan nan
nan nan nan nan
nan nan nan nan
nan nan nan nan
IMAGINARY
nan nan nan nan
nan nan nan nan
nan nan nan nan
nan nan nan nan
Router1[0]<--->Repeater1[0]
REAL
nan nan nan nan
nan nan nan nan
nan nan nan nan
nan nan nan nan
IMAGINARY
nan nan nan nan
nan nan nan nan
nan nan nan nan
nan nan nan nan
Router1[0]<--->HoM3[0]
REAL
   0.285852  -0.0253636 -0.00255175     0.08492
 -0.0253636    0.201155  0.00550558  -0.0160653
-0.00255175  0.00550558    0.207892  0.00674654
    0.08492  -0.0160653  0.00674654    0.305101
IMAGINARY
           0   0.00293624  0.000887311   -0.0151826
 -0.00293624            0   0.00194064   -0.0137533
-0.000887311  -0.00194064            0  -0.00781645
   0.0151826    0.0137533   0.00781645            0
EndNode1[0]<--->HoM2[0]
REAL
    0.289381   -0.0112245    0.0107601     0.102054
  -0.0112245     0.211504 -0.000322499  6.24182e-05
   0.0107601 -0.000322499      0.20885  -0.00912186
    0.102054  6.24182e-05  -0.00912186     0.290265
IMAGINARY
          0 -0.00984367 -0.00790979  -0.0084508
 0.00984367           0  0.00933576   0.0234491
 0.00790979 -0.00933576           0 -0.00843786
  0.0084508  -0.0234491  0.00843786           0
EndNode2[0]<--->HoM3[0]
REAL
   0.285852 -0.00255175  -0.0253636     0.08492
-0.00255175    0.207892  0.00550558  0.00674654
 -0.0253636  0.00550558    0.201155  -0.0160653
    0.08492  0.00674654  -0.0160653    0.305101
IMAGINARY
           0  0.000887311   0.00293624   -0.0151826
-0.000887311            0  -0.00194064  -0.00781645
 -0.00293624   0.00194064            0   -0.0137533
   0.0151826   0.00781645    0.0137533            0
Repeater2[0]<--->HoM4[0]
REAL
   0.334213 -0.00972819  -0.0186451    0.190933
-0.00972819    0.144239  -0.0111577  0.00460014
 -0.0186451  -0.0111577    0.161829  0.00130122
   0.190933  0.00460014  0.00130122    0.359719
IMAGINARY
           0   0.00164916  -0.00915094  -0.00680547
 -0.00164916            0 -0.000311966  -0.00827066
  0.00915094  0.000311966            0     0.010546
  0.00680547   0.00827066    -0.010546            0
Repeater2[0]<--->EndNode7[0]
REAL
   0.450361  -0.0220206  -0.0239815    0.433404
 -0.0220206   0.0297834 -0.00392828  -0.0121848
 -0.0239815 -0.00392828   0.0351986  -0.0123375
   0.433404  -0.0121848  -0.0123375    0.484657
IMAGINARY
           0    0.0106061   0.00021109  0.000988941
  -0.0106061            0   0.00836101   -0.0105065
 -0.00021109  -0.00836101            0   0.00506084
-0.000988941    0.0105065  -0.00506084            0
Repeater3[0]<--->HoM5[0]
REAL
   0.351351 -0.00344112  -0.0140702    0.199325
-0.00344112    0.158559 0.000242265   0.0110399
 -0.0140702 0.000242265    0.145045  0.00473982
   0.199325   0.0110399  0.00473982    0.345045
IMAGINARY
          0  0.00758193   0.0114502  0.00594256
-0.00758193           0  -0.0144934   0.0307517
 -0.0114502   0.0144934           0  -0.0167562
-0.00594256  -0.0307517   0.0167562           0
Repeater3[0]<--->EndNode8[0]
REAL
   0.425308  -0.0081204  0.00412545     0.42012
 -0.0081204   0.0439367  0.00800189 -0.00547316
 0.00412545  0.00800189   0.0377856  0.00138186
    0.42012 -0.00547316  0.00138186     0.49297
IMAGINARY
           0  -0.00330858 -0.000815288    0.0115383
  0.00330858            0   0.00248036    0.0105285
 0.000815288  -0.00248036            0   -0.0128801
  -0.0115383   -0.0105285    0.0128801            0
Repeater4[0]<--->HoM6[0]
REAL
   0.330381  -0.0020771 -0.00631188    0.150552
 -0.0020771    0.179805  -0.0161142  -0.0102627
-0.00631188  -0.0161142    0.160319 -0.00436857
   0.150552  -0.0102627 -0.00436857    0.329495
IMAGINARY
           0  3.57623e-05  -0.00913905  -0.00105868
-3.57623e-05            0  -0.00983061   -0.0118034
  0.00913905   0.00983061            0    0.0191614
  0.00105868    0.0118034   -0.0191614            0
Repeater4[0]<--->EndNode9[0]
REAL
   0.470377  0.00230018 -0.00656391    0.417533
 0.00230018    0.032316 -0.00432861  0.00702559
-0.00656391 -0.00432861   0.0412926  0.00185494
   0.417533  0.00702559  0.00185494    0.456014
IMAGINARY
           0   0.00380451   0.00794468   0.00833448
 -0.00380451            0 -0.000642176  -0.00838366
 -0.00794468  0.000642176            0  -0.00599941
 -0.00833448   0.00838366   0.00599941            0
Repeater5[0]<--->HoM7[0]
REAL
  0.360759 0.00453301 0.00641347   0.225758
0.00453301   0.157324 -0.0209709 0.00777093
0.00641347 -0.0209709   0.152803  0.0158571
  0.225758 0.00777093  0.0158571   0.329114
IMAGINARY
          0  -0.0027187  0.00482296  0.00168402
  0.0027187           0   0.0105967  -0.0029538
-0.00482296  -0.0105967           0   0.0073916
-0.00168402   0.0029538  -0.0073916           0
Repeater5[0]<--->EndNode10[0]
REAL
   0.450313 0.000309576  0.00565113    0.398898
0.000309576   0.0474485   0.0053379  -0.0139384
 0.00565113   0.0053379   0.0447628  -0.0104385
   0.398898  -0.0139384  -0.0104385    0.457475
IMAGINARY
          0 -0.00881053 -0.00461885  -0.0123268
 0.00881053           0  -0.0029935  0.00282994
 0.00461885   0.0029935           0 -0.00281738
  0.0123268 -0.00282994  0.00281738           0
