EndNode1[0]<--->Repeater1[0]
REAL
   0.424282  -0.0131334  -0.0153006    0.331802
 -0.0131334    0.078329   0.0116762 -0.00892303
 -0.0153006   0.0116762   0.0639687  -0.0210281
   0.331802 -0.00892303  -0.0210281     0.43342
IMAGINARY
          0   0.0165355  0.00274571  0.00745843
 -0.0165355           0 -0.00279798  -0.0121797
-0.00274571  0.00279798           0   0.0092507
-0.00745843   0.0121797  -0.0092507           0
EndNode2[0]<--->HoM1[0]
REAL
  0.418033 -0.0195888 -0.0262552   0.321925
-0.0195888  0.0628415  0.0242293 -0.0135326
-0.0262552  0.0242293   0.079235  -0.014894
  0.321925 -0.0135326  -0.014894   0.439891
IMAGINARY
          0  0.00556366 -0.00188868  -0.0213858
-0.00556366           0 -0.00925302   0.0242959
 0.00188868  0.00925302           0  -0.0126059
  0.0213858  -0.0242959   0.0126059           0
Repeater1[0]<--->EndNode1[0]
REAL
   0.424282  -0.0153006  -0.0131334    0.331802
 -0.0153006   0.0639687   0.0116762  -0.0210281
 -0.0131334   0.0116762    0.078329 -0.00892303
   0.331802  -0.0210281 -0.00892303     0.43342
IMAGINARY
          0  0.00274571   0.0165355  0.00745843
-0.00274571           0  0.00279798   0.0092507
 -0.0165355 -0.00279798           0  -0.0121797
-0.00745843  -0.0092507   0.0121797           0
Repeater1[0]<--->HoM1[0]
REAL
  0.418033 -0.0262552 -0.0195888   0.321925
-0.0262552   0.079235  0.0242293  -0.014894
-0.0195888  0.0242293  0.0628415 -0.0135326
  0.321925  -0.014894 -0.0135326   0.439891
IMAGINARY
          0 -0.00188868  0.00556366  -0.0213858
 0.00188868           0  0.00925302  -0.0126059
-0.00556366 -0.00925302           0   0.0242959
  0.0213858   0.0126059  -0.0242959           0
EndNode1[0]<--->Repeater1[0]
REAL
   0.431302 -0.00262939  -0.0072107    0.336802
-0.00262939   0.0740741   0.0315452  0.00581014
 -0.0072107   0.0315452   0.0812425  0.00963219
   0.336802  0.00581014  0.00963219    0.413381
IMAGINARY
          0 -0.00774078    0.004994  0.00221802
 0.00774078           0  0.00158909 -0.00678611
  -0.004994 -0.00158909           0    0.032233
-0.00221802  0.00678611   -0.032233           0
EndNode2[0]<--->HoM1[0]
REAL
   0.44625  0.0118516 -0.0265288   0.335023
 0.0118516    0.06875  0.0192007    0.01018
-0.0265288  0.0192007     0.0875 0.00585958
  0.335023    0.01018 0.00585958     0.3975
IMAGINARY
           0    0.0109596  -0.00840195  -0.00755312
  -0.0109596            0    -0.017116   -0.0218823
  0.00840195     0.017116            0  0.000783251
  0.00755312    0.0218823 -0.000783251            0
Repeater1[0]<--->EndNode1[0]
REAL
   0.431302  -0.0072107 -0.00262939    0.336802
 -0.0072107   0.0812425   0.0315452  0.00963219
-0.00262939   0.0315452   0.0740741  0.00581014
   0.336802  0.00963219  0.00581014    0.413381
IMAGINARY
          0    0.004994 -0.00774078  0.00221802
  -0.004994           0 -0.00158909    0.032233
 0.00774078  0.00158909           0 -0.00678611
-0.00221802   -0.032233  0.00678611           0
Repeater1[0]<--->HoM1[0]
REAL
   0.44625 -0.0265288  0.0118516   0.335023
-0.0265288     0.0875  0.0192007 0.00585958
 0.0118516  0.0192007    0.06875    0.01018
  0.335023 0.00585958    0.01018     0.3975
IMAGINARY
           0  -0.00840195    0.0109596  -0.00755312
  0.00840195            0     0.017116  0.000783251
  -0.0109596    -0.017116            0   -0.0218823
  0.00755312 -0.000783251    0.0218823            0
EndNode1[0]<--->Repeater1[0]
REAL
   0.424904 -0.00344874 -0.00252831    0.325702
-0.00344874   0.0885751   0.0219288 -0.00323353
-0.00252831   0.0219288   0.0744544  0.00408895
   0.325702 -0.00323353  0.00408895    0.412067
IMAGINARY
          0   0.0234142   -0.011615   0.0281808
 -0.0234142           0  -0.0140356 -0.00913973
   0.011615   0.0140356           0  -0.0127224
 -0.0281808  0.00913973   0.0127224           0
EndNode2[0]<--->HoM1[0]
REAL
   0.409774 -0.00396915  -0.0258844    0.328072
-0.00396915   0.0827068   0.0187869   0.0167221
 -0.0258844   0.0187869   0.0764411 -0.00126645
   0.328072   0.0167221 -0.00126645    0.431078
IMAGINARY
           0    0.0256254   -0.0120429  -0.00289648
  -0.0256254            0   0.00555606  -0.00113149
   0.0120429  -0.00555606            0  9.60951e-05
  0.00289648   0.00113149 -9.60951e-05            0
Repeater1[0]<--->EndNode1[0]
REAL
   0.424904 -0.00252831 -0.00344874    0.325702
-0.00252831   0.0744544   0.0219288  0.00408895
-0.00344874   0.0219288   0.0885751 -0.00323353
   0.325702  0.00408895 -0.00323353    0.412067
IMAGINARY
          0   -0.011615   0.0234142   0.0281808
   0.011615           0   0.0140356  -0.0127224
 -0.0234142  -0.0140356           0 -0.00913973
 -0.0281808   0.0127224  0.00913973           0
Repeater1[0]<--->HoM1[0]
REAL
   0.409774  -0.0258844 -0.00396915    0.328072
 -0.0258844   0.0764411   0.0187869 -0.00126645
-0.00396915   0.0187869   0.0827068   0.0167221
   0.328072 -0.00126645   0.0167221    0.431078
IMAGINARY
           0   -0.0120429    0.0256254  -0.00289648
   0.0120429            0  -0.00555606  9.60951e-05
  -0.0256254   0.00555606            0  -0.00113149
  0.00289648 -9.60951e-05   0.00113149            0
EndNode1[0]<--->Repeater1[0]
REAL
   0.398876  0.00817211 -0.00546702    0.329467
 0.00817211   0.0800562   0.0111709   0.0167552
-0.00546702   0.0111709   0.0814607 0.000460028
   0.329467   0.0167552 0.000460028    0.439607
IMAGINARY
           0    0.0142182    0.0256962 -0.000550544
  -0.0142182            0  -0.00978537   -0.0119117
  -0.0256962   0.00978537            0   -0.0242433
 0.000550544    0.0119117    0.0242433            0
EndNode2[0]<--->HoM1[0]
REAL
   0.440699  -0.0203084 -0.00353033    0.336423
 -0.0203084   0.0886392   0.0177703  -0.0009858
-0.00353033   0.0177703   0.0649189  0.00159877
   0.336423  -0.0009858  0.00159877    0.405743
IMAGINARY
          0   0.0103744  0.00655555   0.0068251
 -0.0103744           0  -0.0142275 -0.00266954
-0.00655555   0.0142275           0   0.0194183
 -0.0068251  0.00266954  -0.0194183           0
Repeater1[0]<--->EndNode1[0]
REAL
   0.398876 -0.00546702  0.00817211    0.329467
-0.00546702   0.0814607   0.0111709 0.000460028
 0.00817211   0.0111709   0.0800562   0.0167552
   0.329467 0.000460028   0.0167552    0.439607
IMAGINARY
           0    0.0256962    0.0142182 -0.000550544
  -0.0256962            0   0.00978537   -0.0242433
  -0.0142182  -0.00978537            0   -0.0119117
 0.000550544    0.0242433    0.0119117            0
Repeater1[0]<--->HoM1[0]
REAL
   0.440699 -0.00353033  -0.0203084    0.336423
-0.00353033   0.0649189   0.0177703  0.00159877
 -0.0203084   0.0177703   0.0886392  -0.0009858
   0.336423  0.00159877  -0.0009858    0.405743
IMAGINARY
          0  0.00655555   0.0103744   0.0068251
-0.00655555           0   0.0142275   0.0194183
 -0.0103744  -0.0142275           0 -0.00266954
 -0.0068251  -0.0194183  0.00266954           0
EndNode1[0]<--->Repeater1[0]
REAL
  0.432873 -0.0131954 0.00215443   0.327549
-0.0131954  0.0690088  0.0290599 0.00407998
0.00215443  0.0290599  0.0752823   0.028158
  0.327549 0.00407998   0.028158   0.422836
IMAGINARY
           0   -0.0107053     0.011162  -0.00789806
   0.0107053            0    0.0022234  0.000173001
   -0.011162   -0.0022234            0   -0.0107053
  0.00789806 -0.000173001    0.0107053            0
EndNode2[0]<--->HoM1[0]
REAL
  0.420126  -0.017997 -0.0159499   0.323232
 -0.017997  0.0603774  0.0176768 0.00926538
-0.0159499  0.0176768  0.0641509 -0.0167624
  0.323232 0.00926538 -0.0167624   0.455346
IMAGINARY
          0    0.026386  -0.0268141   0.0124223
  -0.026386           0  0.00428717  -0.0247732
  0.0268141 -0.00428717           0   0.0159421
 -0.0124223   0.0247732  -0.0159421           0
Repeater1[0]<--->EndNode1[0]
REAL
  0.432873 0.00215443 -0.0131954   0.327549
0.00215443  0.0752823  0.0290599   0.028158
-0.0131954  0.0290599  0.0690088 0.00407998
  0.327549   0.028158 0.00407998   0.422836
IMAGINARY
           0     0.011162   -0.0107053  -0.00789806
   -0.011162            0   -0.0022234   -0.0107053
   0.0107053    0.0022234            0  0.000173001
  0.00789806    0.0107053 -0.000173001            0
Repeater1[0]<--->HoM1[0]
REAL
  0.420126 -0.0159499  -0.017997   0.323232
-0.0159499  0.0641509  0.0176768 -0.0167624
 -0.017997  0.0176768  0.0603774 0.00926538
  0.323232 -0.0167624 0.00926538   0.455346
IMAGINARY
          0  -0.0268141    0.026386   0.0124223
  0.0268141           0 -0.00428717   0.0159421
  -0.026386  0.00428717           0  -0.0247732
 -0.0124223  -0.0159421   0.0247732           0
EndNode1[0]<--->Repeater1[0]
REAL
   0.461441 -0.00909695  0.00293736    0.354224
-0.00909695   0.0707965   0.0235686  0.00560403
 0.00293736   0.0235686   0.0670038 0.000555558
   0.354224  0.00560403 0.000555558    0.400759
IMAGINARY
          0  0.00315621   -0.014791 -0.00295898
-0.00315621           0  -0.0140123  -0.0056046
   0.014791   0.0140123           0   0.0209476
 0.00295898   0.0056046  -0.0209476           0
EndNode2[0]<--->HoM1[0]
REAL
    0.392573  -0.00976026   0.00130103     0.341645
 -0.00976026    0.0848806    0.0169285 -0.000675251
  0.00130103    0.0169285    0.0848806  -0.00588429
    0.341645 -0.000675251  -0.00588429     0.437666
IMAGINARY
          0  -0.0304275   0.0174933   0.0012932
  0.0304275           0 -7.6659e-05   0.0260123
 -0.0174933  7.6659e-05           0  -0.0118171
 -0.0012932  -0.0260123   0.0118171           0
Repeater1[0]<--->EndNode1[0]
REAL
   0.461441  0.00293736 -0.00909695    0.354224
 0.00293736   0.0670038   0.0235686 0.000555558
-0.00909695   0.0235686   0.0707965  0.00560403
   0.354224 0.000555558  0.00560403    0.400759
IMAGINARY
          0   -0.014791  0.00315621 -0.00295898
   0.014791           0   0.0140123   0.0209476
-0.00315621  -0.0140123           0  -0.0056046
 0.00295898  -0.0209476   0.0056046           0
Repeater1[0]<--->HoM1[0]
REAL
    0.392573   0.00130103  -0.00976026     0.341645
  0.00130103    0.0848806    0.0169285  -0.00588429
 -0.00976026    0.0169285    0.0848806 -0.000675251
    0.341645  -0.00588429 -0.000675251     0.437666
IMAGINARY
          0   0.0174933  -0.0304275   0.0012932
 -0.0174933           0  7.6659e-05  -0.0118171
  0.0304275 -7.6659e-05           0   0.0260123
 -0.0012932   0.0118171  -0.0260123           0
EndNode1[0]<--->Repeater1[0]
REAL
  0.425667 -0.0093925 -0.0201842   0.329186
-0.0093925  0.0838628 0.00434962  0.0135014
-0.0201842 0.00434962  0.0762389  0.0039247
  0.329186  0.0135014  0.0039247   0.414231
IMAGINARY
          0 -0.00969643  0.00683995   0.0212032
 0.00969643           0   0.0025417  0.00296398
-0.00683995  -0.0025417           0   0.0208075
 -0.0212032 -0.00296398  -0.0208075           0
EndNode2[0]<--->HoM1[0]
REAL
   0.433548 0.000709562 -0.00818775    0.323517
0.000709562   0.0890323   0.0115617 -0.00882796
-0.00818775   0.0115617   0.0709677  -0.0203431
   0.323517 -0.00882796  -0.0203431    0.406452
IMAGINARY
           0   -0.0192639  -0.00435866   0.00666354
   0.0192639            0   0.00602004  3.46945e-18
  0.00435866  -0.00602004            0   0.00992392
 -0.00666354 -3.46945e-18  -0.00992392            0
Repeater1[0]<--->EndNode1[0]
REAL
  0.425667 -0.0201842 -0.0093925   0.329186
-0.0201842  0.0762389 0.00434962  0.0039247
-0.0093925 0.00434962  0.0838628  0.0135014
  0.329186  0.0039247  0.0135014   0.414231
IMAGINARY
          0  0.00683995 -0.00969643   0.0212032
-0.00683995           0  -0.0025417   0.0208075
 0.00969643   0.0025417           0  0.00296398
 -0.0212032  -0.0208075 -0.00296398           0
Repeater1[0]<--->HoM1[0]
REAL
   0.433548 -0.00818775 0.000709562    0.323517
-0.00818775   0.0709677   0.0115617  -0.0203431
0.000709562   0.0115617   0.0890323 -0.00882796
   0.323517  -0.0203431 -0.00882796    0.406452
IMAGINARY
           0  -0.00435866   -0.0192639   0.00666354
  0.00435866            0  -0.00602004   0.00992392
   0.0192639   0.00602004            0  3.46945e-18
 -0.00666354  -0.00992392 -3.46945e-18            0
EndNode1[0]<--->Repeater1[0]
REAL
   0.425187  -0.0119019 -0.00383705    0.325815
 -0.0119019   0.0685786   0.0162907  -0.0147766
-0.00383705   0.0162907   0.0610973   0.0202459
   0.325815  -0.0147766   0.0202459    0.445137
IMAGINARY
          0  0.00751674 -0.00819643  -0.0263699
-0.00751674           0   0.0142044 -0.00106283
 0.00819643  -0.0142044           0  -0.0194215
  0.0263699  0.00106283   0.0194215           0
EndNode2[0]<--->HoM1[0]
REAL
   0.434227 0.000623441   0.0122933    0.335934
0.000623441   0.0817369   0.0231681 -0.00481198
  0.0122933   0.0231681   0.0727969 0.000623441
   0.335934 -0.00481198 0.000623441    0.411239
IMAGINARY
          0   0.0328983   0.0154734  -0.0116113
 -0.0328983           0  0.00183297  -0.0105089
 -0.0154734 -0.00183297           0  -0.0123309
  0.0116113   0.0105089   0.0123309           0
Repeater1[0]<--->EndNode1[0]
REAL
   0.425187 -0.00383705  -0.0119019    0.325815
-0.00383705   0.0610973   0.0162907   0.0202459
 -0.0119019   0.0162907   0.0685786  -0.0147766
   0.325815   0.0202459  -0.0147766    0.445137
IMAGINARY
          0 -0.00819643  0.00751674  -0.0263699
 0.00819643           0  -0.0142044  -0.0194215
-0.00751674   0.0142044           0 -0.00106283
  0.0263699   0.0194215  0.00106283           0
Repeater1[0]<--->HoM1[0]
REAL
   0.434227   0.0122933 0.000623441    0.335934
  0.0122933   0.0727969   0.0231681 0.000623441
0.000623441   0.0231681   0.0817369 -0.00481198
   0.335934 0.000623441 -0.00481198    0.411239
IMAGINARY
          0   0.0154734   0.0328983  -0.0116113
 -0.0154734           0 -0.00183297  -0.0123309
 -0.0328983  0.00183297           0  -0.0105089
  0.0116113   0.0123309   0.0105089           0
EndNode1[0]<--->Repeater1[0]
REAL
   0.427681  -0.0154289 -0.00512554    0.326336
 -0.0154289   0.0773067   0.0242389 -0.00573014
-0.00512554   0.0242389   0.0685786 0.000741831
   0.326336 -0.00573014 0.000741831    0.426434
IMAGINARY
           0   -0.0347585     0.010615 -0.000179142
   0.0347585            0   0.00720341   -0.0125809
   -0.010615  -0.00720341            0   0.00133777
 0.000179142    0.0125809  -0.00133777            0
EndNode2[0]<--->HoM1[0]
REAL
  0.455526 0.00787474 -0.0201381   0.334183
0.00787474  0.0660377  0.0158806 0.00806699
-0.0201381  0.0158806  0.0768194 -0.0250285
  0.334183 0.00806699 -0.0250285   0.401617
IMAGINARY
          0  0.00198939  0.00282309   0.0106638
-0.00198939           0 -0.00747093 -0.00282309
-0.00282309  0.00747093           0  0.00198939
 -0.0106638  0.00282309 -0.00198939           0
Repeater1[0]<--->EndNode1[0]
REAL
   0.427681 -0.00512554  -0.0154289    0.326336
-0.00512554   0.0685786   0.0242389 0.000741831
 -0.0154289   0.0242389   0.0773067 -0.00573014
   0.326336 0.000741831 -0.00573014    0.426434
IMAGINARY
           0     0.010615   -0.0347585 -0.000179142
   -0.010615            0  -0.00720341   0.00133777
   0.0347585   0.00720341            0   -0.0125809
 0.000179142  -0.00133777    0.0125809            0
Repeater1[0]<--->HoM1[0]
REAL
  0.455526 -0.0201381 0.00787474   0.334183
-0.0201381  0.0768194  0.0158806 -0.0250285
0.00787474  0.0158806  0.0660377 0.00806699
  0.334183 -0.0250285 0.00806699   0.401617
IMAGINARY
          0  0.00282309  0.00198939   0.0106638
-0.00282309           0  0.00747093  0.00198939
-0.00198939 -0.00747093           0 -0.00282309
 -0.0106638 -0.00198939  0.00282309           0
EndNode1[0]<--->Repeater1[0]
REAL
  0.439797 0.00694933  0.0188797   0.341408
0.00694933  0.0773131  0.0170108 -0.0252573
 0.0188797  0.0170108  0.0773131 0.00325475
  0.341408 -0.0252573 0.00325475   0.405577
IMAGINARY
          0 -0.00272341    0.015478  -0.0160462
 0.00272341           0  0.00513479 -0.00341367
  -0.015478 -0.00513479           0 -0.00800045
  0.0160462  0.00341367  0.00800045           0
EndNode2[0]<--->HoM1[0]
REAL
    0.427828 -6.72585e-05  -0.00488768      0.33521
-6.72585e-05    0.0624187    0.0179644  -0.00966258
 -0.00488768    0.0179644    0.0793238   -0.0158058
     0.33521  -0.00966258   -0.0158058     0.430429
IMAGINARY
           0  -0.00864704   0.00293535    0.0033633
  0.00864704            0    0.0179522    0.0234482
 -0.00293535   -0.0179522            0  0.000281532
  -0.0033633   -0.0234482 -0.000281532            0
Repeater1[0]<--->EndNode1[0]
REAL
  0.439797  0.0188797 0.00694933   0.341408
 0.0188797  0.0773131  0.0170108 0.00325475
0.00694933  0.0170108  0.0773131 -0.0252573
  0.341408 0.00325475 -0.0252573   0.405577
IMAGINARY
          0    0.015478 -0.00272341  -0.0160462
  -0.015478           0 -0.00513479 -0.00800045
 0.00272341  0.00513479           0 -0.00341367
  0.0160462  0.00800045  0.00341367           0
Repeater1[0]<--->HoM1[0]
REAL
    0.427828  -0.00488768 -6.72585e-05      0.33521
 -0.00488768    0.0793238    0.0179644   -0.0158058
-6.72585e-05    0.0179644    0.0624187  -0.00966258
     0.33521   -0.0158058  -0.00966258     0.430429
IMAGINARY
           0   0.00293535  -0.00864704    0.0033633
 -0.00293535            0   -0.0179522  0.000281532
  0.00864704    0.0179522            0    0.0234482
  -0.0033633 -0.000281532   -0.0234482            0
EndNode1[0]<--->Repeater1[0]
REAL
  0.451058 -0.0104565 -0.0114973    0.33924
-0.0104565  0.0674603  0.0253438 -0.0184506
-0.0114973  0.0253438  0.0727513 -0.0142831
   0.33924 -0.0184506 -0.0142831    0.40873
IMAGINARY
           0   0.00574724    0.0110646   0.00329449
 -0.00574724            0      0.01166   -0.0147866
  -0.0110646     -0.01166            0  0.000456234
 -0.00329449    0.0147866 -0.000456234            0
EndNode2[0]<--->HoM1[0]
REAL
  0.440722   -0.01576 -0.0151276   0.327152
  -0.01576   0.068299 0.00263555 -0.0293029
-0.0151276 0.00263555  0.0541237 -0.0111487
  0.327152 -0.0293029 -0.0111487   0.436856
IMAGINARY
           0    0.0279663  0.000344799    0.0261531
  -0.0279663            0 -0.000301914   0.00417133
-0.000344799  0.000301914            0   0.00622721
  -0.0261531  -0.00417133  -0.00622721            0
Repeater1[0]<--->EndNode1[0]
REAL
  0.451058 -0.0114973 -0.0104565    0.33924
-0.0114973  0.0727513  0.0253438 -0.0142831
-0.0104565  0.0253438  0.0674603 -0.0184506
   0.33924 -0.0142831 -0.0184506    0.40873
IMAGINARY
           0    0.0110646   0.00574724   0.00329449
  -0.0110646            0     -0.01166  0.000456234
 -0.00574724      0.01166            0   -0.0147866
 -0.00329449 -0.000456234    0.0147866            0
Repeater1[0]<--->HoM1[0]
REAL
  0.440722 -0.0151276   -0.01576   0.327152
-0.0151276  0.0541237 0.00263555 -0.0111487
  -0.01576 0.00263555   0.068299 -0.0293029
  0.327152 -0.0111487 -0.0293029   0.436856
IMAGINARY
           0  0.000344799    0.0279663    0.0261531
-0.000344799            0  0.000301914   0.00622721
  -0.0279663 -0.000301914            0   0.00417133
  -0.0261531  -0.00622721  -0.00417133            0
EndNode1[0]<--->Repeater1[0]
REAL
   0.416776  -0.0115167  -0.0135755    0.349246
 -0.0115167   0.0891219    0.029426 -0.00877442
 -0.0135755    0.029426   0.0707733  -0.0223275
   0.349246 -0.00877442  -0.0223275    0.423329
IMAGINARY
          0  0.00680074 -0.00126929 -0.00224968
-0.00680074           0  0.00165657 -0.00323521
 0.00126929 -0.00165657           0  0.00799978
 0.00224968  0.00323521 -0.00799978           0
EndNode2[0]<--->HoM1[0]
REAL
   0.415633   0.0236656 -0.00223683    0.336882
  0.0236656     0.08933   0.0139396 0.000340493
-0.00223683   0.0139396   0.0856079  -0.0129197
   0.336882 0.000340493  -0.0129197    0.409429
IMAGINARY
          0   0.0125512  -0.0113732    0.012562
 -0.0125512           0 -0.00806906 -0.00733006
  0.0113732  0.00806906           0 -0.00631676
  -0.012562  0.00733006  0.00631676           0
Repeater1[0]<--->EndNode1[0]
REAL
   0.416776  -0.0135755  -0.0115167    0.349246
 -0.0135755   0.0707733    0.029426  -0.0223275
 -0.0115167    0.029426   0.0891219 -0.00877442
   0.349246  -0.0223275 -0.00877442    0.423329
IMAGINARY
          0 -0.00126929  0.00680074 -0.00224968
 0.00126929           0 -0.00165657  0.00799978
-0.00680074  0.00165657           0 -0.00323521
 0.00224968 -0.00799978  0.00323521           0
Repeater1[0]<--->HoM1[0]
REAL
   0.415633 -0.00223683   0.0236656    0.336882
-0.00223683   0.0856079   0.0139396  -0.0129197
  0.0236656   0.0139396     0.08933 0.000340493
   0.336882  -0.0129197 0.000340493    0.409429
IMAGINARY
          0  -0.0113732   0.0125512    0.012562
  0.0113732           0  0.00806906 -0.00631676
 -0.0125512 -0.00806906           0 -0.00733006
  -0.012562  0.00631676  0.00733006           0
EndNode1[0]<--->Repeater1[0]
REAL
  0.457541  0.0126958  0.0115438   0.334555
 0.0126958  0.0595691  0.0137382 0.00425901
 0.0115438  0.0137382  0.0823828 0.00563545
  0.334555 0.00425901 0.00563545   0.400507
IMAGINARY
           0    0.0095991   0.00856217  -0.00442358
  -0.0095991            0    0.0113245   0.00790687
 -0.00856217   -0.0113245            0  0.000282326
  0.00442358  -0.00790687 -0.000282326            0
EndNode2[0]<--->HoM1[0]
REAL
   0.419137  -0.0193469   0.0154221    0.343251
 -0.0193469   0.0619946   0.0138914 -0.00870659
  0.0154221   0.0138914   0.0876011  0.00530541
   0.343251 -0.00870659  0.00530541    0.431267
IMAGINARY
          0 -0.00769783   0.0072267    -0.02333
 0.00769783           0 -0.00494764   0.0172401
 -0.0072267  0.00494764           0  -0.0142595
    0.02333  -0.0172401   0.0142595           0
Repeater1[0]<--->EndNode1[0]
REAL
  0.457541  0.0115438  0.0126958   0.334555
 0.0115438  0.0823828  0.0137382 0.00563545
 0.0126958  0.0137382  0.0595691 0.00425901
  0.334555 0.00563545 0.00425901   0.400507
IMAGINARY
           0   0.00856217    0.0095991  -0.00442358
 -0.00856217            0   -0.0113245  0.000282326
  -0.0095991    0.0113245            0   0.00790687
  0.00442358 -0.000282326  -0.00790687            0
Repeater1[0]<--->HoM1[0]
REAL
   0.419137   0.0154221  -0.0193469    0.343251
  0.0154221   0.0876011   0.0138914  0.00530541
 -0.0193469   0.0138914   0.0619946 -0.00870659
   0.343251  0.00530541 -0.00870659    0.431267
IMAGINARY
          0   0.0072267 -0.00769783    -0.02333
 -0.0072267           0  0.00494764  -0.0142595
 0.00769783 -0.00494764           0   0.0172401
    0.02333   0.0142595  -0.0172401           0
EndNode1[0]<--->Repeater1[0]
REAL
   0.415829 -0.00734312  0.00837695    0.328693
-0.00734312   0.0879397  0.00842294 -0.00236894
 0.00837695  0.00842294    0.080402    0.024032
   0.328693 -0.00236894    0.024032    0.415829
IMAGINARY
           0   0.00729876  0.000352683    0.0295273
 -0.00729876            0   -0.0122418   0.00235002
-0.000352683    0.0122418            0 -0.000542008
  -0.0295273  -0.00235002  0.000542008            0
EndNode2[0]<--->HoM1[0]
REAL
  0.430769 -0.0166257  0.0275221   0.345771
-0.0166257  0.0576923 0.00551116 -0.0159836
 0.0275221 0.00551116  0.0705128  0.0153436
  0.345771 -0.0159836  0.0153436   0.441026
IMAGINARY
          0   0.0149351  -0.0108865  -0.0117524
 -0.0149351           0 -0.00705438   -0.017685
  0.0108865  0.00705438           0   0.0123377
  0.0117524    0.017685  -0.0123377           0
Repeater1[0]<--->EndNode1[0]
REAL
   0.415829  0.00837695 -0.00734312    0.328693
 0.00837695    0.080402  0.00842294    0.024032
-0.00734312  0.00842294   0.0879397 -0.00236894
   0.328693    0.024032 -0.00236894    0.415829
IMAGINARY
           0  0.000352683   0.00729876    0.0295273
-0.000352683            0    0.0122418 -0.000542008
 -0.00729876   -0.0122418            0   0.00235002
  -0.0295273  0.000542008  -0.00235002            0
Repeater1[0]<--->HoM1[0]
REAL
  0.430769  0.0275221 -0.0166257   0.345771
 0.0275221  0.0705128 0.00551116  0.0153436
-0.0166257 0.00551116  0.0576923 -0.0159836
  0.345771  0.0153436 -0.0159836   0.441026
IMAGINARY
          0  -0.0108865   0.0149351  -0.0117524
  0.0108865           0  0.00705438   0.0123377
 -0.0149351 -0.00705438           0   -0.017685
  0.0117524  -0.0123377    0.017685           0
EndNode1[0]<--->Repeater1[0]
REAL
   0.425228   0.0121483 -0.00344102    0.320406
  0.0121483    0.076723   0.0209271  0.00210769
-0.00344102   0.0209271   0.0611183  -0.0121483
   0.320406  0.00210769  -0.0121483    0.436931
IMAGINARY
          0  0.00395751  0.00746291 -0.00258144
-0.00395751           0  -0.0161282 -0.00485875
-0.00746291   0.0161282           0 -0.00916585
 0.00258144  0.00485875  0.00916585           0
EndNode2[0]<--->HoM1[0]
REAL
   0.445187  -0.0181083  0.00160861    0.326633
 -0.0181083    0.078877    0.016134 -0.00223754
 0.00160861    0.016134   0.0601604    -0.00642
   0.326633 -0.00223754    -0.00642    0.415775
IMAGINARY
           0   0.00489732 -0.000411674  -0.00361735
 -0.00489732            0    0.0198301  -0.00663058
 0.000411674   -0.0198301            0   -0.0029767
  0.00361735   0.00663058    0.0029767            0
Repeater1[0]<--->EndNode1[0]
REAL
   0.425228 -0.00344102   0.0121483    0.320406
-0.00344102   0.0611183   0.0209271  -0.0121483
  0.0121483   0.0209271    0.076723  0.00210769
   0.320406  -0.0121483  0.00210769    0.436931
IMAGINARY
          0  0.00746291  0.00395751 -0.00258144
-0.00746291           0   0.0161282 -0.00916585
-0.00395751  -0.0161282           0 -0.00485875
 0.00258144  0.00916585  0.00485875           0
Repeater1[0]<--->HoM1[0]
REAL
   0.445187  0.00160861  -0.0181083    0.326633
 0.00160861   0.0601604    0.016134    -0.00642
 -0.0181083    0.016134    0.078877 -0.00223754
   0.326633    -0.00642 -0.00223754    0.415775
IMAGINARY
           0 -0.000411674   0.00489732  -0.00361735
 0.000411674            0   -0.0198301   -0.0029767
 -0.00489732    0.0198301            0  -0.00663058
  0.00361735    0.0029767   0.00663058            0
EndNode1[0]<--->Repeater1[0]
REAL
   0.469543  0.00810667 -0.00394382    0.316148
 0.00810667    0.069797    0.026674 -0.00719479
-0.00394382    0.026674   0.0824873  -0.0204829
   0.316148 -0.00719479  -0.0204829    0.378173
IMAGINARY
           0   0.00428598  0.000630267   0.00616176
 -0.00428598            0 -0.000399918   -0.0203671
-0.000630267  0.000399918            0   0.00492455
 -0.00616176    0.0203671  -0.00492455            0
EndNode2[0]<--->HoM1[0]
REAL
   0.420915  0.00123387   0.0258989    0.343308
 0.00123387   0.0653595  0.00997426 -0.00466341
  0.0258989  0.00997426   0.0862745  0.00713164
   0.343308 -0.00466341  0.00713164    0.427451
IMAGINARY
          0  -0.0163839  -0.0025672  0.00327848
  0.0163839           0 -0.00592398 -0.00906071
  0.0025672  0.00592398           0   0.0137999
-0.00327848  0.00906071  -0.0137999           0
Repeater1[0]<--->EndNode1[0]
REAL
   0.469543 -0.00394382  0.00810667    0.316148
-0.00394382   0.0824873    0.026674  -0.0204829
 0.00810667    0.026674    0.069797 -0.00719479
   0.316148  -0.0204829 -0.00719479    0.378173
IMAGINARY
           0  0.000630267   0.00428598   0.00616176
-0.000630267            0  0.000399918   0.00492455
 -0.00428598 -0.000399918            0   -0.0203671
 -0.00616176  -0.00492455    0.0203671            0
Repeater1[0]<--->HoM1[0]
REAL
   0.420915   0.0258989  0.00123387    0.343308
  0.0258989   0.0862745  0.00997426  0.00713164
 0.00123387  0.00997426   0.0653595 -0.00466341
   0.343308  0.00713164 -0.00466341    0.427451
IMAGINARY
          0  -0.0025672  -0.0163839  0.00327848
  0.0025672           0  0.00592398   0.0137999
  0.0163839 -0.00592398           0 -0.00906071
-0.00327848  -0.0137999  0.00906071           0
EndNode1[0]<--->Repeater1[0]
REAL
   0.451985   0.0153017   0.0201632    0.334757
  0.0153017   0.0717029   0.0272701  -0.0097847
  0.0201632   0.0272701   0.0627401 -0.00370221
   0.334757  -0.0097847 -0.00370221    0.413572
IMAGINARY
          0  0.00569085  0.00605132   0.0177703
-0.00569085           0 -0.00238572   0.0113284
-0.00605132  0.00238572           0 -0.00168016
 -0.0177703  -0.0113284  0.00168016           0
EndNode2[0]<--->HoM1[0]
REAL
   0.451654 -0.00505114 -0.00233538    0.340468
-0.00505114   0.0852417   0.0270645  -0.0236386
-0.00233538   0.0270645   0.0776081  -0.0183255
   0.340468  -0.0236386  -0.0183255    0.385496
IMAGINARY
          0  0.00985978  -0.0110219 -0.00833882
-0.00985978           0  -0.0260321 -0.00540389
  0.0110219   0.0260321           0  0.00656597
 0.00833882  0.00540389 -0.00656597           0
Repeater1[0]<--->EndNode1[0]
REAL
   0.451985   0.0201632   0.0153017    0.334757
  0.0201632   0.0627401   0.0272701 -0.00370221
  0.0153017   0.0272701   0.0717029  -0.0097847
   0.334757 -0.00370221  -0.0097847    0.413572
IMAGINARY
          0  0.00605132  0.00569085   0.0177703
-0.00605132           0  0.00238572 -0.00168016
-0.00569085 -0.00238572           0   0.0113284
 -0.0177703  0.00168016  -0.0113284           0
Repeater1[0]<--->HoM1[0]
REAL
   0.451654 -0.00233538 -0.00505114    0.340468
-0.00233538   0.0776081   0.0270645  -0.0183255
-0.00505114   0.0270645   0.0852417  -0.0236386
   0.340468  -0.0183255  -0.0236386    0.385496
IMAGINARY
          0  -0.0110219  0.00985978 -0.00833882
  0.0110219           0   0.0260321  0.00656597
-0.00985978  -0.0260321           0 -0.00540389
 0.00833882 -0.00656597  0.00540389           0
EndNode1[0]<--->Repeater1[0]
REAL
    0.483271   0.00162212  -0.00990275     0.345728
  0.00162212    0.0570012    0.0352547   0.00278761
 -0.00990275    0.0352547    0.0669145 -0.000975286
    0.345728   0.00278761 -0.000975286     0.392813
IMAGINARY
           0   -0.0236088 -1.75842e-05  -0.00493202
   0.0236088            0   -0.0179529   0.00126447
 1.75842e-05    0.0179529            0   0.00989309
  0.00493202  -0.00126447  -0.00989309            0
EndNode2[0]<--->HoM1[0]
REAL
   0.449109 -0.00339782   0.0156013    0.345064
-0.00339782   0.0763359   0.0296232  -0.0118419
  0.0156013   0.0296232   0.0699746 -0.00537411
   0.345064  -0.0118419 -0.00537411     0.40458
IMAGINARY
          0 -0.00374325  -0.0109566  -0.0112378
 0.00374325           0  0.00402939  0.00914718
  0.0109566 -0.00402939           0   0.0139966
  0.0112378 -0.00914718  -0.0139966           0
Repeater1[0]<--->EndNode1[0]
REAL
    0.483271  -0.00990275   0.00162212     0.345728
 -0.00990275    0.0669145    0.0352547 -0.000975286
  0.00162212    0.0352547    0.0570012   0.00278761
    0.345728 -0.000975286   0.00278761     0.392813
IMAGINARY
           0 -1.75842e-05   -0.0236088  -0.00493202
 1.75842e-05            0    0.0179529   0.00989309
   0.0236088   -0.0179529            0   0.00126447
  0.00493202  -0.00989309  -0.00126447            0
Repeater1[0]<--->HoM1[0]
REAL
   0.449109   0.0156013 -0.00339782    0.345064
  0.0156013   0.0699746   0.0296232 -0.00537411
-0.00339782   0.0296232   0.0763359  -0.0118419
   0.345064 -0.00537411  -0.0118419     0.40458
IMAGINARY
          0  -0.0109566 -0.00374325  -0.0112378
  0.0109566           0 -0.00402939   0.0139966
 0.00374325  0.00402939           0  0.00914718
  0.0112378  -0.0139966 -0.00914718           0
EndNode1[0]<--->Repeater1[0]
REAL
   0.416366  0.00802506 -0.00135581    0.352956
 0.00802506   0.0673887   0.0225156 -0.00682029
-0.00135581   0.0225156   0.0770156 0.000151042
   0.352956 -0.00682029 0.000151042     0.43923
IMAGINARY
           0  -0.00974182    0.0112875  -0.00475183
  0.00974182            0 -0.000235701  -0.00394433
  -0.0112875  0.000235701            0  -0.00160665
  0.00475183   0.00394433   0.00160665            0
EndNode2[0]<--->HoM1[0]
REAL
    0.42293 -0.00227677 -0.00607567    0.331229
-0.00227677   0.0675159  0.00777581   0.0257092
-0.00607567  0.00777581   0.0700637   0.0101302
   0.331229   0.0257092   0.0101302     0.43949
IMAGINARY
          0   0.0177477   0.0119006           0
 -0.0177477           0   0.0160875  -0.0183439
 -0.0119006  -0.0160875           0  0.00802549
          0   0.0183439 -0.00802549           0
Repeater1[0]<--->EndNode1[0]
REAL
   0.416366 -0.00135581  0.00802506    0.352956
-0.00135581   0.0770156   0.0225156 0.000151042
 0.00802506   0.0225156   0.0673887 -0.00682029
   0.352956 0.000151042 -0.00682029     0.43923
IMAGINARY
           0    0.0112875  -0.00974182  -0.00475183
  -0.0112875            0  0.000235701  -0.00160665
  0.00974182 -0.000235701            0  -0.00394433
  0.00475183   0.00160665   0.00394433            0
Repeater1[0]<--->HoM1[0]
REAL
    0.42293 -0.00607567 -0.00227677    0.331229
-0.00607567   0.0700637  0.00777581   0.0101302
-0.00227677  0.00777581   0.0675159   0.0257092
   0.331229   0.0101302   0.0257092     0.43949
IMAGINARY
          0   0.0119006   0.0177477           0
 -0.0119006           0  -0.0160875  0.00802549
 -0.0177477   0.0160875           0  -0.0183439
          0 -0.00802549   0.0183439           0
EndNode1[0]<--->Repeater1[0]
REAL
   0.408537 -0.00583292  0.00560036     0.31446
-0.00583292   0.0853659   0.0242499 -0.00694444
 0.00560036   0.0242499   0.0670732  0.00180066
    0.31446 -0.00694444  0.00180066    0.439024
IMAGINARY
           0  -0.00938416  -0.00265383  -0.00853126
  0.00938416            0    0.0187877    0.0145419
  0.00265383   -0.0187877            0  0.000293255
  0.00853126   -0.0145419 -0.000293255            0
EndNode2[0]<--->HoM1[0]
REAL
   0.436478 0.000926861  0.00291587    0.334996
0.000926861   0.0742138   0.0236032 -0.00227893
 0.00291587   0.0236032   0.0679245 -0.00665935
   0.334996 -0.00227893 -0.00665935    0.421384
IMAGINARY
          0   0.0142046   0.0137347   0.0129618
 -0.0142046           0  0.00765676   -0.011203
 -0.0137347 -0.00765676           0  0.00984599
 -0.0129618    0.011203 -0.00984599           0
Repeater1[0]<--->EndNode1[0]
REAL
   0.408537  0.00560036 -0.00583292     0.31446
 0.00560036   0.0670732   0.0242499  0.00180066
-0.00583292   0.0242499   0.0853659 -0.00694444
    0.31446  0.00180066 -0.00694444    0.439024
IMAGINARY
           0  -0.00265383  -0.00938416  -0.00853126
  0.00265383            0   -0.0187877  0.000293255
  0.00938416    0.0187877            0    0.0145419
  0.00853126 -0.000293255   -0.0145419            0
Repeater1[0]<--->HoM1[0]
REAL
   0.436478  0.00291587 0.000926861    0.334996
 0.00291587   0.0679245   0.0236032 -0.00665935
0.000926861   0.0236032   0.0742138 -0.00227893
   0.334996 -0.00665935 -0.00227893    0.421384
IMAGINARY
          0   0.0137347   0.0142046   0.0129618
 -0.0137347           0 -0.00765676  0.00984599
 -0.0142046  0.00765676           0   -0.011203
 -0.0129618 -0.00984599    0.011203           0
EndNode1[0]<--->Repeater1[0]
REAL
   0.448953 -0.00198106  -0.0245884    0.332171
-0.00198106   0.0693717   0.0287102 -0.00295986
 -0.0245884   0.0287102    0.065445  -0.0159253
   0.332171 -0.00295986  -0.0159253     0.41623
IMAGINARY
           0   0.00956354   -0.0285906    0.0101282
 -0.00956354            0   0.00441032 -0.000457608
   0.0285906  -0.00441032            0    0.0133042
  -0.0101282  0.000457608   -0.0133042            0
EndNode2[0]<--->HoM1[0]
REAL
   0.389961   0.0224658   0.0236355    0.337151
  0.0224658   0.0617761   0.0185052 -0.00608025
  0.0236355   0.0185052   0.0643501   0.0119946
   0.337151 -0.00608025   0.0119946    0.483912
IMAGINARY
           0 -0.000382832   -0.0051175  -0.00178827
 0.000382832            0  -0.00980966   -0.0121239
   0.0051175   0.00980966            0  -0.00281002
  0.00178827    0.0121239   0.00281002            0
Repeater1[0]<--->EndNode1[0]
REAL
   0.448953  -0.0245884 -0.00198106    0.332171
 -0.0245884    0.065445   0.0287102  -0.0159253
-0.00198106   0.0287102   0.0693717 -0.00295986
   0.332171  -0.0159253 -0.00295986     0.41623
IMAGINARY
           0   -0.0285906   0.00956354    0.0101282
   0.0285906            0  -0.00441032    0.0133042
 -0.00956354   0.00441032            0 -0.000457608
  -0.0101282   -0.0133042  0.000457608            0
Repeater1[0]<--->HoM1[0]
REAL
   0.389961   0.0236355   0.0224658    0.337151
  0.0236355   0.0643501   0.0185052   0.0119946
  0.0224658   0.0185052   0.0617761 -0.00608025
   0.337151   0.0119946 -0.00608025    0.483912
IMAGINARY
           0   -0.0051175 -0.000382832  -0.00178827
   0.0051175            0   0.00980966  -0.00281002
 0.000382832  -0.00980966            0   -0.0121239
  0.00178827   0.00281002    0.0121239            0
EndNode1[0]<--->Repeater1[0]
REAL
   0.488796 -0.00452029   0.0136611    0.319255
-0.00452029   0.0518207   0.0282668   0.0111166
  0.0136611   0.0282668   0.0826331   0.0242153
   0.319255   0.0111166   0.0242153    0.376751
IMAGINARY
          0  -0.0389618   0.0161748  0.00255667
  0.0389618           0  0.00320518  -0.0105428
 -0.0161748 -0.00320518           0  0.00454383
-0.00255667   0.0105428 -0.00454383           0
EndNode2[0]<--->HoM1[0]
REAL
   0.410824   0.0173472  0.00611326    0.329809
  0.0173472   0.0861009   0.0208991  0.00611326
 0.00611326   0.0208991   0.0738007 -0.00254669
   0.329809  0.00611326 -0.00254669    0.429274
IMAGINARY
           0    0.0232462   0.00431213 -0.000642033
  -0.0232462            0  -0.00530249     -0.01076
 -0.00431213   0.00530249            0  -0.00155801
 0.000642033      0.01076   0.00155801            0
Repeater1[0]<--->EndNode1[0]
REAL
   0.488796   0.0136611 -0.00452029    0.319255
  0.0136611   0.0826331   0.0282668   0.0242153
-0.00452029   0.0282668   0.0518207   0.0111166
   0.319255   0.0242153   0.0111166    0.376751
IMAGINARY
          0   0.0161748  -0.0389618  0.00255667
 -0.0161748           0 -0.00320518  0.00454383
  0.0389618  0.00320518           0  -0.0105428
-0.00255667 -0.00454383   0.0105428           0
Repeater1[0]<--->HoM1[0]
REAL
   0.410824  0.00611326   0.0173472    0.329809
 0.00611326   0.0738007   0.0208991 -0.00254669
  0.0173472   0.0208991   0.0861009  0.00611326
   0.329809 -0.00254669  0.00611326    0.429274
IMAGINARY
           0   0.00431213    0.0232462 -0.000642033
 -0.00431213            0   0.00530249  -0.00155801
  -0.0232462  -0.00530249            0     -0.01076
 0.000642033   0.00155801      0.01076            0
EndNode1[0]<--->Repeater1[0]
REAL
   0.450122  -0.0134796 -0.00984252    0.330749
 -0.0134796   0.0644769   0.0183329   0.0137795
-0.00984252   0.0183329   0.0827251 -0.00489309
   0.330749   0.0137795 -0.00489309    0.402676
IMAGINARY
          0  0.00954568   0.0053241 -0.00359283
-0.00954568           0   0.0136062   0.0020983
 -0.0053241  -0.0136062           0  -0.0210167
 0.00359283  -0.0020983   0.0210167           0
EndNode2[0]<--->HoM1[0]
REAL
  0.432577 0.00440303 0.00715951    0.33333
0.00440303  0.0654206  0.0212406  0.0177712
0.00715951  0.0212406  0.0694259  0.0219128
   0.33333  0.0177712  0.0219128   0.432577
IMAGINARY
           0   -0.0167315    0.0286612    0.0268053
   0.0167315            0 -0.000155519  -0.00960732
  -0.0286612  0.000155519            0  -0.00100827
  -0.0268053   0.00960732   0.00100827            0
Repeater1[0]<--->EndNode1[0]
REAL
   0.450122 -0.00984252  -0.0134796    0.330749
-0.00984252   0.0827251   0.0183329 -0.00489309
 -0.0134796   0.0183329   0.0644769   0.0137795
   0.330749 -0.00489309   0.0137795    0.402676
IMAGINARY
          0   0.0053241  0.00954568 -0.00359283
 -0.0053241           0  -0.0136062  -0.0210167
-0.00954568   0.0136062           0   0.0020983
 0.00359283   0.0210167  -0.0020983           0
Repeater1[0]<--->HoM1[0]
REAL
  0.432577 0.00715951 0.00440303    0.33333
0.00715951  0.0694259  0.0212406  0.0219128
0.00440303  0.0212406  0.0654206  0.0177712
   0.33333  0.0219128  0.0177712   0.432577
IMAGINARY
           0    0.0286612   -0.0167315    0.0268053
  -0.0286612            0  0.000155519  -0.00100827
   0.0167315 -0.000155519            0  -0.00960732
  -0.0268053   0.00100827   0.00960732            0
EndNode1[0]<--->Repeater1[0]
REAL
   0.426509 -0.00125313 -0.00731559    0.339467
-0.00125313   0.0774278   0.0264477  0.00104992
-0.00731559   0.0264477   0.0551181 -0.00125313
   0.339467  0.00104992 -0.00125313    0.440945
IMAGINARY
          0  0.00400751   0.0145429  -0.0102961
-0.00400751           0  0.00769873   0.0145429
 -0.0145429 -0.00769873           0  -0.0233981
  0.0102961  -0.0145429   0.0233981           0
EndNode2[0]<--->HoM1[0]
REAL
  0.435768 0.00169265 -0.0130214   0.321008
0.00169265  0.0629723  0.0228677 -0.0266826
-0.0130214  0.0228677  0.0730479 -0.0467801
  0.321008 -0.0266826 -0.0467801   0.428212
IMAGINARY
           0  -0.00765005    0.0143915    0.0107092
  0.00765005            0   0.00204587 -0.000447243
  -0.0143915  -0.00204587            0   0.00167396
  -0.0107092  0.000447243  -0.00167396            0
Repeater1[0]<--->EndNode1[0]
REAL
   0.426509 -0.00731559 -0.00125313    0.339467
-0.00731559   0.0551181   0.0264477 -0.00125313
-0.00125313   0.0264477   0.0774278  0.00104992
   0.339467 -0.00125313  0.00104992    0.440945
IMAGINARY
          0   0.0145429  0.00400751  -0.0102961
 -0.0145429           0 -0.00769873  -0.0233981
-0.00400751  0.00769873           0   0.0145429
  0.0102961   0.0233981  -0.0145429           0
Repeater1[0]<--->HoM1[0]
REAL
  0.435768 -0.0130214 0.00169265   0.321008
-0.0130214  0.0730479  0.0228677 -0.0467801
0.00169265  0.0228677  0.0629723 -0.0266826
  0.321008 -0.0467801 -0.0266826   0.428212
IMAGINARY
           0    0.0143915  -0.00765005    0.0107092
  -0.0143915            0  -0.00204587   0.00167396
  0.00765005   0.00204587            0 -0.000447243
  -0.0107092  -0.00167396  0.000447243            0
EndNode1[0]<--->Repeater1[0]
REAL
   0.435864  0.00378218  0.00320037    0.335535
 0.00378218   0.0719895      0.0294 -0.00190167
 0.00320037      0.0294   0.0759162 -0.00248348
   0.335535 -0.00190167 -0.00248348     0.41623
IMAGINARY
           0    0.0300647   -0.0090499  -0.00634051
  -0.0300647            0 -0.000665858  -0.00506053
   0.0090499  0.000665858            0   0.00367766
  0.00634051   0.00506053  -0.00367766            0
EndNode2[0]<--->HoM1[0]
REAL
  0.423927  0.0163438  0.0237735   0.333436
 0.0163438  0.0780234  0.0164427 -0.0104563
 0.0237735  0.0164427  0.0663199  0.0163438
  0.333436 -0.0104563  0.0163438    0.43173
IMAGINARY
          0   0.0101189 -0.00293346   0.0159816
 -0.0101189           0 -0.00143134 -0.00687046
 0.00293346  0.00143134           0  -0.0107725
 -0.0159816  0.00687046   0.0107725           0
Repeater1[0]<--->EndNode1[0]
REAL
   0.435864  0.00320037  0.00378218    0.335535
 0.00320037   0.0759162      0.0294 -0.00248348
 0.00378218      0.0294   0.0719895 -0.00190167
   0.335535 -0.00248348 -0.00190167     0.41623
IMAGINARY
           0   -0.0090499    0.0300647  -0.00634051
   0.0090499            0  0.000665858   0.00367766
  -0.0300647 -0.000665858            0  -0.00506053
  0.00634051  -0.00367766   0.00506053            0
Repeater1[0]<--->HoM1[0]
REAL
  0.423927  0.0237735  0.0163438   0.333436
 0.0237735  0.0663199  0.0164427  0.0163438
 0.0163438  0.0164427  0.0780234 -0.0104563
  0.333436  0.0163438 -0.0104563    0.43173
IMAGINARY
          0 -0.00293346   0.0101189   0.0159816
 0.00293346           0  0.00143134  -0.0107725
 -0.0101189 -0.00143134           0 -0.00687046
 -0.0159816   0.0107725  0.00687046           0
