EndNode1[0]<--->Repeater1[0]
REAL
   0.515843 -0.00255341  -0.0108941    0.399099
-0.00255341  0.00253485  0.00227394   0.0102699
 -0.0108941  0.00227394   0.0101394 0.000680747
   0.399099   0.0102699 0.000680747    0.471483
IMAGINARY
          0   0.0206561  -0.0176553  -0.0253247
 -0.0206561           0   0.0253247  0.00707329
  0.0176553  -0.0253247           0  -0.0180106
  0.0253247 -0.00707329   0.0180106           0
EndNode2[0]<--->HoM1[0]
REAL
   0.517976  0.00865801 2.51038e-05    0.397618
 0.00865801  0.00532623  0.00887503   0.0064684
2.51038e-05  0.00887503  0.00798935  -0.0151515
   0.397618   0.0064684  -0.0151515    0.468708
IMAGINARY
           0  0.000359475    -0.018032    0.0179699
-0.000359475            0   0.00768715   0.00625192
    0.018032  -0.00768715            0   -0.0160663
  -0.0179699  -0.00625192    0.0160663            0
Repeater1[0]<--->EndNode1[0]
REAL
   0.515843  -0.0108941 -0.00255341    0.399099
 -0.0108941   0.0101394  0.00227394 0.000680747
-0.00255341  0.00227394  0.00253485   0.0102699
   0.399099 0.000680747   0.0102699    0.471483
IMAGINARY
          0  -0.0176553   0.0206561  -0.0253247
  0.0176553           0  -0.0253247  -0.0180106
 -0.0206561   0.0253247           0  0.00707329
  0.0253247   0.0180106 -0.00707329           0
Repeater1[0]<--->HoM1[0]
REAL
   0.517976 2.51038e-05  0.00865801    0.397618
2.51038e-05  0.00798935  0.00887503  -0.0151515
 0.00865801  0.00887503  0.00532623   0.0064684
   0.397618  -0.0151515   0.0064684    0.468708
IMAGINARY
           0    -0.018032  0.000359475    0.0179699
    0.018032            0  -0.00768715   -0.0160663
-0.000359475   0.00768715            0   0.00625192
  -0.0179699    0.0160663  -0.00625192            0
EndNode1[0]<--->Repeater1[0]
REAL
    0.506739   -0.0276403   0.00420085     0.385821
  -0.0276403   0.00269542   -0.0184738 -0.000374316
  0.00420085   -0.0184738   0.00943396    0.0136097
    0.385821 -0.000374316    0.0136097     0.481132
IMAGINARY
          0   0.0108356  0.00352325  0.00361691
 -0.0108356           0 -0.00616144   0.0069062
-0.00352325  0.00616144           0 -0.00163319
-0.00361691  -0.0069062  0.00163319           0
EndNode2[0]<--->HoM1[0]
REAL
    0.478437    0.0221263   0.00972635     0.395561
   0.0221263   0.00269542 -0.000298814    0.0177051
  0.00972635 -0.000298814   0.00673854    0.0127864
    0.395561    0.0177051    0.0127864     0.512129
IMAGINARY
          0  -0.0020466   0.0103513  -0.0172783
  0.0020466           0 -0.00114924   0.0103513
 -0.0103513  0.00114924           0  -0.0123825
  0.0172783  -0.0103513   0.0123825           0
Repeater1[0]<--->EndNode1[0]
REAL
    0.506739   0.00420085   -0.0276403     0.385821
  0.00420085   0.00943396   -0.0184738    0.0136097
  -0.0276403   -0.0184738   0.00269542 -0.000374316
    0.385821    0.0136097 -0.000374316     0.481132
IMAGINARY
          0  0.00352325   0.0108356  0.00361691
-0.00352325           0  0.00616144 -0.00163319
 -0.0108356 -0.00616144           0   0.0069062
-0.00361691  0.00163319  -0.0069062           0
Repeater1[0]<--->HoM1[0]
REAL
    0.478437   0.00972635    0.0221263     0.395561
  0.00972635   0.00673854 -0.000298814    0.0127864
   0.0221263 -0.000298814   0.00269542    0.0177051
    0.395561    0.0127864    0.0177051     0.512129
IMAGINARY
          0   0.0103513  -0.0020466  -0.0172783
 -0.0103513           0  0.00114924  -0.0123825
  0.0020466 -0.00114924           0   0.0103513
  0.0172783   0.0123825  -0.0103513           0
EndNode1[0]<--->Repeater1[0]
REAL
   0.492637   0.0162095  0.00266148     0.39048
  0.0162095  0.00401606 -0.00718801  0.00593802
 0.00266148 -0.00718801  0.00669344  -0.0162095
    0.39048  0.00593802  -0.0162095    0.496653
IMAGINARY
          0  -0.0245512  0.00420657  0.00234025
  0.0245512           0   0.0168905   -0.021046
-0.00420657  -0.0168905           0   0.0219605
-0.00234025    0.021046  -0.0219605           0
EndNode2[0]<--->HoM1[0]
REAL
   0.538262  0.00420248  -0.0183951    0.385074
 0.00420248  0.00648508 -0.00453674  0.00698566
 -0.0183951 -0.00453674  0.00259403  0.00989148
   0.385074  0.00698566  0.00989148    0.452659
IMAGINARY
          0   0.0117921 -0.00421445  0.00633875
 -0.0117921           0 -0.00127546  -0.0139674
 0.00421445  0.00127546           0   0.0206754
-0.00633875   0.0139674  -0.0206754           0
Repeater1[0]<--->EndNode1[0]
REAL
   0.492637  0.00266148   0.0162095     0.39048
 0.00266148  0.00669344 -0.00718801  -0.0162095
  0.0162095 -0.00718801  0.00401606  0.00593802
    0.39048  -0.0162095  0.00593802    0.496653
IMAGINARY
          0  0.00420657  -0.0245512  0.00234025
-0.00420657           0  -0.0168905   0.0219605
  0.0245512   0.0168905           0   -0.021046
-0.00234025  -0.0219605    0.021046           0
Repeater1[0]<--->HoM1[0]
REAL
   0.538262  -0.0183951  0.00420248    0.385074
 -0.0183951  0.00259403 -0.00453674  0.00989148
 0.00420248 -0.00453674  0.00648508  0.00698566
   0.385074  0.00989148  0.00698566    0.452659
IMAGINARY
          0 -0.00421445   0.0117921  0.00633875
 0.00421445           0  0.00127546   0.0206754
 -0.0117921 -0.00127546           0  -0.0139674
-0.00633875  -0.0206754   0.0139674           0
EndNode1[0]<--->Repeater1[0]
REAL
   0.486181 -0.00653187  0.00057673    0.398581
-0.00653187  0.00502513  0.00612079  0.00387054
 0.00057673  0.00612079  0.00753769  -0.0131632
   0.398581  0.00387054  -0.0131632    0.501256
IMAGINARY
          0   0.0202704 -0.00676432  0.00616306
 -0.0202704           0  -0.0106909  -0.0222839
 0.00676432   0.0106909           0   0.0100139
-0.00616306   0.0222839  -0.0100139           0
EndNode2[0]<--->HoM1[0]
REAL
   0.482544 -0.00505669  -0.0122467    0.391743
-0.00505669  0.00872818  -0.0108211  0.00392405
 -0.0122467  -0.0108211  0.00249377 -0.00966802
   0.391743  0.00392405 -0.00966802    0.506234
IMAGINARY
          0  -0.0175937  0.00289116  0.00500434
  0.0175937           0  -0.0189284  -0.0195578
-0.00289116   0.0189284           0   0.0214398
-0.00500434   0.0195578  -0.0214398           0
Repeater1[0]<--->EndNode1[0]
REAL
   0.486181  0.00057673 -0.00653187    0.398581
 0.00057673  0.00753769  0.00612079  -0.0131632
-0.00653187  0.00612079  0.00502513  0.00387054
   0.398581  -0.0131632  0.00387054    0.501256
IMAGINARY
          0 -0.00676432   0.0202704  0.00616306
 0.00676432           0   0.0106909   0.0100139
 -0.0202704  -0.0106909           0  -0.0222839
-0.00616306  -0.0100139   0.0222839           0
Repeater1[0]<--->HoM1[0]
REAL
   0.482544  -0.0122467 -0.00505669    0.391743
 -0.0122467  0.00249377  -0.0108211 -0.00966802
-0.00505669  -0.0108211  0.00872818  0.00392405
   0.391743 -0.00966802  0.00392405    0.506234
IMAGINARY
          0  0.00289116  -0.0175937  0.00500434
-0.00289116           0   0.0189284   0.0214398
  0.0175937  -0.0189284           0  -0.0195578
-0.00500434  -0.0214398   0.0195578           0
EndNode1[0]<--->Repeater1[0]
REAL
   0.486658  -0.0315695  -0.0335069    0.388657
 -0.0315695  0.00635324   0.0154171 -0.00394387
 -0.0335069   0.0154171  0.00889454  -0.0071953
   0.388657 -0.00394387  -0.0071953    0.498094
IMAGINARY
          0  -0.0233921   0.0105525   0.0154966
  0.0233921           0 -0.00312039   0.0118546
 -0.0105525  0.00312039           0   0.0150694
 -0.0154966  -0.0118546  -0.0150694           0
EndNode2[0]<--->HoM1[0]
REAL
   0.482625   0.0201782  0.00125926     0.40642
  0.0201782    0.003861 -0.00492332  0.00622204
 0.00125926 -0.00492332  0.00643501  0.00101878
    0.40642  0.00622204  0.00101878    0.507079
IMAGINARY
          0  0.00125812  -0.0159086  -0.0147818
-0.00125812           0 -0.00872523   0.0152567
  0.0159086  0.00872523           0  -0.0162516
  0.0147818  -0.0152567   0.0162516           0
Repeater1[0]<--->EndNode1[0]
REAL
   0.486658  -0.0335069  -0.0315695    0.388657
 -0.0335069  0.00889454   0.0154171  -0.0071953
 -0.0315695   0.0154171  0.00635324 -0.00394387
   0.388657  -0.0071953 -0.00394387    0.498094
IMAGINARY
          0   0.0105525  -0.0233921   0.0154966
 -0.0105525           0  0.00312039   0.0150694
  0.0233921 -0.00312039           0   0.0118546
 -0.0154966  -0.0150694  -0.0118546           0
Repeater1[0]<--->HoM1[0]
REAL
   0.482625  0.00125926   0.0201782     0.40642
 0.00125926  0.00643501 -0.00492332  0.00101878
  0.0201782 -0.00492332    0.003861  0.00622204
    0.40642  0.00101878  0.00622204    0.507079
IMAGINARY
          0  -0.0159086  0.00125812  -0.0147818
  0.0159086           0  0.00872523  -0.0162516
-0.00125812 -0.00872523           0   0.0152567
  0.0147818   0.0162516  -0.0152567           0
EndNode1[0]<--->Repeater1[0]
REAL
    0.49004  -0.0159005 -0.00191156    0.388812
 -0.0159005   0.0119522  0.00120045    0.010129
-0.00191156  0.00120045  0.00531208   0.0152684
   0.388812    0.010129   0.0152684    0.492696
IMAGINARY
         0   0.015308 -0.0186325  0.0142227
 -0.015308          0 -0.0161784 -0.0139345
 0.0186325  0.0161784          0  0.0147048
-0.0142227  0.0139345 -0.0147048          0
EndNode2[0]<--->HoM1[0]
REAL
   0.476829  0.00344982  0.00386226    0.387269
 0.00344982  0.00487805 -0.00608097   0.0124037
 0.00386226 -0.00608097   0.0097561   0.0156449
   0.387269   0.0124037   0.0156449    0.508537
IMAGINARY
          0 -0.00763102 -0.00237404   0.0123145
 0.00763102           0  0.00537881    0.013039
 0.00237404 -0.00537881           0 -0.00177927
 -0.0123145   -0.013039  0.00177927           0
Repeater1[0]<--->EndNode1[0]
REAL
    0.49004 -0.00191156  -0.0159005    0.388812
-0.00191156  0.00531208  0.00120045   0.0152684
 -0.0159005  0.00120045   0.0119522    0.010129
   0.388812   0.0152684    0.010129    0.492696
IMAGINARY
         0 -0.0186325   0.015308  0.0142227
 0.0186325          0  0.0161784  0.0147048
 -0.015308 -0.0161784          0 -0.0139345
-0.0142227 -0.0147048  0.0139345          0
Repeater1[0]<--->HoM1[0]
REAL
   0.476829  0.00386226  0.00344982    0.387269
 0.00386226   0.0097561 -0.00608097   0.0156449
 0.00344982 -0.00608097  0.00487805   0.0124037
   0.387269   0.0156449   0.0124037    0.508537
IMAGINARY
          0 -0.00237404 -0.00763102   0.0123145
 0.00237404           0 -0.00537881 -0.00177927
 0.00763102  0.00537881           0    0.013039
 -0.0123145  0.00177927   -0.013039           0
EndNode1[0]<--->Repeater1[0]
REAL
   0.475515 -0.00846986   0.0204144    0.401343
-0.00846986  0.00902062  -0.0207835 -0.00707255
  0.0204144  -0.0207835  0.00773196   0.0167291
   0.401343 -0.00707255   0.0167291    0.507732
IMAGINARY
           0   -0.0191519   0.00926614 -4.26994e-05
   0.0191519            0    0.0131317   0.00742112
 -0.00926614   -0.0131317            0   0.00122854
 4.26994e-05  -0.00742112  -0.00122854            0
EndNode2[0]<--->HoM1[0]
REAL
   0.464241   0.0216502   0.0148392    0.394854
  0.0216502  0.00250941  -0.0043712 -0.00636463
  0.0148392  -0.0043712  0.00878294  -0.0131756
   0.394854 -0.00636463  -0.0131756    0.524467
IMAGINARY
          0 -0.00322328  0.00220029  0.00700963
 0.00322328           0  -0.0057781  0.00942762
-0.00220029   0.0057781           0 -0.00840463
-0.00700963 -0.00942762  0.00840463           0
Repeater1[0]<--->EndNode1[0]
REAL
   0.475515   0.0204144 -0.00846986    0.401343
  0.0204144  0.00773196  -0.0207835   0.0167291
-0.00846986  -0.0207835  0.00902062 -0.00707255
   0.401343   0.0167291 -0.00707255    0.507732
IMAGINARY
           0   0.00926614   -0.0191519 -4.26994e-05
 -0.00926614            0   -0.0131317   0.00122854
   0.0191519    0.0131317            0   0.00742112
 4.26994e-05  -0.00122854  -0.00742112            0
Repeater1[0]<--->HoM1[0]
REAL
   0.464241   0.0148392   0.0216502    0.394854
  0.0148392  0.00878294  -0.0043712  -0.0131756
  0.0216502  -0.0043712  0.00250941 -0.00636463
   0.394854  -0.0131756 -0.00636463    0.524467
IMAGINARY
          0  0.00220029 -0.00322328  0.00700963
-0.00220029           0   0.0057781 -0.00840463
 0.00322328  -0.0057781           0  0.00942762
-0.00700963  0.00840463 -0.00942762           0
EndNode1[0]<--->Repeater1[0]
REAL
   0.514667  -0.0111304  -0.0227564    0.397562
 -0.0111304  0.00533333  0.00282563 -0.00764467
 -0.0227564  0.00282563       0.008  -0.0205643
   0.397562 -0.00764467  -0.0205643       0.472
IMAGINARY
          0   0.0141892 -0.00955808 -0.00113719
 -0.0141892           0  0.00524036   0.0145706
 0.00955808 -0.00524036           0  -0.0141892
 0.00113719  -0.0145706   0.0141892           0
EndNode2[0]<--->HoM1[0]
REAL
   0.466847   0.0007894  -0.0132049    0.400464
  0.0007894  0.00541272   -0.014403 -0.00194662
 -0.0132049   -0.014403  0.00270636  -0.0183652
   0.400464 -0.00194662  -0.0183652    0.525034
IMAGINARY
           0    0.0176388    0.0170445  0.000309464
  -0.0176388            0   -0.0354513   0.00392117
  -0.0170445    0.0354513            0   -0.0119209
-0.000309464  -0.00392117    0.0119209            0
Repeater1[0]<--->EndNode1[0]
REAL
   0.514667  -0.0227564  -0.0111304    0.397562
 -0.0227564       0.008  0.00282563  -0.0205643
 -0.0111304  0.00282563  0.00533333 -0.00764467
   0.397562  -0.0205643 -0.00764467       0.472
IMAGINARY
          0 -0.00955808   0.0141892 -0.00113719
 0.00955808           0 -0.00524036  -0.0141892
 -0.0141892  0.00524036           0   0.0145706
 0.00113719   0.0141892  -0.0145706           0
Repeater1[0]<--->HoM1[0]
REAL
   0.466847  -0.0132049   0.0007894    0.400464
 -0.0132049  0.00270636   -0.014403  -0.0183652
  0.0007894   -0.014403  0.00541272 -0.00194662
   0.400464  -0.0183652 -0.00194662    0.525034
IMAGINARY
           0    0.0170445    0.0176388  0.000309464
  -0.0170445            0    0.0354513   -0.0119209
  -0.0176388   -0.0354513            0   0.00392117
-0.000309464    0.0119209  -0.00392117            0
EndNode1[0]<--->Repeater1[0]
REAL
   0.484355 -0.00207643 -0.00053483    0.381885
-0.00207643  0.00500626  0.00589555  -0.0106871
-0.00053483  0.00589555  0.00876095  -0.0116393
   0.381885  -0.0106871  -0.0116393    0.501877
IMAGINARY
          0  -0.0019685    0.001005   0.0133159
  0.0019685           0  0.00921757 -0.00892056
  -0.001005 -0.00921757           0   0.0019685
 -0.0133159  0.00892056  -0.0019685           0
EndNode2[0]<--->HoM1[0]
REAL
   0.508772  -0.0154685 -0.00260236    0.393766
 -0.0154685   0.0107962 -0.00445293  -0.0177539
-0.00260236 -0.00445293  0.00674764 -0.00615999
   0.393766  -0.0177539 -0.00615999    0.473684
IMAGINARY
           0    0.0314027  0.000678433   0.00404603
  -0.0314027            0    0.0090088   -0.0159456
-0.000678433   -0.0090088            0    -0.013591
 -0.00404603    0.0159456     0.013591            0
Repeater1[0]<--->EndNode1[0]
REAL
   0.484355 -0.00053483 -0.00207643    0.381885
-0.00053483  0.00876095  0.00589555  -0.0116393
-0.00207643  0.00589555  0.00500626  -0.0106871
   0.381885  -0.0116393  -0.0106871    0.501877
IMAGINARY
          0    0.001005  -0.0019685   0.0133159
  -0.001005           0 -0.00921757   0.0019685
  0.0019685  0.00921757           0 -0.00892056
 -0.0133159  -0.0019685  0.00892056           0
Repeater1[0]<--->HoM1[0]
REAL
   0.508772 -0.00260236  -0.0154685    0.393766
-0.00260236  0.00674764 -0.00445293 -0.00615999
 -0.0154685 -0.00445293   0.0107962  -0.0177539
   0.393766 -0.00615999  -0.0177539    0.473684
IMAGINARY
           0  0.000678433    0.0314027   0.00404603
-0.000678433            0   -0.0090088    -0.013591
  -0.0314027    0.0090088            0   -0.0159456
 -0.00404603     0.013591    0.0159456            0
EndNode1[0]<--->Repeater1[0]
REAL
   0.442236    0.016217  0.00124635    0.394118
   0.016217   0.0124224 -0.00166013   0.0183067
 0.00124635 -0.00166013  0.00248447   0.0103193
   0.394118   0.0183067   0.0103193    0.542857
IMAGINARY
          0   0.0108831 -0.00932262 -0.00991994
 -0.0108831           0 -0.00495716  -0.0197011
 0.00932262  0.00495716           0 -0.00164825
 0.00991994   0.0197011  0.00164825           0
EndNode2[0]<--->HoM1[0]
REAL
   0.489647  0.00837455   0.0203896    0.389122
 0.00837455   0.0133983 -0.00720332   0.0023656
  0.0203896 -0.00720332  0.00730816   0.0119207
   0.389122   0.0023656   0.0119207    0.489647
IMAGINARY
          0   0.0118668  -0.0177045 -0.00784221
 -0.0118668           0  0.00357911 -0.00854221
  0.0177045 -0.00357911           0  -0.0158038
 0.00784221  0.00854221   0.0158038           0
Repeater1[0]<--->EndNode1[0]
REAL
   0.442236  0.00124635    0.016217    0.394118
 0.00124635  0.00248447 -0.00166013   0.0103193
   0.016217 -0.00166013   0.0124224   0.0183067
   0.394118   0.0103193   0.0183067    0.542857
IMAGINARY
          0 -0.00932262   0.0108831 -0.00991994
 0.00932262           0  0.00495716 -0.00164825
 -0.0108831 -0.00495716           0  -0.0197011
 0.00991994  0.00164825   0.0197011           0
Repeater1[0]<--->HoM1[0]
REAL
   0.489647   0.0203896  0.00837455    0.389122
  0.0203896  0.00730816 -0.00720332   0.0119207
 0.00837455 -0.00720332   0.0133983   0.0023656
   0.389122   0.0119207   0.0023656    0.489647
IMAGINARY
          0  -0.0177045   0.0118668 -0.00784221
  0.0177045           0 -0.00357911  -0.0158038
 -0.0118668  0.00357911           0 -0.00854221
 0.00784221   0.0158038  0.00854221           0
EndNode1[0]<--->Repeater1[0]
REAL
   0.477865  0.00732597   0.0269669    0.383364
 0.00732597   0.0078125 0.000860363  -0.0116997
  0.0269669 0.000860363  0.00520833  0.00666894
   0.383364  -0.0116997  0.00666894    0.509115
IMAGINARY
           0     0.002271   0.00666075    -0.017981
   -0.002271            0  -0.00840249  0.000363518
 -0.00666075   0.00840249            0    0.0060304
    0.017981 -0.000363518   -0.0060304            0
EndNode2[0]<--->HoM1[0]
REAL
   0.494819   0.0044839   0.0137769    0.387581
  0.0044839  0.00647668  0.00330451  -0.0105677
  0.0137769  0.00330451  0.00518135 -0.00255835
   0.387581  -0.0105677 -0.00255835    0.493523
IMAGINARY
          0  0.00614724 -0.00419799  0.00300217
-0.00614724           0  -0.0127046  0.00608478
 0.00419799   0.0127046           0   0.0120918
-0.00300217 -0.00608478  -0.0120918           0
Repeater1[0]<--->EndNode1[0]
REAL
   0.477865   0.0269669  0.00732597    0.383364
  0.0269669  0.00520833 0.000860363  0.00666894
 0.00732597 0.000860363   0.0078125  -0.0116997
   0.383364  0.00666894  -0.0116997    0.509115
IMAGINARY
           0   0.00666075     0.002271    -0.017981
 -0.00666075            0   0.00840249    0.0060304
   -0.002271  -0.00840249            0  0.000363518
    0.017981   -0.0060304 -0.000363518            0
Repeater1[0]<--->HoM1[0]
REAL
   0.494819   0.0137769   0.0044839    0.387581
  0.0137769  0.00518135  0.00330451 -0.00255835
  0.0044839  0.00330451  0.00647668  -0.0105677
   0.387581 -0.00255835  -0.0105677    0.493523
IMAGINARY
          0 -0.00419799  0.00614724  0.00300217
 0.00419799           0   0.0127046   0.0120918
-0.00614724  -0.0127046           0  0.00608478
-0.00300217  -0.0120918 -0.00608478           0
EndNode1[0]<--->Repeater1[0]
REAL
   0.516049  0.00163771  -0.0193417     0.39952
 0.00163771  0.00864198  0.00379131    0.022653
 -0.0193417  0.00379131   0.0037037 0.000349048
    0.39952    0.022653 0.000349048    0.471605
IMAGINARY
          0  -0.0100598   0.0160786  0.00247518
  0.0100598           0  0.00517788  0.00527814
 -0.0160786 -0.00517788           0 -0.00752815
-0.00247518 -0.00527814  0.00752815           0
EndNode2[0]<--->HoM1[0]
REAL
   0.518182  -0.0133923 -0.00684513    0.394804
 -0.0133923   0.0038961 8.23005e-07   -0.010038
-0.00684513 8.23005e-07   0.0025974 0.000405311
   0.394804   -0.010038 0.000405311    0.475325
IMAGINARY
           0  -0.00902649   -0.0117502  0.000259153
  0.00902649            0    0.0101847    0.0301279
   0.0117502   -0.0101847            0   0.00205564
-0.000259153   -0.0301279  -0.00205564            0
Repeater1[0]<--->EndNode1[0]
REAL
   0.516049  -0.0193417  0.00163771     0.39952
 -0.0193417   0.0037037  0.00379131 0.000349048
 0.00163771  0.00379131  0.00864198    0.022653
    0.39952 0.000349048    0.022653    0.471605
IMAGINARY
          0   0.0160786  -0.0100598  0.00247518
 -0.0160786           0 -0.00517788 -0.00752815
  0.0100598  0.00517788           0  0.00527814
-0.00247518  0.00752815 -0.00527814           0
Repeater1[0]<--->HoM1[0]
REAL
   0.518182 -0.00684513  -0.0133923    0.394804
-0.00684513   0.0025974 8.23005e-07 0.000405311
 -0.0133923 8.23005e-07   0.0038961   -0.010038
   0.394804 0.000405311   -0.010038    0.475325
IMAGINARY
           0   -0.0117502  -0.00902649  0.000259153
   0.0117502            0   -0.0101847   0.00205564
  0.00902649    0.0101847            0    0.0301279
-0.000259153  -0.00205564   -0.0301279            0
EndNode1[0]<--->Repeater1[0]
REAL
   0.501863  -0.0235357  0.00946308    0.387492
 -0.0235357  0.00621118 -0.00392182 -0.00234794
 0.00946308 -0.00392182  0.00496894   0.0177143
   0.387492 -0.00234794   0.0177143    0.486957
IMAGINARY
          0 -0.00910703 -0.00701901   0.0232832
 0.00910703           0   -0.014605   -0.003082
 0.00701901    0.014605           0  0.00153127
 -0.0232832    0.003082 -0.00153127           0
EndNode2[0]<--->HoM1[0]
REAL
   0.479798 -0.00412203 -0.00511076    0.394925
-0.00412203  0.00378788 -0.00481485  -0.0125938
-0.00511076 -0.00481485    0.010101  0.00595353
   0.394925  -0.0125938  0.00595353    0.506313
IMAGINARY
           0    0.0104286    0.0112134    0.0236934
  -0.0104286            0   -0.0118823 -0.000796724
  -0.0112134    0.0118823            0   0.00129018
  -0.0236934  0.000796724  -0.00129018            0
Repeater1[0]<--->EndNode1[0]
REAL
   0.501863  0.00946308  -0.0235357    0.387492
 0.00946308  0.00496894 -0.00392182   0.0177143
 -0.0235357 -0.00392182  0.00621118 -0.00234794
   0.387492   0.0177143 -0.00234794    0.486957
IMAGINARY
          0 -0.00701901 -0.00910703   0.0232832
 0.00701901           0    0.014605  0.00153127
 0.00910703   -0.014605           0   -0.003082
 -0.0232832 -0.00153127    0.003082           0
Repeater1[0]<--->HoM1[0]
REAL
   0.479798 -0.00511076 -0.00412203    0.394925
-0.00511076    0.010101 -0.00481485  0.00595353
-0.00412203 -0.00481485  0.00378788  -0.0125938
   0.394925  0.00595353  -0.0125938    0.506313
IMAGINARY
           0    0.0112134    0.0104286    0.0236934
  -0.0112134            0    0.0118823   0.00129018
  -0.0104286   -0.0118823            0 -0.000796724
  -0.0236934  -0.00129018  0.000796724            0
EndNode1[0]<--->Repeater1[0]
REAL
   0.460494  -0.0145625  -0.0124013    0.413419
 -0.0145625   0.0037037  0.00444291 -0.00650353
 -0.0124013  0.00444291  0.00617284 -0.00564614
   0.413419 -0.00650353 -0.00564614     0.52963
IMAGINARY
          0   0.0019713  0.00590026   0.0179841
 -0.0019713           0  0.00474321  -0.0166462
-0.00590026 -0.00474321           0   0.0138315
 -0.0179841   0.0166462  -0.0138315           0
EndNode2[0]<--->HoM1[0]
REAL
   0.511002   0.0120447 -0.00387597     0.39649
  0.0120447  0.00244499 -0.00760159 -0.00387597
-0.00387597 -0.00760159  0.00733496  -0.0094607
    0.39649 -0.00387597  -0.0094607    0.479218
IMAGINARY
          0    0.023594   -0.020727 -0.00568417
  -0.023594           0   0.0173725  -0.0163574
   0.020727  -0.0173725           0  0.00709654
 0.00568417   0.0163574 -0.00709654           0
Repeater1[0]<--->EndNode1[0]
REAL
   0.460494  -0.0124013  -0.0145625    0.413419
 -0.0124013  0.00617284  0.00444291 -0.00564614
 -0.0145625  0.00444291   0.0037037 -0.00650353
   0.413419 -0.00564614 -0.00650353     0.52963
IMAGINARY
          0  0.00590026   0.0019713   0.0179841
-0.00590026           0 -0.00474321   0.0138315
 -0.0019713  0.00474321           0  -0.0166462
 -0.0179841  -0.0138315   0.0166462           0
Repeater1[0]<--->HoM1[0]
REAL
   0.511002 -0.00387597   0.0120447     0.39649
-0.00387597  0.00733496 -0.00760159  -0.0094607
  0.0120447 -0.00760159  0.00244499 -0.00387597
    0.39649  -0.0094607 -0.00387597    0.479218
IMAGINARY
          0   -0.020727    0.023594 -0.00568417
   0.020727           0  -0.0173725  0.00709654
  -0.023594   0.0173725           0  -0.0163574
 0.00568417 -0.00709654   0.0163574           0
EndNode1[0]<--->Repeater1[0]
REAL
   0.505115  0.00752823  -0.0152925    0.383667
 0.00752823  0.00767263 -0.00537375  0.00839167
 -0.0152925 -0.00537375  0.00511509  -0.0181932
   0.383667  0.00839167  -0.0181932    0.482097
IMAGINARY
           0   -0.0065155   -0.0099301  0.000166648
   0.0065155            0   -0.0139722  -0.00787812
   0.0099301    0.0139722            0    0.0174744
-0.000166648   0.00787812   -0.0174744            0
EndNode2[0]<--->HoM1[0]
REAL
   0.506989 0.000463334  0.00560241    0.391945
0.000463334  0.00635324 -0.00399364 -0.00439759
 0.00560241 -0.00399364   0.0025413 -0.00769225
   0.391945 -0.00439759 -0.00769225    0.484117
IMAGINARY
           0   0.00282414   0.00614981  -0.00336022
 -0.00282414            0 -0.000672043    0.0014644
 -0.00614981  0.000672043            0   0.00479007
  0.00336022   -0.0014644  -0.00479007            0
Repeater1[0]<--->EndNode1[0]
REAL
   0.505115  -0.0152925  0.00752823    0.383667
 -0.0152925  0.00511509 -0.00537375  -0.0181932
 0.00752823 -0.00537375  0.00767263  0.00839167
   0.383667  -0.0181932  0.00839167    0.482097
IMAGINARY
           0   -0.0099301   -0.0065155  0.000166648
   0.0099301            0    0.0139722    0.0174744
   0.0065155   -0.0139722            0  -0.00787812
-0.000166648   -0.0174744   0.00787812            0
Repeater1[0]<--->HoM1[0]
REAL
   0.506989  0.00560241 0.000463334    0.391945
 0.00560241   0.0025413 -0.00399364 -0.00769225
0.000463334 -0.00399364  0.00635324 -0.00439759
   0.391945 -0.00769225 -0.00439759    0.484117
IMAGINARY
           0   0.00614981   0.00282414  -0.00336022
 -0.00614981            0  0.000672043   0.00479007
 -0.00282414 -0.000672043            0    0.0014644
  0.00336022  -0.00479007   -0.0014644            0
EndNode1[0]<--->Repeater1[0]
REAL
  0.480355 0.00111295  -0.012344   0.387945
0.00111295 0.00253485 0.00308074  0.0097799
 -0.012344 0.00308074 0.00380228 0.00786141
  0.387945  0.0097799 0.00786141   0.513308
IMAGINARY
          0  0.00730614 -0.00237929 -0.00111121
-0.00730614           0  0.00526634  0.00302612
 0.00237929 -0.00526634           0  0.00110266
 0.00111121 -0.00302612 -0.00110266           0
EndNode2[0]<--->HoM1[0]
REAL
   0.511487 -0.00636195   0.0104873    0.386115
-0.00636195  0.00362757  -0.0138853 -0.00201271
  0.0104873  -0.0138853  0.00362757  0.00701384
   0.386115 -0.00201271  0.00701384    0.481258
IMAGINARY
          0  0.00732552  -0.0308509  0.00632993
-0.00732552           0  0.00160658 -0.00563562
  0.0308509 -0.00160658           0   0.0183502
-0.00632993  0.00563562  -0.0183502           0
Repeater1[0]<--->EndNode1[0]
REAL
  0.480355  -0.012344 0.00111295   0.387945
 -0.012344 0.00380228 0.00308074 0.00786141
0.00111295 0.00308074 0.00253485  0.0097799
  0.387945 0.00786141  0.0097799   0.513308
IMAGINARY
          0 -0.00237929  0.00730614 -0.00111121
 0.00237929           0 -0.00526634  0.00110266
-0.00730614  0.00526634           0  0.00302612
 0.00111121 -0.00110266 -0.00302612           0
Repeater1[0]<--->HoM1[0]
REAL
   0.511487   0.0104873 -0.00636195    0.386115
  0.0104873  0.00362757  -0.0138853  0.00701384
-0.00636195  -0.0138853  0.00362757 -0.00201271
   0.386115  0.00701384 -0.00201271    0.481258
IMAGINARY
          0  -0.0308509  0.00732552  0.00632993
  0.0308509           0 -0.00160658   0.0183502
-0.00732552  0.00160658           0 -0.00563562
-0.00632993  -0.0183502  0.00563562           0
EndNode1[0]<--->Repeater1[0]
REAL
  0.493573 -0.0135281 -0.0159043   0.381841
-0.0135281 0.00385604 0.00634974 -0.0205278
-0.0159043 0.00634974  0.0102828 -0.0115976
  0.381841 -0.0205278 -0.0115976   0.492288
IMAGINARY
          0  0.00976298 -0.00759036 -0.00187579
-0.00976298           0  0.00125312   0.0200412
 0.00759036 -0.00125312           0  -0.0156608
 0.00187579  -0.0200412   0.0156608           0
EndNode2[0]<--->HoM1[0]
REAL
   0.477157   0.0161582   0.0139447     0.38505
  0.0161582  0.00507614  0.00766552 -0.00533547
  0.0139447  0.00766552  0.00761421   0.0149677
    0.38505 -0.00533547   0.0149677    0.510152
IMAGINARY
          0   0.0246411 -0.00222788  0.00775257
 -0.0246411           0  0.00323644  -0.0263825
 0.00222788 -0.00323644           0  0.00396926
-0.00775257   0.0263825 -0.00396926           0
Repeater1[0]<--->EndNode1[0]
REAL
  0.493573 -0.0159043 -0.0135281   0.381841
-0.0159043  0.0102828 0.00634974 -0.0115976
-0.0135281 0.00634974 0.00385604 -0.0205278
  0.381841 -0.0115976 -0.0205278   0.492288
IMAGINARY
          0 -0.00759036  0.00976298 -0.00187579
 0.00759036           0 -0.00125312  -0.0156608
-0.00976298  0.00125312           0   0.0200412
 0.00187579   0.0156608  -0.0200412           0
Repeater1[0]<--->HoM1[0]
REAL
   0.477157   0.0139447   0.0161582     0.38505
  0.0139447  0.00761421  0.00766552   0.0149677
  0.0161582  0.00766552  0.00507614 -0.00533547
    0.38505   0.0149677 -0.00533547    0.510152
IMAGINARY
          0 -0.00222788   0.0246411  0.00775257
 0.00222788           0 -0.00323644  0.00396926
 -0.0246411  0.00323644           0  -0.0263825
-0.00775257 -0.00396926   0.0263825           0
EndNode1[0]<--->Repeater1[0]
REAL
   0.480366   0.0109458   0.0179161    0.394304
  0.0109458   0.0026178   0.0056962  -0.0166341
  0.0179161   0.0056962   0.0104712 0.000592617
   0.394304  -0.0166341 0.000592617    0.506545
IMAGINARY
           0   0.00572119  1.73472e-18   -0.0037062
 -0.00572119            0   0.00502198  1.73472e-18
-1.73472e-18  -0.00502198            0    0.0044054
   0.0037062 -1.73472e-18   -0.0044054            0
EndNode2[0]<--->HoM1[0]
REAL
   0.490789  0.00274023 -0.00179066    0.391658
 0.00274023  0.00263158 0.000267369 -0.00504164
-0.00179066 0.000267369  0.00394737  0.00657654
   0.391658 -0.00504164  0.00657654    0.502632
IMAGINARY
          0  -0.0123893  -0.0143797  -0.0204517
  0.0123893           0   0.0114078 -0.00482558
  0.0143797  -0.0114078           0   0.0157006
  0.0204517  0.00482558  -0.0157006           0
Repeater1[0]<--->EndNode1[0]
REAL
   0.480366   0.0179161   0.0109458    0.394304
  0.0179161   0.0104712   0.0056962 0.000592617
  0.0109458   0.0056962   0.0026178  -0.0166341
   0.394304 0.000592617  -0.0166341    0.506545
IMAGINARY
           0  1.73472e-18   0.00572119   -0.0037062
-1.73472e-18            0  -0.00502198    0.0044054
 -0.00572119   0.00502198            0  1.73472e-18
   0.0037062   -0.0044054 -1.73472e-18            0
Repeater1[0]<--->HoM1[0]
REAL
   0.490789 -0.00179066  0.00274023    0.391658
-0.00179066  0.00394737 0.000267369  0.00657654
 0.00274023 0.000267369  0.00263158 -0.00504164
   0.391658  0.00657654 -0.00504164    0.502632
IMAGINARY
          0  -0.0143797  -0.0123893  -0.0204517
  0.0143797           0  -0.0114078   0.0157006
  0.0123893   0.0114078           0 -0.00482558
  0.0204517  -0.0157006  0.00482558           0
EndNode1[0]<--->Repeater1[0]
REAL
   0.464557   0.0249304 -0.00183158    0.408137
  0.0249304  0.00379747  0.00737368   0.0251607
-0.00183158  0.00737368   0.0101266  0.00722593
   0.408137   0.0251607  0.00722593    0.521519
IMAGINARY
           0  -0.00792321    0.0016958 -0.000911626
  0.00792321            0  -0.00487988  -0.00551259
  -0.0016958   0.00487988            0   0.00156189
 0.000911626   0.00551259  -0.00156189            0
EndNode2[0]<--->HoM1[0]
REAL
   0.499348 -0.00513231   0.0229401     0.39583
-0.00513231   0.0065189 -0.00522526 -0.00685262
  0.0229401 -0.00522526  0.00521512  0.00706281
    0.39583 -0.00685262  0.00706281    0.488918
IMAGINARY
          0  0.00942049  -0.0137536 -0.00302553
-0.00942049           0  0.00360896  -0.0179087
  0.0137536 -0.00360896           0   0.0209225
 0.00302553   0.0179087  -0.0209225           0
Repeater1[0]<--->EndNode1[0]
REAL
   0.464557 -0.00183158   0.0249304    0.408137
-0.00183158   0.0101266  0.00737368  0.00722593
  0.0249304  0.00737368  0.00379747   0.0251607
   0.408137  0.00722593   0.0251607    0.521519
IMAGINARY
           0    0.0016958  -0.00792321 -0.000911626
  -0.0016958            0   0.00487988   0.00156189
  0.00792321  -0.00487988            0  -0.00551259
 0.000911626  -0.00156189   0.00551259            0
Repeater1[0]<--->HoM1[0]
REAL
   0.499348   0.0229401 -0.00513231     0.39583
  0.0229401  0.00521512 -0.00522526  0.00706281
-0.00513231 -0.00522526   0.0065189 -0.00685262
    0.39583  0.00706281 -0.00685262    0.488918
IMAGINARY
          0  -0.0137536  0.00942049 -0.00302553
  0.0137536           0 -0.00360896   0.0209225
-0.00942049  0.00360896           0  -0.0179087
 0.00302553  -0.0209225   0.0179087           0
EndNode1[0]<--->Repeater1[0]
REAL
       0.5 -0.0170552 0.00765603   0.393319
-0.0170552 0.00641026  -0.008363 -0.0120808
0.00765603  -0.008363 0.00641026  0.0063093
  0.393319 -0.0120808  0.0063093   0.487179
IMAGINARY
           0   -0.0135625    0.0252927 -0.000798325
   0.0135625            0  -0.00397494    0.0206323
  -0.0252927   0.00397494            0   -0.0297752
 0.000798325   -0.0206323    0.0297752            0
EndNode2[0]<--->HoM1[0]
REAL
   0.485643  0.00667568 0.000168547    0.403505
 0.00667568  0.00499376   0.0158936  0.00666205
0.000168547   0.0158936  0.00499376  0.00152104
   0.403505  0.00666205  0.00152104     0.50437
IMAGINARY
          0  -0.0147648  0.00374086   0.0117801
  0.0147648           0  0.00499839  -0.0145965
-0.00374086 -0.00499839           0   0.0179577
 -0.0117801   0.0145965  -0.0179577           0
Repeater1[0]<--->EndNode1[0]
REAL
       0.5 0.00765603 -0.0170552   0.393319
0.00765603 0.00641026  -0.008363  0.0063093
-0.0170552  -0.008363 0.00641026 -0.0120808
  0.393319  0.0063093 -0.0120808   0.487179
IMAGINARY
           0    0.0252927   -0.0135625 -0.000798325
  -0.0252927            0   0.00397494   -0.0297752
   0.0135625  -0.00397494            0    0.0206323
 0.000798325    0.0297752   -0.0206323            0
Repeater1[0]<--->HoM1[0]
REAL
   0.485643 0.000168547  0.00667568    0.403505
0.000168547  0.00499376   0.0158936  0.00152104
 0.00667568   0.0158936  0.00499376  0.00666205
   0.403505  0.00152104  0.00666205     0.50437
IMAGINARY
          0  0.00374086  -0.0147648   0.0117801
-0.00374086           0 -0.00499839   0.0179577
  0.0147648  0.00499839           0  -0.0145965
 -0.0117801  -0.0179577   0.0145965           0
EndNode1[0]<--->Repeater1[0]
REAL
   0.504178  0.00564353 -0.00538891    0.406539
 0.00564353  0.00557103  -0.0080617 -0.00603241
-0.00538891  -0.0080617  0.00417827  -0.0119887
   0.406539 -0.00603241  -0.0119887    0.486072
IMAGINARY
          0   0.0302501 -0.00628475  -0.0254572
 -0.0302501           0  -0.0129076 -0.00197971
 0.00628475   0.0129076           0 -0.00821149
  0.0254572  0.00197971  0.00821149           0
EndNode2[0]<--->HoM1[0]
REAL
    0.517157  -0.00833255  -0.00530448     0.400991
 -0.00833255   0.00735294 -0.000607937    0.0161602
 -0.00530448 -0.000607937   0.00490196   0.00386257
    0.400991    0.0161602   0.00386257     0.470588
IMAGINARY
          0  -0.0167684   0.0183963  0.00150206
  0.0167684           0  0.00566873  0.00189887
 -0.0183963 -0.00566873           0 -0.00598678
-0.00150206 -0.00189887  0.00598678           0
Repeater1[0]<--->EndNode1[0]
REAL
   0.504178 -0.00538891  0.00564353    0.406539
-0.00538891  0.00417827  -0.0080617  -0.0119887
 0.00564353  -0.0080617  0.00557103 -0.00603241
   0.406539  -0.0119887 -0.00603241    0.486072
IMAGINARY
          0 -0.00628475   0.0302501  -0.0254572
 0.00628475           0   0.0129076 -0.00821149
 -0.0302501  -0.0129076           0 -0.00197971
  0.0254572  0.00821149  0.00197971           0
Repeater1[0]<--->HoM1[0]
REAL
    0.517157  -0.00530448  -0.00833255     0.400991
 -0.00530448   0.00490196 -0.000607937   0.00386257
 -0.00833255 -0.000607937   0.00735294    0.0161602
    0.400991   0.00386257    0.0161602     0.470588
IMAGINARY
          0   0.0183963  -0.0167684  0.00150206
 -0.0183963           0 -0.00566873 -0.00598678
  0.0167684  0.00566873           0  0.00189887
-0.00150206  0.00598678 -0.00189887           0
EndNode1[0]<--->Repeater1[0]
REAL
  0.494624  0.0298743 0.00594971   0.388229
 0.0298743 0.00403226 0.00557612  0.0351375
0.00594971 0.00557612 0.00537634 0.00362759
  0.388229  0.0351375 0.00362759   0.495968
IMAGINARY
          0 -0.00253119 -0.00183286  -0.0210227
 0.00253119           0 -0.00809751    0.017139
 0.00183286  0.00809751           0 -0.00512187
  0.0210227   -0.017139  0.00512187           0
EndNode2[0]<--->HoM1[0]
REAL
    0.476383  -0.00447068     0.011502      0.38748
 -0.00447068   0.00674764  -0.00884541 -0.000756087
    0.011502  -0.00884541   0.00944669   0.00763123
     0.38748 -0.000756087   0.00763123     0.507422
IMAGINARY
          0   0.0045589 -0.00083975 -0.00328086
 -0.0045589           0   0.0122323  -0.0188453
 0.00083975  -0.0122323           0  0.00331512
 0.00328086   0.0188453 -0.00331512           0
Repeater1[0]<--->EndNode1[0]
REAL
  0.494624 0.00594971  0.0298743   0.388229
0.00594971 0.00537634 0.00557612 0.00362759
 0.0298743 0.00557612 0.00403226  0.0351375
  0.388229 0.00362759  0.0351375   0.495968
IMAGINARY
          0 -0.00183286 -0.00253119  -0.0210227
 0.00183286           0  0.00809751 -0.00512187
 0.00253119 -0.00809751           0    0.017139
  0.0210227  0.00512187   -0.017139           0
Repeater1[0]<--->HoM1[0]
REAL
    0.476383     0.011502  -0.00447068      0.38748
    0.011502   0.00944669  -0.00884541   0.00763123
 -0.00447068  -0.00884541   0.00674764 -0.000756087
     0.38748   0.00763123 -0.000756087     0.507422
IMAGINARY
          0 -0.00083975   0.0045589 -0.00328086
 0.00083975           0  -0.0122323  0.00331512
 -0.0045589   0.0122323           0  -0.0188453
 0.00328086 -0.00331512   0.0188453           0
EndNode1[0]<--->Repeater1[0]
REAL
     0.50559   0.00143286    0.0114917      0.40316
  0.00143286   0.00869565 -0.000840049    0.0196439
   0.0114917 -0.000840049   0.00621118    0.0272607
     0.40316    0.0196439    0.0272607     0.479503
IMAGINARY
          0  -0.0089249   0.0103845 -0.00361008
  0.0089249           0   0.0182442 -0.00771785
 -0.0103845  -0.0182442           0  0.00359157
 0.00361008  0.00771785 -0.00359157           0
EndNode2[0]<--->HoM1[0]
REAL
    0.48038    -0.00969 -0.00103734    0.391505
   -0.00969  0.00356718  -0.0151613  0.00103734
-0.00103734  -0.0151613   0.0142687 -0.00643903
   0.391505  0.00103734 -0.00643903    0.501784
IMAGINARY
          0  -0.0205158  0.00784358  0.00189873
  0.0205158           0  0.00189873   0.0134898
-0.00784358 -0.00189873           0 -0.00348418
-0.00189873  -0.0134898  0.00348418           0
Repeater1[0]<--->EndNode1[0]
REAL
     0.50559    0.0114917   0.00143286      0.40316
   0.0114917   0.00621118 -0.000840049    0.0272607
  0.00143286 -0.000840049   0.00869565    0.0196439
     0.40316    0.0272607    0.0196439     0.479503
IMAGINARY
          0   0.0103845  -0.0089249 -0.00361008
 -0.0103845           0  -0.0182442  0.00359157
  0.0089249   0.0182442           0 -0.00771785
 0.00361008 -0.00359157  0.00771785           0
Repeater1[0]<--->HoM1[0]
REAL
    0.48038 -0.00103734    -0.00969    0.391505
-0.00103734   0.0142687  -0.0151613 -0.00643903
   -0.00969  -0.0151613  0.00356718  0.00103734
   0.391505 -0.00643903  0.00103734    0.501784
IMAGINARY
          0  0.00784358  -0.0205158  0.00189873
-0.00784358           0 -0.00189873 -0.00348418
  0.0205158  0.00189873           0   0.0134898
-0.00189873  0.00348418  -0.0134898           0
EndNode1[0]<--->Repeater1[0]
REAL
   0.490741   0.0121991 -0.00124693     0.39497
  0.0121991  0.00529101 -0.00346712  0.00451491
-0.00124693 -0.00346712  0.00529101 0.000219239
    0.39497  0.00451491 0.000219239    0.498677
IMAGINARY
          0  0.00840003   -0.015939   0.0051115
-0.00840003           0   0.0167394  -0.0218214
   0.015939  -0.0167394           0   0.0449854
 -0.0051115   0.0218214  -0.0449854           0
EndNode2[0]<--->HoM1[0]
REAL
   0.496104 -0.00412645  0.00064087    0.384393
-0.00412645  0.00909091 -0.00173297 -0.00781167
 0.00064087 -0.00173297  0.00909091  0.00217078
   0.384393 -0.00781167  0.00217078    0.485714
IMAGINARY
          0 -0.00408766 -0.00984808   0.0135872
 0.00408766           0  0.00853669 -0.00585872
 0.00984808 -0.00853669           0  0.00277876
 -0.0135872  0.00585872 -0.00277876           0
Repeater1[0]<--->EndNode1[0]
REAL
   0.490741 -0.00124693   0.0121991     0.39497
-0.00124693  0.00529101 -0.00346712 0.000219239
  0.0121991 -0.00346712  0.00529101  0.00451491
    0.39497 0.000219239  0.00451491    0.498677
IMAGINARY
          0   -0.015939  0.00840003   0.0051115
   0.015939           0  -0.0167394   0.0449854
-0.00840003   0.0167394           0  -0.0218214
 -0.0051115  -0.0449854   0.0218214           0
Repeater1[0]<--->HoM1[0]
REAL
   0.496104  0.00064087 -0.00412645    0.384393
 0.00064087  0.00909091 -0.00173297  0.00217078
-0.00412645 -0.00173297  0.00909091 -0.00781167
   0.384393  0.00217078 -0.00781167    0.485714
IMAGINARY
          0 -0.00984808 -0.00408766   0.0135872
 0.00984808           0 -0.00853669  0.00277876
 0.00408766  0.00853669           0 -0.00585872
 -0.0135872 -0.00277876  0.00585872           0
EndNode1[0]<--->Repeater1[0]
REAL
  0.474425  0.0134788 -0.0057787   0.403506
 0.0134788  0.0102302  0.0107416  0.0216098
-0.0057787  0.0107416 0.00127877  0.0115872
  0.403506  0.0216098  0.0115872   0.514066
IMAGINARY
          0  0.00160449 -0.00644991  -0.0109284
-0.00160449           0 -0.00961952  -0.0142219
 0.00644991  0.00961952           0  0.00485546
  0.0109284   0.0142219 -0.00485546           0
EndNode2[0]<--->HoM1[0]
REAL
   0.488742   -0.013976 -0.00878229    0.402986
  -0.013976    0.010596   0.0117943  -0.0185146
-0.00878229   0.0117943  0.00794702   -0.015984
   0.402986  -0.0185146   -0.015984    0.492715
IMAGINARY
           0    -0.012266   0.00869908 -0.000204079
    0.012266            0  -0.00934246     0.018503
 -0.00869908   0.00934246            0  -0.00716401
 0.000204079    -0.018503   0.00716401            0
Repeater1[0]<--->EndNode1[0]
REAL
  0.474425 -0.0057787  0.0134788   0.403506
-0.0057787 0.00127877  0.0107416  0.0115872
 0.0134788  0.0107416  0.0102302  0.0216098
  0.403506  0.0115872  0.0216098   0.514066
IMAGINARY
          0 -0.00644991  0.00160449  -0.0109284
 0.00644991           0  0.00961952  0.00485546
-0.00160449 -0.00961952           0  -0.0142219
  0.0109284 -0.00485546   0.0142219           0
Repeater1[0]<--->HoM1[0]
REAL
   0.488742 -0.00878229   -0.013976    0.402986
-0.00878229  0.00794702   0.0117943   -0.015984
  -0.013976   0.0117943    0.010596  -0.0185146
   0.402986   -0.015984  -0.0185146    0.492715
IMAGINARY
           0   0.00869908    -0.012266 -0.000204079
 -0.00869908            0   0.00934246  -0.00716401
    0.012266  -0.00934246            0     0.018503
 0.000204079   0.00716401    -0.018503            0
EndNode1[0]<--->Repeater1[0]
REAL
    0.44504 -0.00383999 -0.00684675     0.39643
-0.00383999  0.00268097  0.00797298 -0.00887652
-0.00684675  0.00797298   0.0080429   -0.014399
    0.39643 -0.00887652   -0.014399    0.544236
IMAGINARY
          0  0.00402856   0.0087806   0.0135798
-0.00402856           0   0.0210986   0.0061351
 -0.0087806  -0.0210986           0   0.0121841
 -0.0135798  -0.0061351  -0.0121841           0
EndNode2[0]<--->HoM1[0]
REAL
   0.525239  -0.0007589  -0.0246813    0.398259
 -0.0007589  0.00545703  -0.0115352  0.00458391
 -0.0246813  -0.0115352  0.00545703 -0.00594025
   0.398259  0.00458391 -0.00594025    0.463847
IMAGINARY
           0    0.0132582 -0.000987587    0.0042974
  -0.0132582            0    0.0158064    -0.011899
 0.000987587   -0.0158064            0   0.00736039
  -0.0042974     0.011899  -0.00736039            0
Repeater1[0]<--->EndNode1[0]
REAL
    0.44504 -0.00684675 -0.00383999     0.39643
-0.00684675   0.0080429  0.00797298   -0.014399
-0.00383999  0.00797298  0.00268097 -0.00887652
    0.39643   -0.014399 -0.00887652    0.544236
IMAGINARY
          0   0.0087806  0.00402856   0.0135798
 -0.0087806           0  -0.0210986   0.0121841
-0.00402856   0.0210986           0   0.0061351
 -0.0135798  -0.0121841  -0.0061351           0
Repeater1[0]<--->HoM1[0]
REAL
   0.525239  -0.0246813  -0.0007589    0.398259
 -0.0246813  0.00545703  -0.0115352 -0.00594025
 -0.0007589  -0.0115352  0.00545703  0.00458391
   0.398259 -0.00594025  0.00458391    0.463847
IMAGINARY
           0 -0.000987587    0.0132582    0.0042974
 0.000987587            0   -0.0158064   0.00736039
  -0.0132582    0.0158064            0    -0.011899
  -0.0042974  -0.00736039     0.011899            0
EndNode1[0]<--->Repeater1[0]
REAL
    0.52988  -0.0120234  0.00175863     0.39265
 -0.0120234  0.00664011 -0.00348482  -0.0123439
 0.00175863 -0.00348482  0.00398406  0.00517407
    0.39265  -0.0123439  0.00517407    0.459495
IMAGINARY
          0 -0.00498267 -0.00553356  -0.0107129
 0.00498267           0  -0.0120753    0.026065
 0.00553356   0.0120753           0 -0.00105597
  0.0107129   -0.026065  0.00105597           0
EndNode2[0]<--->HoM1[0]
REAL
   0.520942  0.00157348  0.00376791    0.406726
 0.00157348   0.0065445 -0.00780404  -0.0024202
 0.00376791 -0.00780404   0.0052356  -0.0150506
   0.406726  -0.0024202  -0.0150506    0.467277
IMAGINARY
           0   0.00655765  0.000375811  -0.00946876
 -0.00655765            0  8.53811e-05  -0.00464931
-0.000375811 -8.53811e-05            0   0.00259986
  0.00946876   0.00464931  -0.00259986            0
Repeater1[0]<--->EndNode1[0]
REAL
    0.52988  0.00175863  -0.0120234     0.39265
 0.00175863  0.00398406 -0.00348482  0.00517407
 -0.0120234 -0.00348482  0.00664011  -0.0123439
    0.39265  0.00517407  -0.0123439    0.459495
IMAGINARY
          0 -0.00553356 -0.00498267  -0.0107129
 0.00553356           0   0.0120753 -0.00105597
 0.00498267  -0.0120753           0    0.026065
  0.0107129  0.00105597   -0.026065           0
Repeater1[0]<--->HoM1[0]
REAL
   0.520942  0.00376791  0.00157348    0.406726
 0.00376791   0.0052356 -0.00780404  -0.0150506
 0.00157348 -0.00780404   0.0065445  -0.0024202
   0.406726  -0.0150506  -0.0024202    0.467277
IMAGINARY
           0  0.000375811   0.00655765  -0.00946876
-0.000375811            0 -8.53811e-05   0.00259986
 -0.00655765  8.53811e-05            0  -0.00464931
  0.00946876  -0.00259986   0.00464931            0
EndNode1[0]<--->Repeater1[0]
REAL
   0.53668  0.0131387 0.00976228   0.398216
 0.0131387   0.002574  0.0163368 0.00158618
0.00976228  0.0163368 0.00514801 0.00622045
  0.398216 0.00158618 0.00622045   0.455598
IMAGINARY
           0   0.00499855  -0.00310613  0.000328352
 -0.00499855            0  -0.00224897   -0.0056187
  0.00310613   0.00224897            0   0.00372628
-0.000328352    0.0056187  -0.00372628            0
EndNode2[0]<--->HoM1[0]
REAL
   0.483131  0.00188229  -7.576e-05    0.391332
 0.00188229  0.00404858 -0.00272463  -0.0100508
 -7.576e-05 -0.00272463   0.0107962    0.003181
   0.391332  -0.0100508    0.003181    0.502024
IMAGINARY
          0   0.0157334 -0.00163786  0.00929478
 -0.0157334           0  -0.0148988  -0.0022381
 0.00163786   0.0148988           0  -0.0118574
-0.00929478   0.0022381   0.0118574           0
Repeater1[0]<--->EndNode1[0]
REAL
   0.53668 0.00976228  0.0131387   0.398216
0.00976228 0.00514801  0.0163368 0.00622045
 0.0131387  0.0163368   0.002574 0.00158618
  0.398216 0.00622045 0.00158618   0.455598
IMAGINARY
           0  -0.00310613   0.00499855  0.000328352
  0.00310613            0   0.00224897   0.00372628
 -0.00499855  -0.00224897            0   -0.0056187
-0.000328352  -0.00372628    0.0056187            0
Repeater1[0]<--->HoM1[0]
REAL
   0.483131  -7.576e-05  0.00188229    0.391332
 -7.576e-05   0.0107962 -0.00272463    0.003181
 0.00188229 -0.00272463  0.00404858  -0.0100508
   0.391332    0.003181  -0.0100508    0.502024
IMAGINARY
          0 -0.00163786   0.0157334  0.00929478
 0.00163786           0   0.0148988  -0.0118574
 -0.0157334  -0.0148988           0  -0.0022381
-0.00929478   0.0118574   0.0022381           0
EndNode1[0]<--->Repeater1[0]
REAL
   0.478203  -0.0194255 -0.00661118    0.393791
 -0.0194255  0.00792602 -0.00475923  -0.0159695
-0.00661118 -0.00475923  0.00924703  -0.0057358
   0.393791  -0.0159695  -0.0057358    0.504624
IMAGINARY
           0   0.00382653  -0.00297183  3.37327e-06
 -0.00382653            0   0.00129871    0.0126337
  0.00297183  -0.00129871            0  -0.00382653
-3.37327e-06   -0.0126337   0.00382653            0
EndNode2[0]<--->HoM1[0]
REAL
    0.48814   0.0237413 -0.00433513    0.408213
  0.0237413  0.00499376  0.00494496   0.0135457
-0.00433513  0.00494496  0.00499376  0.00389023
   0.408213   0.0135457  0.00389023    0.501873
IMAGINARY
          0   0.0104452   -0.023132 -0.00621847
 -0.0104452           0 -0.00025821  0.00025615
   0.023132  0.00025821           0  0.00981625
 0.00621847 -0.00025615 -0.00981625           0
Repeater1[0]<--->EndNode1[0]
REAL
   0.478203 -0.00661118  -0.0194255    0.393791
-0.00661118  0.00924703 -0.00475923  -0.0057358
 -0.0194255 -0.00475923  0.00792602  -0.0159695
   0.393791  -0.0057358  -0.0159695    0.504624
IMAGINARY
           0  -0.00297183   0.00382653  3.37327e-06
  0.00297183            0  -0.00129871  -0.00382653
 -0.00382653   0.00129871            0    0.0126337
-3.37327e-06   0.00382653   -0.0126337            0
Repeater1[0]<--->HoM1[0]
REAL
    0.48814 -0.00433513   0.0237413    0.408213
-0.00433513  0.00499376  0.00494496  0.00389023
  0.0237413  0.00494496  0.00499376   0.0135457
   0.408213  0.00389023   0.0135457    0.501873
IMAGINARY
          0   -0.023132   0.0104452 -0.00621847
   0.023132           0  0.00025821  0.00981625
 -0.0104452 -0.00025821           0  0.00025615
 0.00621847 -0.00981625 -0.00025615           0
EndNode1[0]<--->Repeater1[0]
REAL
   0.524778  0.00603056   0.0123118    0.381467
 0.00603056  0.00635324 -0.00377886  0.00650538
  0.0123118 -0.00377886  0.00508259  0.00337804
   0.381467  0.00650538  0.00337804    0.463787
IMAGINARY
          0  0.00668595     0.01352 -0.00910933
-0.00668595           0 -0.00245879  -0.0141505
   -0.01352  0.00245879           0  -0.0148827
 0.00910933   0.0141505   0.0148827           0
EndNode2[0]<--->HoM1[0]
REAL
   0.507042  0.00144724  0.00303433    0.407996
 0.00144724  0.00512164  0.00448757 -0.00882584
 0.00303433  0.00448757  0.00384123  -0.0123868
   0.407996 -0.00882584  -0.0123868    0.483995
IMAGINARY
          0   0.0134243 -0.00810721 -0.00287355
 -0.0134243           0 -0.00860604 -0.00066472
 0.00810721  0.00860604           0 -0.00590555
 0.00287355  0.00066472  0.00590555           0
Repeater1[0]<--->EndNode1[0]
REAL
   0.524778   0.0123118  0.00603056    0.381467
  0.0123118  0.00508259 -0.00377886  0.00337804
 0.00603056 -0.00377886  0.00635324  0.00650538
   0.381467  0.00337804  0.00650538    0.463787
IMAGINARY
          0     0.01352  0.00668595 -0.00910933
   -0.01352           0  0.00245879  -0.0148827
-0.00668595 -0.00245879           0  -0.0141505
 0.00910933   0.0148827   0.0141505           0
Repeater1[0]<--->HoM1[0]
REAL
   0.507042  0.00303433  0.00144724    0.407996
 0.00303433  0.00384123  0.00448757  -0.0123868
 0.00144724  0.00448757  0.00512164 -0.00882584
   0.407996  -0.0123868 -0.00882584    0.483995
IMAGINARY
          0 -0.00810721   0.0134243 -0.00287355
 0.00810721           0  0.00860604 -0.00590555
 -0.0134243 -0.00860604           0 -0.00066472
 0.00287355  0.00590555  0.00066472           0
EndNode1[0]<--->Repeater1[0]
REAL
    0.484733  -0.00603881   0.00566357     0.399737
 -0.00603881   0.00508906  -0.00138913  -0.00502825
  0.00566357  -0.00138913   0.00636132 -0.000949753
    0.399737  -0.00502825 -0.000949753     0.503817
IMAGINARY
          0   0.0117215  -0.0263206  0.00354423
 -0.0117215           0  -0.0170213  0.00316662
  0.0263206   0.0170213           0 -0.00233475
-0.00354423 -0.00316662  0.00233475           0
EndNode2[0]<--->HoM1[0]
REAL
   0.504988   -0.010499  0.00702192    0.386928
  -0.010499   0.0074813   0.0125628 0.000611666
 0.00702192   0.0125628  0.00872818 -0.00604042
   0.386928 0.000611666 -0.00604042    0.478803
IMAGINARY
           0   0.00829644  -0.00760457   -0.0102018
 -0.00829644            0   0.00889293 -9.63824e-06
  0.00760457  -0.00889293            0    0.0158152
   0.0102018  9.63824e-06   -0.0158152            0
Repeater1[0]<--->EndNode1[0]
REAL
    0.484733   0.00566357  -0.00603881     0.399737
  0.00566357   0.00636132  -0.00138913 -0.000949753
 -0.00603881  -0.00138913   0.00508906  -0.00502825
    0.399737 -0.000949753  -0.00502825     0.503817
IMAGINARY
          0  -0.0263206   0.0117215  0.00354423
  0.0263206           0   0.0170213 -0.00233475
 -0.0117215  -0.0170213           0  0.00316662
-0.00354423  0.00233475 -0.00316662           0
Repeater1[0]<--->HoM1[0]
REAL
   0.504988  0.00702192   -0.010499    0.386928
 0.00702192  0.00872818   0.0125628 -0.00604042
  -0.010499   0.0125628   0.0074813 0.000611666
   0.386928 -0.00604042 0.000611666    0.478803
IMAGINARY
           0  -0.00760457   0.00829644   -0.0102018
  0.00760457            0  -0.00889293    0.0158152
 -0.00829644   0.00889293            0 -9.63824e-06
   0.0102018   -0.0158152  9.63824e-06            0
EndNode1[0]<--->Repeater1[0]
REAL
    0.480818   -0.0155393  -0.00696711     0.393283
  -0.0155393     0.011509   -0.0104112 -0.000589562
 -0.00696711   -0.0104112   0.00639386 -0.000833457
    0.393283 -0.000589562 -0.000833457     0.501279
IMAGINARY
          0 -0.00658253  -0.0059089 -0.00379894
 0.00658253           0   0.0125054   0.0151437
  0.0059089  -0.0125054           0 -0.00397156
 0.00379894  -0.0151437  0.00397156           0
EndNode2[0]<--->HoM1[0]
REAL
  0.474138 0.00840598 0.00809773   0.395061
0.00840598 0.00369458 0.00378623 -0.0177008
0.00809773 0.00378623 0.00492611 0.00375791
  0.395061 -0.0177008 0.00375791   0.517241
IMAGINARY
          0  -0.0109636 -0.00873689 -0.00299681
  0.0109636           0  0.00365212   0.0201463
 0.00873689 -0.00365212           0  0.00089653
 0.00299681  -0.0201463 -0.00089653           0
Repeater1[0]<--->EndNode1[0]
REAL
    0.480818  -0.00696711   -0.0155393     0.393283
 -0.00696711   0.00639386   -0.0104112 -0.000833457
  -0.0155393   -0.0104112     0.011509 -0.000589562
    0.393283 -0.000833457 -0.000589562     0.501279
IMAGINARY
          0  -0.0059089 -0.00658253 -0.00379894
  0.0059089           0  -0.0125054 -0.00397156
 0.00658253   0.0125054           0   0.0151437
 0.00379894  0.00397156  -0.0151437           0
Repeater1[0]<--->HoM1[0]
REAL
  0.474138 0.00809773 0.00840598   0.395061
0.00809773 0.00492611 0.00378623 0.00375791
0.00840598 0.00378623 0.00369458 -0.0177008
  0.395061 0.00375791 -0.0177008   0.517241
IMAGINARY
          0 -0.00873689  -0.0109636 -0.00299681
 0.00873689           0 -0.00365212  0.00089653
  0.0109636  0.00365212           0   0.0201463
 0.00299681 -0.00089653  -0.0201463           0
EndNode1[0]<--->Repeater1[0]
REAL
  0.465086  0.0030672 -0.0103006   0.390054
 0.0030672  0.0118577 0.00190533  0.0040192
-0.0103006 0.00190533 0.00658762 0.00572677
  0.390054  0.0040192 0.00572677   0.516469
IMAGINARY
          0   0.0365348  -0.0116449  0.00890585
 -0.0365348           0  0.00890585   -0.012989
  0.0116449 -0.00890585           0 -0.00124855
-0.00890585    0.012989  0.00124855           0
EndNode2[0]<--->HoM1[0]
REAL
    0.45502   0.0119739   0.0278414    0.389949
  0.0119739  0.00521512  0.00499294 -0.00644062
  0.0278414  0.00499294   0.0065189   0.0107239
   0.389949 -0.00644062   0.0107239    0.533246
IMAGINARY
          0    0.032926   -0.016339   0.0105636
  -0.032926           0 -0.00861803  -0.0057849
   0.016339  0.00861803           0   0.0106897
 -0.0105636   0.0057849  -0.0106897           0
Repeater1[0]<--->EndNode1[0]
REAL
  0.465086 -0.0103006  0.0030672   0.390054
-0.0103006 0.00658762 0.00190533 0.00572677
 0.0030672 0.00190533  0.0118577  0.0040192
  0.390054 0.00572677  0.0040192   0.516469
IMAGINARY
          0  -0.0116449   0.0365348  0.00890585
  0.0116449           0 -0.00890585 -0.00124855
 -0.0365348  0.00890585           0   -0.012989
-0.00890585  0.00124855    0.012989           0
Repeater1[0]<--->HoM1[0]
REAL
    0.45502   0.0278414   0.0119739    0.389949
  0.0278414   0.0065189  0.00499294   0.0107239
  0.0119739  0.00499294  0.00521512 -0.00644062
   0.389949   0.0107239 -0.00644062    0.533246
IMAGINARY
          0   -0.016339    0.032926   0.0105636
   0.016339           0  0.00861803   0.0106897
  -0.032926 -0.00861803           0  -0.0057849
 -0.0105636  -0.0106897   0.0057849           0
EndNode1[0]<--->Repeater1[0]
REAL
   0.500645    0.018019   0.0134057     0.39263
   0.018019  0.00258065 -0.00669865   0.0189137
  0.0134057 -0.00669865  0.00387097    0.021905
    0.39263   0.0189137    0.021905    0.492903
IMAGINARY
          0  0.00286869  -0.0037181  0.00427826
-0.00286869           0   0.0129631  0.00304696
  0.0037181  -0.0129631           0  -0.0142781
-0.00427826 -0.00304696   0.0142781           0
EndNode2[0]<--->HoM1[0]
REAL
    0.514993   0.00293876    0.0166647     0.404948
  0.00293876   0.00521512    0.0117188 -0.000791672
   0.0166647    0.0117188   0.00521512     0.014257
    0.404948 -0.000791672     0.014257     0.474576
IMAGINARY
           0 -0.000163409    0.0129272   -0.0089804
 0.000163409            0   0.00702473    0.0170207
  -0.0129272  -0.00702473            0   -0.0167637
   0.0089804   -0.0170207    0.0167637            0
Repeater1[0]<--->EndNode1[0]
REAL
   0.500645   0.0134057    0.018019     0.39263
  0.0134057  0.00387097 -0.00669865    0.021905
   0.018019 -0.00669865  0.00258065   0.0189137
    0.39263    0.021905   0.0189137    0.492903
IMAGINARY
          0  -0.0037181  0.00286869  0.00427826
  0.0037181           0  -0.0129631  -0.0142781
-0.00286869   0.0129631           0  0.00304696
-0.00427826   0.0142781 -0.00304696           0
Repeater1[0]<--->HoM1[0]
REAL
    0.514993    0.0166647   0.00293876     0.404948
   0.0166647   0.00521512    0.0117188     0.014257
  0.00293876    0.0117188   0.00521512 -0.000791672
    0.404948     0.014257 -0.000791672     0.474576
IMAGINARY
           0    0.0129272 -0.000163409   -0.0089804
  -0.0129272            0  -0.00702473   -0.0167637
 0.000163409   0.00702473            0    0.0170207
   0.0089804    0.0167637   -0.0170207            0
EndNode1[0]<--->Repeater1[0]
REAL
    0.50545  -0.0059371  0.00362513    0.391846
 -0.0059371   0.0027248 -0.00237263   -0.016783
 0.00362513 -0.00237263  0.00681199    0.019095
   0.391846   -0.016783    0.019095    0.485014
IMAGINARY
          0  -0.0236233   0.0191386   0.0137247
  0.0236233           0   0.0103869  -0.0172936
 -0.0191386  -0.0103869           0  0.00209812
 -0.0137247   0.0172936 -0.00209812           0
EndNode2[0]<--->HoM1[0]
REAL
    0.52725  -0.0175872 -0.00239192    0.398376
 -0.0175872  0.00506971  0.00775139  -0.0112978
-0.00239192  0.00775139  0.00633714   0.0143277
   0.398376  -0.0112978   0.0143277    0.461343
IMAGINARY
          0  0.00277984  -0.0202705   0.0103566
-0.00277984           0  0.00510729   0.0267809
  0.0202705 -0.00510729           0  -0.0197069
 -0.0103566  -0.0267809   0.0197069           0
Repeater1[0]<--->EndNode1[0]
REAL
    0.50545  0.00362513  -0.0059371    0.391846
 0.00362513  0.00681199 -0.00237263    0.019095
 -0.0059371 -0.00237263   0.0027248   -0.016783
   0.391846    0.019095   -0.016783    0.485014
IMAGINARY
          0   0.0191386  -0.0236233   0.0137247
 -0.0191386           0  -0.0103869  0.00209812
  0.0236233   0.0103869           0  -0.0172936
 -0.0137247 -0.00209812   0.0172936           0
Repeater1[0]<--->HoM1[0]
REAL
    0.52725 -0.00239192  -0.0175872    0.398376
-0.00239192  0.00633714  0.00775139   0.0143277
 -0.0175872  0.00775139  0.00506971  -0.0112978
   0.398376   0.0143277  -0.0112978    0.461343
IMAGINARY
          0  -0.0202705  0.00277984   0.0103566
  0.0202705           0 -0.00510729  -0.0197069
-0.00277984  0.00510729           0   0.0267809
 -0.0103566   0.0197069  -0.0267809           0
EndNode1[0]<--->Repeater1[0]
REAL
   0.503137  -0.0014316  0.00848055    0.388468
 -0.0014316  0.00627353  -0.0180741  -0.0205517
 0.00848055  -0.0180741  0.00878294 -0.00809826
   0.388468  -0.0205517 -0.00809826    0.481807
IMAGINARY
          0  -0.0128282 -0.00339327  -0.0109701
  0.0128282           0  -0.0176368   0.0280929
 0.00339327   0.0176368           0 -0.00653096
  0.0109701  -0.0280929  0.00653096           0
EndNode2[0]<--->HoM1[0]
REAL
   0.514851 -0.00349154  -0.0273835    0.386522
-0.00349154  0.00618812 -0.00856433   0.0155528
 -0.0273835 -0.00856433   0.0049505  0.00162355
   0.386522   0.0155528  0.00162355     0.47401
IMAGINARY
           0   0.00609035   -0.0156728   -0.0202899
 -0.00609035            0   -0.0130435 -0.000927479
   0.0156728    0.0130435            0    0.0198061
   0.0202899  0.000927479   -0.0198061            0
Repeater1[0]<--->EndNode1[0]
REAL
   0.503137  0.00848055  -0.0014316    0.388468
 0.00848055  0.00878294  -0.0180741 -0.00809826
 -0.0014316  -0.0180741  0.00627353  -0.0205517
   0.388468 -0.00809826  -0.0205517    0.481807
IMAGINARY
          0 -0.00339327  -0.0128282  -0.0109701
 0.00339327           0   0.0176368 -0.00653096
  0.0128282  -0.0176368           0   0.0280929
  0.0109701  0.00653096  -0.0280929           0
Repeater1[0]<--->HoM1[0]
REAL
   0.514851  -0.0273835 -0.00349154    0.386522
 -0.0273835   0.0049505 -0.00856433  0.00162355
-0.00349154 -0.00856433  0.00618812   0.0155528
   0.386522  0.00162355   0.0155528     0.47401
IMAGINARY
           0   -0.0156728   0.00609035   -0.0202899
   0.0156728            0    0.0130435    0.0198061
 -0.00609035   -0.0130435            0 -0.000927479
   0.0202899   -0.0198061  0.000927479            0
EndNode1[0]<--->Repeater1[0]
REAL
   0.553459   0.0115407 -0.00362853    0.391086
  0.0115407  0.00754717  -0.0119363 0.000308477
-0.00362853  -0.0119363  0.00377358 -0.00556458
   0.391086 0.000308477 -0.00556458     0.43522
IMAGINARY
          0  0.00535066  0.00597425    0.011456
-0.00535066           0 -0.00892439  0.00536076
-0.00597425  0.00892439           0  0.00220601
  -0.011456 -0.00536076 -0.00220601           0
EndNode2[0]<--->HoM1[0]
REAL
    0.505089    0.0101809 -6.81623e-05     0.381398
   0.0101809   0.00381679   0.00496526   0.00764392
-6.81623e-05   0.00496526    0.0152672  -0.00260512
    0.381398   0.00764392  -0.00260512     0.475827
IMAGINARY
           0  -0.00884599  0.000841974   -0.0235036
  0.00884599            0  -0.00036736   0.00743828
-0.000841974   0.00036736            0  -0.00325592
   0.0235036  -0.00743828   0.00325592            0
Repeater1[0]<--->EndNode1[0]
REAL
   0.553459 -0.00362853   0.0115407    0.391086
-0.00362853  0.00377358  -0.0119363 -0.00556458
  0.0115407  -0.0119363  0.00754717 0.000308477
   0.391086 -0.00556458 0.000308477     0.43522
IMAGINARY
          0  0.00597425  0.00535066    0.011456
-0.00597425           0  0.00892439  0.00220601
-0.00535066 -0.00892439           0  0.00536076
  -0.011456 -0.00220601 -0.00536076           0
Repeater1[0]<--->HoM1[0]
REAL
    0.505089 -6.81623e-05    0.0101809     0.381398
-6.81623e-05    0.0152672   0.00496526  -0.00260512
   0.0101809   0.00496526   0.00381679   0.00764392
    0.381398  -0.00260512   0.00764392     0.475827
IMAGINARY
           0  0.000841974  -0.00884599   -0.0235036
-0.000841974            0   0.00036736  -0.00325592
  0.00884599  -0.00036736            0   0.00743828
   0.0235036   0.00325592  -0.00743828            0
EndNode1[0]<--->Repeater1[0]
REAL
    0.474227   0.00670969   0.00303151     0.396873
  0.00670969   0.00773196 -0.000596722   0.00494722
  0.00303151 -0.000596722   0.00257732   0.00924776
    0.396873   0.00494722   0.00924776     0.515464
IMAGINARY
           0    0.0164024    0.0112083  0.000121441
  -0.0164024            0   0.00253108  -0.00255317
  -0.0112083  -0.00253108            0   -0.0290522
-0.000121441   0.00255317    0.0290522            0
EndNode2[0]<--->HoM1[0]
REAL
  0.507634  0.0129489 0.00416722   0.390369
 0.0129489 0.00636132  0.0108814  0.0120828
0.00416722  0.0108814 0.00508906 0.00705111
  0.390369  0.0120828 0.00705111   0.480916
IMAGINARY
          0  -0.0129692  0.00612769  -0.0189227
  0.0129692           0  -0.0241583  -0.0253585
-0.00612769   0.0241583           0   0.0168153
  0.0189227   0.0253585  -0.0168153           0
Repeater1[0]<--->EndNode1[0]
REAL
    0.474227   0.00303151   0.00670969     0.396873
  0.00303151   0.00257732 -0.000596722   0.00924776
  0.00670969 -0.000596722   0.00773196   0.00494722
    0.396873   0.00924776   0.00494722     0.515464
IMAGINARY
           0    0.0112083    0.0164024  0.000121441
  -0.0112083            0  -0.00253108   -0.0290522
  -0.0164024   0.00253108            0  -0.00255317
-0.000121441    0.0290522   0.00255317            0
Repeater1[0]<--->HoM1[0]
REAL
  0.507634 0.00416722  0.0129489   0.390369
0.00416722 0.00508906  0.0108814 0.00705111
 0.0129489  0.0108814 0.00636132  0.0120828
  0.390369 0.00705111  0.0120828   0.480916
IMAGINARY
          0  0.00612769  -0.0129692  -0.0189227
-0.00612769           0   0.0241583   0.0168153
  0.0129692  -0.0241583           0  -0.0253585
  0.0189227  -0.0168153   0.0253585           0
EndNode1[0]<--->Repeater1[0]
REAL
    0.507389   -0.0122424  -0.00863978     0.400578
  -0.0122424   0.00492611 -0.000577664   -0.0153602
 -0.00863978 -0.000577664   0.00369458   0.00290909
    0.400578   -0.0153602   0.00290909      0.48399
IMAGINARY
          0    0.016468 -0.00361269  -0.0123686
  -0.016468           0 -0.00920003    0.010673
 0.00361269  0.00920003           0  0.00599675
  0.0123686   -0.010673 -0.00599675           0
EndNode2[0]<--->HoM1[0]
REAL
  0.488801  0.0107383 0.00712664    0.39704
 0.0107383 0.00790514  0.0118141 0.00980044
0.00712664  0.0118141 0.00527009  0.0113971
   0.39704 0.00980044  0.0113971   0.498024
IMAGINARY
          0 -0.00967488   0.0163377  -0.0171194
 0.00967488           0   -0.020396 -0.00107521
 -0.0163377    0.020396           0  0.00662238
  0.0171194  0.00107521 -0.00662238           0
Repeater1[0]<--->EndNode1[0]
REAL
    0.507389  -0.00863978   -0.0122424     0.400578
 -0.00863978   0.00369458 -0.000577664   0.00290909
  -0.0122424 -0.000577664   0.00492611   -0.0153602
    0.400578   0.00290909   -0.0153602      0.48399
IMAGINARY
          0 -0.00361269    0.016468  -0.0123686
 0.00361269           0  0.00920003  0.00599675
  -0.016468 -0.00920003           0    0.010673
  0.0123686 -0.00599675   -0.010673           0
Repeater1[0]<--->HoM1[0]
REAL
  0.488801 0.00712664  0.0107383    0.39704
0.00712664 0.00527009  0.0118141  0.0113971
 0.0107383  0.0118141 0.00790514 0.00980044
   0.39704  0.0113971 0.00980044   0.498024
IMAGINARY
          0   0.0163377 -0.00967488  -0.0171194
 -0.0163377           0    0.020396  0.00662238
 0.00967488   -0.020396           0 -0.00107521
  0.0171194 -0.00662238  0.00107521           0
EndNode1[0]<--->Repeater1[0]
REAL
    0.489474 -0.000105238   -0.0103827     0.387516
-0.000105238   0.00394737   -0.0157885   0.00776494
  -0.0103827   -0.0157885    0.0118421  -0.00513036
    0.387516   0.00776494  -0.00513036     0.494737
IMAGINARY
           0   -0.0130223   0.00526382  -0.00413119
   0.0130223            0   -0.0109805   0.00391611
 -0.00526382    0.0109805            0  0.000170357
  0.00413119  -0.00391611 -0.000170357            0
EndNode2[0]<--->HoM1[0]
REAL
    0.469281  -0.00694769  -0.00832741     0.387638
 -0.00694769   0.00522876   0.00626083 -0.000956406
 -0.00832741   0.00626083   0.00653595  -0.00764117
    0.387638 -0.000956406  -0.00764117     0.518954
IMAGINARY
          0 -0.00816476    0.018875     -0.0197
 0.00816476           0  0.00629007 -0.00356888
  -0.018875 -0.00629007           0   0.0119913
     0.0197  0.00356888  -0.0119913           0
Repeater1[0]<--->EndNode1[0]
REAL
    0.489474   -0.0103827 -0.000105238     0.387516
  -0.0103827    0.0118421   -0.0157885  -0.00513036
-0.000105238   -0.0157885   0.00394737   0.00776494
    0.387516  -0.00513036   0.00776494     0.494737
IMAGINARY
           0   0.00526382   -0.0130223  -0.00413119
 -0.00526382            0    0.0109805  0.000170357
   0.0130223   -0.0109805            0   0.00391611
  0.00413119 -0.000170357  -0.00391611            0
Repeater1[0]<--->HoM1[0]
REAL
    0.469281  -0.00832741  -0.00694769     0.387638
 -0.00832741   0.00653595   0.00626083  -0.00764117
 -0.00694769   0.00626083   0.00522876 -0.000956406
    0.387638  -0.00764117 -0.000956406     0.518954
IMAGINARY
          0    0.018875 -0.00816476     -0.0197
  -0.018875           0 -0.00629007   0.0119913
 0.00816476  0.00629007           0 -0.00356888
     0.0197  -0.0119913  0.00356888           0
EndNode1[0]<--->Repeater1[0]
REAL
   0.46991  -0.026217 -0.0197611   0.397094
 -0.026217 0.00128041 -0.0088032  0.0042833
-0.0197611 -0.0088032 0.00768246 0.00400972
  0.397094  0.0042833 0.00400972   0.521127
IMAGINARY
          0    0.023956  -0.0133004   0.0104425
  -0.023956           0  -0.0084017  -0.0199493
  0.0133004   0.0084017           0 -0.00701747
 -0.0104425   0.0199493  0.00701747           0
EndNode2[0]<--->HoM1[0]
REAL
   0.505777 -0.00364003 0.000409769    0.391036
-0.00364003   0.0102696   0.0022976 -0.00840977
0.000409769   0.0022976  0.00385109  -0.0096933
   0.391036 -0.00840977  -0.0096933    0.480103
IMAGINARY
          0   0.0266196  -0.0328913 -0.00102726
 -0.0266196           0  0.00344272 -0.00577903
  0.0328913 -0.00344272           0  0.00119587
 0.00102726  0.00577903 -0.00119587           0
Repeater1[0]<--->EndNode1[0]
REAL
   0.46991 -0.0197611  -0.026217   0.397094
-0.0197611 0.00768246 -0.0088032 0.00400972
 -0.026217 -0.0088032 0.00128041  0.0042833
  0.397094 0.00400972  0.0042833   0.521127
IMAGINARY
          0  -0.0133004    0.023956   0.0104425
  0.0133004           0   0.0084017 -0.00701747
  -0.023956  -0.0084017           0  -0.0199493
 -0.0104425  0.00701747   0.0199493           0
Repeater1[0]<--->HoM1[0]
REAL
   0.505777 0.000409769 -0.00364003    0.391036
0.000409769  0.00385109   0.0022976  -0.0096933
-0.00364003   0.0022976   0.0102696 -0.00840977
   0.391036  -0.0096933 -0.00840977    0.480103
IMAGINARY
          0  -0.0328913   0.0266196 -0.00102726
  0.0328913           0 -0.00344272  0.00119587
 -0.0266196  0.00344272           0 -0.00577903
 0.00102726 -0.00119587  0.00577903           0
EndNode1[0]<--->Repeater1[0]
REAL
   0.490979  0.00129481   0.0251558    0.392731
 0.00129481  0.00257732  0.00251903  -0.0160206
  0.0251558  0.00251903  0.00515464 -0.00921199
   0.392731  -0.0160206 -0.00921199    0.501289
IMAGINARY
          0   0.0139687   0.0161972   0.0161702
 -0.0139687           0   0.0123823  0.00628962
 -0.0161972  -0.0123823           0  -0.0113232
 -0.0161702 -0.00628962   0.0113232           0
EndNode2[0]<--->HoM1[0]
REAL
  0.505689 0.00453927 0.00117347   0.392837
0.00453927 0.00505689 0.00553159 -0.0206214
0.00117347 0.00553159 0.00758534 -0.0101854
  0.392837 -0.0206214 -0.0101854   0.481669
IMAGINARY
           0 -0.000998593    0.0130988   0.00121248
 0.000998593            0   -0.0193003   0.00374054
  -0.0130988    0.0193003            0   -0.0093641
 -0.00121248  -0.00374054    0.0093641            0
Repeater1[0]<--->EndNode1[0]
REAL
   0.490979   0.0251558  0.00129481    0.392731
  0.0251558  0.00515464  0.00251903 -0.00921199
 0.00129481  0.00251903  0.00257732  -0.0160206
   0.392731 -0.00921199  -0.0160206    0.501289
IMAGINARY
          0   0.0161972   0.0139687   0.0161702
 -0.0161972           0  -0.0123823  -0.0113232
 -0.0139687   0.0123823           0  0.00628962
 -0.0161702   0.0113232 -0.00628962           0
Repeater1[0]<--->HoM1[0]
REAL
  0.505689 0.00117347 0.00453927   0.392837
0.00117347 0.00758534 0.00553159 -0.0101854
0.00453927 0.00553159 0.00505689 -0.0206214
  0.392837 -0.0101854 -0.0206214   0.481669
IMAGINARY
           0    0.0130988 -0.000998593   0.00121248
  -0.0130988            0    0.0193003   -0.0093641
 0.000998593   -0.0193003            0   0.00374054
 -0.00121248    0.0093641  -0.00374054            0
EndNode1[0]<--->Repeater1[0]
REAL
   0.52267  0.0120331 -0.0225532   0.398612
 0.0120331 0.00125945 0.00515899  0.0128003
-0.0225532 0.00515899 0.00251889 -0.0113829
  0.398612  0.0128003 -0.0113829   0.473552
IMAGINARY
           0  -0.00346566    0.0122042   0.00825801
  0.00346566            0   0.00701423    0.0051257
  -0.0122042  -0.00701423            0  0.000256421
 -0.00825801   -0.0051257 -0.000256421            0
EndNode2[0]<--->HoM1[0]
REAL
   0.488889  0.00257794  0.00952748    0.383196
 0.00257794  0.00653595  -0.0126375  0.00570095
 0.00952748  -0.0126375  0.00653595 -3.9865e-05
   0.383196  0.00570095 -3.9865e-05    0.498039
IMAGINARY
          0  0.00379219 -0.00794964    0.014262
-0.00379219           0 -0.00906716  -0.0115816
 0.00794964  0.00906716           0   0.0105307
  -0.014262   0.0115816  -0.0105307           0
Repeater1[0]<--->EndNode1[0]
REAL
   0.52267 -0.0225532  0.0120331   0.398612
-0.0225532 0.00251889 0.00515899 -0.0113829
 0.0120331 0.00515899 0.00125945  0.0128003
  0.398612 -0.0113829  0.0128003   0.473552
IMAGINARY
           0    0.0122042  -0.00346566   0.00825801
  -0.0122042            0  -0.00701423  0.000256421
  0.00346566   0.00701423            0    0.0051257
 -0.00825801 -0.000256421   -0.0051257            0
Repeater1[0]<--->HoM1[0]
REAL
   0.488889  0.00952748  0.00257794    0.383196
 0.00952748  0.00653595  -0.0126375 -3.9865e-05
 0.00257794  -0.0126375  0.00653595  0.00570095
   0.383196 -3.9865e-05  0.00570095    0.498039
IMAGINARY
          0 -0.00794964  0.00379219    0.014262
 0.00794964           0  0.00906716   0.0105307
-0.00379219 -0.00906716           0  -0.0115816
  -0.014262  -0.0105307   0.0115816           0
EndNode1[0]<--->Repeater1[0]
REAL
   0.515489  -0.0148757 0.000908116     0.39256
 -0.0148757  0.00247831  -0.0110691 -0.00556857
0.000908116  -0.0110691  0.00619579 -0.00443186
    0.39256 -0.00556857 -0.00443186    0.475836
IMAGINARY
         0  0.0197534 -0.0127496 -0.0041799
-0.0197534          0  0.0213303  0.0246395
 0.0127496 -0.0213303          0 -0.0228823
 0.0041799 -0.0246395  0.0228823          0
EndNode2[0]<--->HoM1[0]
REAL
   0.465116 -0.00172871  -0.0138459    0.399497
-0.00172871  0.00244798 -0.00216347 -0.00215406
 -0.0138459 -0.00216347  0.00856793 -0.00493795
   0.399497 -0.00215406 -0.00493795    0.523868
IMAGINARY
          0   0.0243035 -0.00704558  -0.0044524
 -0.0243035           0  0.00752743  0.00129845
 0.00704558 -0.00752743           0  -0.0198335
  0.0044524 -0.00129845   0.0198335           0
Repeater1[0]<--->EndNode1[0]
REAL
   0.515489 0.000908116  -0.0148757     0.39256
0.000908116  0.00619579  -0.0110691 -0.00443186
 -0.0148757  -0.0110691  0.00247831 -0.00556857
    0.39256 -0.00443186 -0.00556857    0.475836
IMAGINARY
         0 -0.0127496  0.0197534 -0.0041799
 0.0127496          0 -0.0213303 -0.0228823
-0.0197534  0.0213303          0  0.0246395
 0.0041799  0.0228823 -0.0246395          0
Repeater1[0]<--->HoM1[0]
REAL
   0.465116  -0.0138459 -0.00172871    0.399497
 -0.0138459  0.00856793 -0.00216347 -0.00493795
-0.00172871 -0.00216347  0.00244798 -0.00215406
   0.399497 -0.00493795 -0.00215406    0.523868
IMAGINARY
          0 -0.00704558   0.0243035  -0.0044524
 0.00704558           0 -0.00752743  -0.0198335
 -0.0243035  0.00752743           0  0.00129845
  0.0044524   0.0198335 -0.00129845           0
EndNode1[0]<--->Repeater1[0]
REAL
    0.514286    0.0005353   0.00373154      0.40358
   0.0005353   0.00649351   0.00764081 -0.000648931
  0.00373154   0.00764081   0.00519481   0.00994559
     0.40358 -0.000648931   0.00994559     0.474026
IMAGINARY
           0  -0.00540674   0.00326225  -0.00923308
  0.00540674            0   -0.0105558  0.000544858
 -0.00326225    0.0105558            0   0.00159963
  0.00923308 -0.000544858  -0.00159963            0
EndNode2[0]<--->HoM1[0]
REAL
   0.504938   0.0049023  0.00437346    0.389628
  0.0049023  0.00493827 -0.00674509  0.00013104
 0.00437346 -0.00674509   0.0037037  -0.0119808
   0.389628  0.00013104  -0.0119808     0.48642
IMAGINARY
          0   0.0252521  -0.0152546  0.00630855
 -0.0252521           0   0.0148725 -0.00935681
  0.0152546  -0.0148725           0  0.00713131
-0.00630855  0.00935681 -0.00713131           0
Repeater1[0]<--->EndNode1[0]
REAL
    0.514286   0.00373154    0.0005353      0.40358
  0.00373154   0.00519481   0.00764081   0.00994559
   0.0005353   0.00764081   0.00649351 -0.000648931
     0.40358   0.00994559 -0.000648931     0.474026
IMAGINARY
           0   0.00326225  -0.00540674  -0.00923308
 -0.00326225            0    0.0105558   0.00159963
  0.00540674   -0.0105558            0  0.000544858
  0.00923308  -0.00159963 -0.000544858            0
Repeater1[0]<--->HoM1[0]
REAL
   0.504938  0.00437346   0.0049023    0.389628
 0.00437346   0.0037037 -0.00674509  -0.0119808
  0.0049023 -0.00674509  0.00493827  0.00013104
   0.389628  -0.0119808  0.00013104     0.48642
IMAGINARY
          0  -0.0152546   0.0252521  0.00630855
  0.0152546           0  -0.0148725  0.00713131
 -0.0252521   0.0148725           0 -0.00935681
-0.00630855 -0.00713131  0.00935681           0
EndNode1[0]<--->Repeater1[0]
REAL
   0.475325  -0.0190542 -0.00958341    0.402237
 -0.0190542  0.00519481  0.00384778  -0.0062896
-0.00958341  0.00384778  0.00779221  0.00185839
   0.402237  -0.0062896  0.00185839    0.511688
IMAGINARY
          0 -0.00954624 -0.00556488 -0.00156487
 0.00954624           0    0.012647  0.00618446
 0.00556488   -0.012647           0  0.00892666
 0.00156487 -0.00618446 -0.00892666           0
EndNode2[0]<--->HoM1[0]
REAL
   0.474868 0.000789346  0.00834831    0.389949
0.000789346    0.010582 -0.00818782   -0.011493
 0.00834831 -0.00818782  0.00396825   -0.003934
   0.389949   -0.011493   -0.003934    0.510582
IMAGINARY
          0 -0.00963428  -0.0167132  0.00749554
 0.00963428           0  0.00290838  0.00491196
  0.0167132 -0.00290838           0  0.00155975
-0.00749554 -0.00491196 -0.00155975           0
Repeater1[0]<--->EndNode1[0]
REAL
   0.475325 -0.00958341  -0.0190542    0.402237
-0.00958341  0.00779221  0.00384778  0.00185839
 -0.0190542  0.00384778  0.00519481  -0.0062896
   0.402237  0.00185839  -0.0062896    0.511688
IMAGINARY
          0 -0.00556488 -0.00954624 -0.00156487
 0.00556488           0   -0.012647  0.00892666
 0.00954624    0.012647           0  0.00618446
 0.00156487 -0.00892666 -0.00618446           0
Repeater1[0]<--->HoM1[0]
REAL
   0.474868  0.00834831 0.000789346    0.389949
 0.00834831  0.00396825 -0.00818782   -0.003934
0.000789346 -0.00818782    0.010582   -0.011493
   0.389949   -0.003934   -0.011493    0.510582
IMAGINARY
          0  -0.0167132 -0.00963428  0.00749554
  0.0167132           0 -0.00290838  0.00155975
 0.00963428  0.00290838           0  0.00491196
-0.00749554 -0.00155975 -0.00491196           0
EndNode1[0]<--->Repeater1[0]
REAL
   0.524523   0.0148307  0.00547976     0.38811
  0.0148307  0.00817439 -0.00961698   0.0133538
 0.00547976 -0.00961698   0.0027248   0.0161535
    0.38811   0.0133538   0.0161535    0.464578
IMAGINARY
          0  0.00996106   -0.012179    0.020787
-0.00996106           0    0.010959  0.00712854
   0.012179   -0.010959           0 -0.00112268
  -0.020787 -0.00712854  0.00112268           0
EndNode2[0]<--->HoM1[0]
REAL
   0.481988  -0.0136771    0.004116    0.394527
 -0.0136771  0.00124224 -0.00506025 -0.00216541
   0.004116 -0.00506025   0.0111801  0.00652494
   0.394527 -0.00216541  0.00652494     0.50559
IMAGINARY
           0   0.00589791  -0.00584594  -0.00384679
 -0.00589791            0 -4.93178e-05  -0.00584594
  0.00584594  4.93178e-05            0  -0.00658567
  0.00384679   0.00584594   0.00658567            0
Repeater1[0]<--->EndNode1[0]
REAL
   0.524523  0.00547976   0.0148307     0.38811
 0.00547976   0.0027248 -0.00961698   0.0161535
  0.0148307 -0.00961698  0.00817439   0.0133538
    0.38811   0.0161535   0.0133538    0.464578
IMAGINARY
          0   -0.012179  0.00996106    0.020787
   0.012179           0   -0.010959 -0.00112268
-0.00996106    0.010959           0  0.00712854
  -0.020787  0.00112268 -0.00712854           0
Repeater1[0]<--->HoM1[0]
REAL
   0.481988    0.004116  -0.0136771    0.394527
   0.004116   0.0111801 -0.00506025  0.00652494
 -0.0136771 -0.00506025  0.00124224 -0.00216541
   0.394527  0.00652494 -0.00216541     0.50559
IMAGINARY
           0  -0.00584594   0.00589791  -0.00384679
  0.00584594            0  4.93178e-05  -0.00658567
 -0.00589791 -4.93178e-05            0  -0.00584594
  0.00384679   0.00658567   0.00584594            0
EndNode1[0]<--->Repeater1[0]
REAL
   0.510856  0.00864295  0.00945027    0.387545
 0.00864295   0.0102171 -0.00316577   0.0120749
 0.00945027 -0.00316577   0.0063857   0.0251824
   0.387545   0.0120749   0.0251824    0.472542
IMAGINARY
           0    0.0130179 -0.000231072  -0.00181891
  -0.0130179            0   -0.0262857    0.0152584
 0.000231072    0.0262857            0  -0.00618735
  0.00181891   -0.0152584   0.00618735            0
EndNode2[0]<--->HoM1[0]
REAL
    0.49935  -0.0125798  -0.0243807     0.37685
 -0.0125798   0.0104031 -0.00588211 -0.00207095
 -0.0243807 -0.00588211  0.00520156  -0.0112912
    0.37685 -0.00207095  -0.0112912    0.485046
IMAGINARY
          0 -0.00298301  0.00576589 -0.00652646
 0.00298301           0   0.0179768  0.00454339
-0.00576589  -0.0179768           0  -0.0215015
 0.00652646 -0.00454339   0.0215015           0
Repeater1[0]<--->EndNode1[0]
REAL
   0.510856  0.00945027  0.00864295    0.387545
 0.00945027   0.0063857 -0.00316577   0.0251824
 0.00864295 -0.00316577   0.0102171   0.0120749
   0.387545   0.0251824   0.0120749    0.472542
IMAGINARY
           0 -0.000231072    0.0130179  -0.00181891
 0.000231072            0    0.0262857  -0.00618735
  -0.0130179   -0.0262857            0    0.0152584
  0.00181891   0.00618735   -0.0152584            0
Repeater1[0]<--->HoM1[0]
REAL
    0.49935  -0.0243807  -0.0125798     0.37685
 -0.0243807  0.00520156 -0.00588211  -0.0112912
 -0.0125798 -0.00588211   0.0104031 -0.00207095
    0.37685  -0.0112912 -0.00207095    0.485046
IMAGINARY
          0  0.00576589 -0.00298301 -0.00652646
-0.00576589           0  -0.0179768  -0.0215015
 0.00298301   0.0179768           0  0.00454339
 0.00652646   0.0215015 -0.00454339           0
EndNode1[0]<--->Repeater1[0]
REAL
    0.494987 -0.000939908  0.000943231     0.401783
-0.000939908   0.00626566   0.00152441   0.00669036
 0.000943231   0.00152441   0.00250627  -0.00414915
    0.401783   0.00669036  -0.00414915     0.496241
IMAGINARY
          0 -0.00872644  0.00485455  -0.0208947
 0.00872644           0 -0.00738117  0.00550814
-0.00485455  0.00738117           0 -0.00811294
  0.0208947 -0.00550814  0.00811294           0
EndNode2[0]<--->HoM1[0]
REAL
   0.501859   0.0408851  0.00466667       0.386
  0.0408851  0.00247831 -0.00866667  0.00466667
 0.00466667 -0.00866667  0.00495663 -0.00221839
      0.386  0.00466667 -0.00221839    0.490706
IMAGINARY
          0  -0.0105537   -0.020195   0.0100622
  0.0105537           0 -0.00884266  0.00286166
   0.020195  0.00884266           0   0.0185537
 -0.0100622 -0.00286166  -0.0185537           0
Repeater1[0]<--->EndNode1[0]
REAL
    0.494987  0.000943231 -0.000939908     0.401783
 0.000943231   0.00250627   0.00152441  -0.00414915
-0.000939908   0.00152441   0.00626566   0.00669036
    0.401783  -0.00414915   0.00669036     0.496241
IMAGINARY
          0  0.00485455 -0.00872644  -0.0208947
-0.00485455           0  0.00738117 -0.00811294
 0.00872644 -0.00738117           0  0.00550814
  0.0208947  0.00811294 -0.00550814           0
Repeater1[0]<--->HoM1[0]
REAL
   0.501859  0.00466667   0.0408851       0.386
 0.00466667  0.00495663 -0.00866667 -0.00221839
  0.0408851 -0.00866667  0.00247831  0.00466667
      0.386 -0.00221839  0.00466667    0.490706
IMAGINARY
          0   -0.020195  -0.0105537   0.0100622
   0.020195           0  0.00884266   0.0185537
  0.0105537 -0.00884266           0  0.00286166
 -0.0100622  -0.0185537 -0.00286166           0
EndNode1[0]<--->Repeater1[0]
REAL
         0.5 -0.000619142   0.00843361     0.397476
-0.000619142     0.011658  -0.00697447   0.00212048
  0.00843361  -0.00697447   0.00388601    0.0019384
    0.397476   0.00212048    0.0019384     0.484456
IMAGINARY
           0   -0.0085915    0.0114568    0.0155156
   0.0085915            0  0.000287177    0.0107945
  -0.0114568 -0.000287177            0   -0.0123509
  -0.0155156   -0.0107945    0.0123509            0
EndNode2[0]<--->HoM1[0]
REAL
  0.496571 -0.0131236 -0.0261474    0.39696
-0.0131236 0.00548697 0.00109855 0.00794351
-0.0261474 0.00109855  0.0150892  0.0094828
   0.39696 0.00794351  0.0094828   0.482853
IMAGINARY
          0  -0.0163202 -0.00391673 -0.00214527
  0.0163202           0  0.00975949 -0.00075617
 0.00391673 -0.00975949           0   0.0156526
 0.00214527  0.00075617  -0.0156526           0
Repeater1[0]<--->EndNode1[0]
REAL
         0.5   0.00843361 -0.000619142     0.397476
  0.00843361   0.00388601  -0.00697447    0.0019384
-0.000619142  -0.00697447     0.011658   0.00212048
    0.397476    0.0019384   0.00212048     0.484456
IMAGINARY
           0    0.0114568   -0.0085915    0.0155156
  -0.0114568            0 -0.000287177   -0.0123509
   0.0085915  0.000287177            0    0.0107945
  -0.0155156    0.0123509   -0.0107945            0
Repeater1[0]<--->HoM1[0]
REAL
  0.496571 -0.0261474 -0.0131236    0.39696
-0.0261474  0.0150892 0.00109855  0.0094828
-0.0131236 0.00109855 0.00548697 0.00794351
   0.39696  0.0094828 0.00794351   0.482853
IMAGINARY
          0 -0.00391673  -0.0163202 -0.00214527
 0.00391673           0 -0.00975949   0.0156526
  0.0163202  0.00975949           0 -0.00075617
 0.00214527  -0.0156526  0.00075617           0
