EndNode1[0]<--->Repeater1[0]
REAL
   0.460733    0.023792 -0.00242234    0.429432
   0.023792   0.0301047    0.020568   0.0336723
-0.00242234    0.020568   0.0209424    0.009958
   0.429432   0.0336723    0.009958     0.48822
IMAGINARY
           0    0.0195236    0.0167997  -0.00505412
  -0.0195236            0 -0.000279218  -0.00493948
  -0.0167997  0.000279218            0  -0.00266964
  0.00505412   0.00493948   0.00266964            0
EndNode2[0]<--->HoM1[0]
REAL
   0.425591 -0.00413648  -0.0142242    0.430315
-0.00413648   0.0222531   0.0150181  -0.0071091
 -0.0142242   0.0150181   0.0292072  -0.0211969
   0.430315  -0.0071091  -0.0211969    0.522949
IMAGINARY
           0    0.0113367    -0.015014    0.0106208
  -0.0113367            0   0.00324977  0.000475454
    0.015014  -0.00324977            0   0.00952294
  -0.0106208 -0.000475454  -0.00952294            0
Repeater1[0]<--->EndNode1[0]
REAL
   0.460733 -0.00242234    0.023792    0.429432
-0.00242234   0.0209424    0.020568    0.009958
   0.023792    0.020568   0.0301047   0.0336723
   0.429432    0.009958   0.0336723     0.48822
IMAGINARY
           0    0.0167997    0.0195236  -0.00505412
  -0.0167997            0  0.000279218  -0.00266964
  -0.0195236 -0.000279218            0  -0.00493948
  0.00505412   0.00266964   0.00493948            0
Repeater1[0]<--->HoM1[0]
REAL
   0.425591  -0.0142242 -0.00413648    0.430315
 -0.0142242   0.0292072   0.0150181  -0.0211969
-0.00413648   0.0150181   0.0222531  -0.0071091
   0.430315  -0.0211969  -0.0071091    0.522949
IMAGINARY
           0    -0.015014    0.0113367    0.0106208
    0.015014            0  -0.00324977   0.00952294
  -0.0113367   0.00324977            0  0.000475454
  -0.0106208  -0.00952294 -0.000475454            0
EndNode1[0]<--->Repeater1[0]
REAL
    0.484848  0.000625845   0.00698165     0.437396
 0.000625845    0.0252525    0.0130374  -0.00140544
  0.00698165    0.0130374    0.0391414 -6.26628e-06
    0.437396  -0.00140544 -6.26628e-06     0.450758
IMAGINARY
         0  0.0109314 -0.0203957 -0.0112995
-0.0109314          0  0.0151555 -0.0334505
 0.0203957 -0.0151555          0  0.0288122
 0.0112995  0.0334505 -0.0288122          0
EndNode2[0]<--->HoM1[0]
REAL
   0.488491 -0.00456634  0.00946033    0.438088
-0.00456634   0.0345269  0.00431356 -0.00455837
 0.00946033  0.00431356   0.0345269   0.0180467
   0.438088 -0.00455837   0.0180467    0.442455
IMAGINARY
          0  0.00997378 -0.00978383  -0.0109782
-0.00997378           0   -0.014795 -0.00412345
 0.00978383    0.014795           0  0.00393351
  0.0109782  0.00412345 -0.00393351           0
Repeater1[0]<--->EndNode1[0]
REAL
    0.484848   0.00698165  0.000625845     0.437396
  0.00698165    0.0391414    0.0130374 -6.26628e-06
 0.000625845    0.0130374    0.0252525  -0.00140544
    0.437396 -6.26628e-06  -0.00140544     0.450758
IMAGINARY
         0 -0.0203957  0.0109314 -0.0112995
 0.0203957          0 -0.0151555  0.0288122
-0.0109314  0.0151555          0 -0.0334505
 0.0112995 -0.0288122  0.0334505          0
Repeater1[0]<--->HoM1[0]
REAL
   0.488491  0.00946033 -0.00456634    0.438088
 0.00946033   0.0345269  0.00431356   0.0180467
-0.00456634  0.00431356   0.0345269 -0.00455837
   0.438088   0.0180467 -0.00455837    0.442455
IMAGINARY
          0 -0.00978383  0.00997378  -0.0109782
 0.00978383           0    0.014795  0.00393351
-0.00997378   -0.014795           0 -0.00412345
  0.0109782 -0.00393351  0.00412345           0
EndNode1[0]<--->Repeater1[0]
REAL
   0.490247 -0.00923376 -0.00699689    0.438992
-0.00923376   0.0182055   0.0177013  0.00830923
-0.00699689   0.0177013   0.0364109  0.00660908
   0.438992  0.00830923  0.00660908    0.455137
IMAGINARY
          0   0.0233295  -0.0324103   0.0186455
 -0.0233295           0   0.0155008 -0.00307357
  0.0324103  -0.0155008           0   0.0108641
 -0.0186455  0.00307357  -0.0108641           0
EndNode2[0]<--->HoM1[0]
REAL
  0.462217 0.00388129 0.00620498   0.433847
0.00388129  0.0390428  0.0206394 0.00874951
0.00620498  0.0206394  0.0377834 0.00197046
  0.433847 0.00874951 0.00197046   0.460957
IMAGINARY
          0 -0.00501252 -0.00731893  0.00512007
 0.00501252           0 -0.00390055 -0.00463076
 0.00731893  0.00390055           0   0.0257672
-0.00512007  0.00463076  -0.0257672           0
Repeater1[0]<--->EndNode1[0]
REAL
   0.490247 -0.00699689 -0.00923376    0.438992
-0.00699689   0.0364109   0.0177013  0.00660908
-0.00923376   0.0177013   0.0182055  0.00830923
   0.438992  0.00660908  0.00830923    0.455137
IMAGINARY
          0  -0.0324103   0.0233295   0.0186455
  0.0324103           0  -0.0155008   0.0108641
 -0.0233295   0.0155008           0 -0.00307357
 -0.0186455  -0.0108641  0.00307357           0
Repeater1[0]<--->HoM1[0]
REAL
  0.462217 0.00620498 0.00388129   0.433847
0.00620498  0.0377834  0.0206394 0.00197046
0.00388129  0.0206394  0.0390428 0.00874951
  0.433847 0.00197046 0.00874951   0.460957
IMAGINARY
          0 -0.00731893 -0.00501252  0.00512007
 0.00731893           0  0.00390055   0.0257672
 0.00501252 -0.00390055           0 -0.00463076
-0.00512007  -0.0257672  0.00463076           0
EndNode1[0]<--->Repeater1[0]
REAL
   0.431145 -0.00114895 -0.00258992    0.432379
-0.00114895     0.03861   0.0207895   0.0108544
-0.00258992   0.0207895    0.030888   0.0121682
   0.432379   0.0108544   0.0121682    0.499356
IMAGINARY
           0    0.0124399   -0.0200414   -0.0146089
  -0.0124399            0 -9.70045e-05   -0.0128141
   0.0200414  9.70045e-05            0    0.0060786
   0.0146089    0.0128141   -0.0060786            0
EndNode2[0]<--->HoM1[0]
REAL
    0.449937  0.000334668 -0.000262973     0.434706
 0.000334668    0.0278834    0.0115306    0.0069834
-0.000262973    0.0115306    0.0304183  -0.00167875
    0.434706    0.0069834  -0.00167875     0.491762
IMAGINARY
          0  0.00636209 -0.00838561   0.0146058
-0.00636209           0   0.0115755  0.00390417
 0.00838561  -0.0115755           0  0.00324099
 -0.0146058 -0.00390417 -0.00324099           0
Repeater1[0]<--->EndNode1[0]
REAL
   0.431145 -0.00258992 -0.00114895    0.432379
-0.00258992    0.030888   0.0207895   0.0121682
-0.00114895   0.0207895     0.03861   0.0108544
   0.432379   0.0121682   0.0108544    0.499356
IMAGINARY
           0   -0.0200414    0.0124399   -0.0146089
   0.0200414            0  9.70045e-05    0.0060786
  -0.0124399 -9.70045e-05            0   -0.0128141
   0.0146089   -0.0060786    0.0128141            0
Repeater1[0]<--->HoM1[0]
REAL
    0.449937 -0.000262973  0.000334668     0.434706
-0.000262973    0.0304183    0.0115306  -0.00167875
 0.000334668    0.0115306    0.0278834    0.0069834
    0.434706  -0.00167875    0.0069834     0.491762
IMAGINARY
          0 -0.00838561  0.00636209   0.0146058
 0.00838561           0  -0.0115755  0.00324099
-0.00636209   0.0115755           0  0.00390417
 -0.0146058 -0.00324099 -0.00390417           0
EndNode1[0]<--->Repeater1[0]
REAL
  0.432466 -0.0198614 -0.0286923   0.438575
-0.0198614  0.0334572  0.0137428 -0.0130296
-0.0286923  0.0137428  0.0297398 -0.0245095
  0.438575 -0.0130296 -0.0245095   0.504337
IMAGINARY
           0  -0.00196948   0.00638669     0.007333
  0.00196948            0    0.0117025  0.000995857
 -0.00638669   -0.0117025            0 -4.39386e-05
   -0.007333 -0.000995857  4.39386e-05            0
EndNode2[0]<--->HoM1[0]
REAL
    0.48715  -0.0168211 0.000591828     0.43859
 -0.0168211   0.0338785  0.00116943   0.0162756
0.000591828  0.00116943   0.0268692   0.0216404
    0.43859   0.0162756   0.0216404    0.452103
IMAGINARY
          0  0.00437299 -0.00390607 -0.00358036
-0.00437299           0  0.00161444  0.00454464
 0.00390607 -0.00161444           0  0.00648269
 0.00358036 -0.00454464 -0.00648269           0
Repeater1[0]<--->EndNode1[0]
REAL
  0.432466 -0.0286923 -0.0198614   0.438575
-0.0286923  0.0297398  0.0137428 -0.0245095
-0.0198614  0.0137428  0.0334572 -0.0130296
  0.438575 -0.0245095 -0.0130296   0.504337
IMAGINARY
           0   0.00638669  -0.00196948     0.007333
 -0.00638669            0   -0.0117025 -4.39386e-05
  0.00196948    0.0117025            0  0.000995857
   -0.007333  4.39386e-05 -0.000995857            0
Repeater1[0]<--->HoM1[0]
REAL
    0.48715 0.000591828  -0.0168211     0.43859
0.000591828   0.0268692  0.00116943   0.0216404
 -0.0168211  0.00116943   0.0338785   0.0162756
    0.43859   0.0216404   0.0162756    0.452103
IMAGINARY
          0 -0.00390607  0.00437299 -0.00358036
 0.00390607           0 -0.00161444  0.00648269
-0.00437299  0.00161444           0  0.00454464
 0.00358036 -0.00648269 -0.00454464           0
EndNode1[0]<--->Repeater1[0]
REAL
   0.484663   0.0100994 -0.00163913    0.432916
  0.0100994   0.0257669   0.0160365  0.00294803
-0.00163913   0.0160365   0.0220859 0.000371789
   0.432916  0.00294803 0.000371789    0.467485
IMAGINARY
          0  -0.0186518   0.0304954 -0.00689579
  0.0186518           0 -0.00176758 -0.00364116
 -0.0304954  0.00176758           0 -0.00436609
 0.00689579  0.00364116  0.00436609           0
EndNode2[0]<--->HoM1[0]
REAL
  0.470822  0.0012076 -0.0351542   0.439347
 0.0012076   0.030504  0.0163724 -0.0109712
-0.0351542  0.0163724  0.0318302  -0.039953
  0.439347 -0.0109712  -0.039953   0.466844
IMAGINARY
           0   -0.0131583   0.00646772  0.000989799
   0.0131583            0  -0.00672228  -0.00314767
 -0.00646772   0.00672228            0  -0.00609799
-0.000989799   0.00314767   0.00609799            0
Repeater1[0]<--->EndNode1[0]
REAL
   0.484663 -0.00163913   0.0100994    0.432916
-0.00163913   0.0220859   0.0160365 0.000371789
  0.0100994   0.0160365   0.0257669  0.00294803
   0.432916 0.000371789  0.00294803    0.467485
IMAGINARY
          0   0.0304954  -0.0186518 -0.00689579
 -0.0304954           0  0.00176758 -0.00436609
  0.0186518 -0.00176758           0 -0.00364116
 0.00689579  0.00436609  0.00364116           0
Repeater1[0]<--->HoM1[0]
REAL
  0.470822 -0.0351542  0.0012076   0.439347
-0.0351542  0.0318302  0.0163724  -0.039953
 0.0012076  0.0163724   0.030504 -0.0109712
  0.439347  -0.039953 -0.0109712   0.466844
IMAGINARY
           0   0.00646772   -0.0131583  0.000989799
 -0.00646772            0   0.00672228  -0.00609799
   0.0131583  -0.00672228            0  -0.00314767
-0.000989799   0.00609799   0.00314767            0
EndNode1[0]<--->Repeater1[0]
REAL
   0.461047  0.00129199  -0.0190356    0.427426
 0.00129199   0.0306513  0.00926697 -0.00809614
 -0.0190356  0.00926697   0.0268199  -0.0193798
   0.427426 -0.00809614  -0.0193798    0.481481
IMAGINARY
          0  0.00959079    0.016097  -0.0208084
-0.00959079           0   -0.017132 -0.00586682
  -0.016097    0.017132           0 -0.00959079
  0.0208084  0.00586682  0.00959079           0
EndNode2[0]<--->HoM1[0]
REAL
  0.488801 -0.0131308  0.0158839   0.428933
-0.0131308  0.0263505  0.0111948  -0.015247
 0.0158839  0.0111948  0.0263505  0.0099461
  0.428933  -0.015247  0.0099461   0.458498
IMAGINARY
          0  0.00640595  -0.0130818  -0.0109377
-0.00640595           0 -0.00891341  0.00665505
  0.0130818  0.00891341           0  0.00516217
  0.0109377 -0.00665505 -0.00516217           0
Repeater1[0]<--->EndNode1[0]
REAL
   0.461047  -0.0190356  0.00129199    0.427426
 -0.0190356   0.0268199  0.00926697  -0.0193798
 0.00129199  0.00926697   0.0306513 -0.00809614
   0.427426  -0.0193798 -0.00809614    0.481481
IMAGINARY
          0    0.016097  0.00959079  -0.0208084
  -0.016097           0    0.017132 -0.00959079
-0.00959079   -0.017132           0 -0.00586682
  0.0208084  0.00959079  0.00586682           0
Repeater1[0]<--->HoM1[0]
REAL
  0.488801  0.0158839 -0.0131308   0.428933
 0.0158839  0.0263505  0.0111948  0.0099461
-0.0131308  0.0111948  0.0263505  -0.015247
  0.428933  0.0099461  -0.015247   0.458498
IMAGINARY
          0  -0.0130818  0.00640595  -0.0109377
  0.0130818           0  0.00891341  0.00516217
-0.00640595 -0.00891341           0  0.00665505
  0.0109377 -0.00516217 -0.00665505           0
EndNode1[0]<--->Repeater1[0]
REAL
   0.492994  0.00715952 -0.00582582     0.43654
 0.00715952   0.0267516   0.0227693 -0.00712116
-0.00582582   0.0227693   0.0216561  -0.0164074
    0.43654 -0.00712116  -0.0164074    0.458599
IMAGINARY
          0 -0.00832565   -0.010827   0.0118265
 0.00832565           0  -0.0145587  0.00374845
   0.010827   0.0145587           0 -0.00390087
 -0.0118265 -0.00374845  0.00390087           0
EndNode2[0]<--->HoM1[0]
REAL
    0.448319 -0.000340449  0.000534336     0.448485
-0.000340449    0.0323786   0.00990055   0.00640135
 0.000534336   0.00990055    0.0286426   -0.0015511
    0.448485   0.00640135   -0.0015511      0.49066
IMAGINARY
          0   0.0141368  -0.0145298  0.00619584
 -0.0141368           0     0.01364  0.00318135
  0.0145298    -0.01364           0 -0.00545861
-0.00619584 -0.00318135  0.00545861           0
Repeater1[0]<--->EndNode1[0]
REAL
   0.492994 -0.00582582  0.00715952     0.43654
-0.00582582   0.0216561   0.0227693  -0.0164074
 0.00715952   0.0227693   0.0267516 -0.00712116
    0.43654  -0.0164074 -0.00712116    0.458599
IMAGINARY
          0   -0.010827 -0.00832565   0.0118265
   0.010827           0   0.0145587 -0.00390087
 0.00832565  -0.0145587           0  0.00374845
 -0.0118265  0.00390087 -0.00374845           0
Repeater1[0]<--->HoM1[0]
REAL
    0.448319  0.000534336 -0.000340449     0.448485
 0.000534336    0.0286426   0.00990055   -0.0015511
-0.000340449   0.00990055    0.0323786   0.00640135
    0.448485   -0.0015511   0.00640135      0.49066
IMAGINARY
          0  -0.0145298   0.0141368  0.00619584
  0.0145298           0    -0.01364 -0.00545861
 -0.0141368     0.01364           0  0.00318135
-0.00619584  0.00545861 -0.00318135           0
EndNode1[0]<--->Repeater1[0]
REAL
   0.473132  -0.0123169 -0.00690088    0.439242
 -0.0123169   0.0288336  0.00304192  -0.0188206
-0.00690088  0.00304192   0.0314548   -0.015914
   0.439242  -0.0188206   -0.015914    0.466579
IMAGINARY
          0  -0.0263851  0.00819444   0.0180306
  0.0263851           0   0.0225819   0.0119165
-0.00819444  -0.0225819           0  0.00904802
 -0.0180306  -0.0119165 -0.00904802           0
EndNode2[0]<--->HoM1[0]
REAL
   0.474555  0.00525405 -0.00253216    0.429117
 0.00525405   0.0356234   0.0179198  0.00946784
-0.00253216   0.0179198    0.024173 -0.00588457
   0.429117  0.00946784 -0.00588457    0.465649
IMAGINARY
          0   0.0168104  -0.0208797   0.0110961
 -0.0168104           0  0.00214473   0.0163752
  0.0208797 -0.00214473           0 -0.00329686
 -0.0110961  -0.0163752  0.00329686           0
Repeater1[0]<--->EndNode1[0]
REAL
   0.473132 -0.00690088  -0.0123169    0.439242
-0.00690088   0.0314548  0.00304192   -0.015914
 -0.0123169  0.00304192   0.0288336  -0.0188206
   0.439242   -0.015914  -0.0188206    0.466579
IMAGINARY
          0  0.00819444  -0.0263851   0.0180306
-0.00819444           0  -0.0225819  0.00904802
  0.0263851   0.0225819           0   0.0119165
 -0.0180306 -0.00904802  -0.0119165           0
Repeater1[0]<--->HoM1[0]
REAL
   0.474555 -0.00253216  0.00525405    0.429117
-0.00253216    0.024173   0.0179198 -0.00588457
 0.00525405   0.0179198   0.0356234  0.00946784
   0.429117 -0.00588457  0.00946784    0.465649
IMAGINARY
          0  -0.0208797   0.0168104   0.0110961
  0.0208797           0 -0.00214473 -0.00329686
 -0.0168104  0.00214473           0   0.0163752
 -0.0110961  0.00329686  -0.0163752           0
EndNode1[0]<--->Repeater1[0]
REAL
   0.429803 -0.00487892   0.0144547    0.438276
-0.00487892   0.0270936  0.00916183  0.00065703
  0.0144547  0.00916183   0.0320197  0.00947813
   0.438276  0.00065703  0.00947813    0.511084
IMAGINARY
          0    0.016773    0.021809 -0.00692705
  -0.016773           0  0.00754663  -0.0294039
  -0.021809 -0.00754663           0 -0.00411475
 0.00692705   0.0294039  0.00411475           0
EndNode2[0]<--->HoM1[0]
REAL
  0.469309 -0.0125635 0.00220272    0.43543
-0.0125635  0.0421995  0.0163125  0.0152236
0.00220272  0.0163125  0.0306905  0.0299897
   0.43543  0.0152236  0.0299897   0.457801
IMAGINARY
          0   0.0305625   -0.018891  0.00465556
 -0.0305625           0 -0.00656639 -0.00316778
   0.018891  0.00656639           0  -0.0158566
-0.00465556  0.00316778   0.0158566           0
Repeater1[0]<--->EndNode1[0]
REAL
   0.429803   0.0144547 -0.00487892    0.438276
  0.0144547   0.0320197  0.00916183  0.00947813
-0.00487892  0.00916183   0.0270936  0.00065703
   0.438276  0.00947813  0.00065703    0.511084
IMAGINARY
          0    0.021809    0.016773 -0.00692705
  -0.021809           0 -0.00754663 -0.00411475
  -0.016773  0.00754663           0  -0.0294039
 0.00692705  0.00411475   0.0294039           0
Repeater1[0]<--->HoM1[0]
REAL
  0.469309 0.00220272 -0.0125635    0.43543
0.00220272  0.0306905  0.0163125  0.0299897
-0.0125635  0.0163125  0.0421995  0.0152236
   0.43543  0.0299897  0.0152236   0.457801
IMAGINARY
          0   -0.018891   0.0305625  0.00465556
   0.018891           0  0.00656639  -0.0158566
 -0.0305625 -0.00656639           0 -0.00316778
-0.00465556   0.0158566  0.00316778           0
EndNode1[0]<--->Repeater1[0]
REAL
   0.463104  0.00602028  0.00908444    0.432633
 0.00602028   0.0203562    0.026304  -0.0114999
 0.00908444    0.026304   0.0279898 -0.00602028
   0.432633  -0.0114999 -0.00602028     0.48855
IMAGINARY
           0   -0.0070039  -0.00740166   -0.0242916
   0.0070039            0   0.00841863 -0.000193274
  0.00740166  -0.00841863            0   0.00953554
   0.0242916  0.000193274  -0.00953554            0
EndNode2[0]<--->HoM1[0]
REAL
   0.443089  0.00687027 -0.00075219    0.438752
 0.00687027   0.0392954   0.0143926 -0.00726261
-0.00075219   0.0143926   0.0365854 -0.00748679
   0.438752 -0.00726261 -0.00748679     0.48103
IMAGINARY
           0   0.00162399  0.000348054  -0.00262393
 -0.00162399            0  -0.00072279   0.00221605
-0.000348054   0.00072279            0 -0.000341936
  0.00262393  -0.00221605  0.000341936            0
Repeater1[0]<--->EndNode1[0]
REAL
   0.463104  0.00908444  0.00602028    0.432633
 0.00908444   0.0279898    0.026304 -0.00602028
 0.00602028    0.026304   0.0203562  -0.0114999
   0.432633 -0.00602028  -0.0114999     0.48855
IMAGINARY
           0  -0.00740166   -0.0070039   -0.0242916
  0.00740166            0  -0.00841863   0.00953554
   0.0070039   0.00841863            0 -0.000193274
   0.0242916  -0.00953554  0.000193274            0
Repeater1[0]<--->HoM1[0]
REAL
   0.443089 -0.00075219  0.00687027    0.438752
-0.00075219   0.0365854   0.0143926 -0.00748679
 0.00687027   0.0143926   0.0392954 -0.00726261
   0.438752 -0.00748679 -0.00726261     0.48103
IMAGINARY
           0  0.000348054   0.00162399  -0.00262393
-0.000348054            0   0.00072279 -0.000341936
 -0.00162399  -0.00072279            0   0.00221605
  0.00262393  0.000341936  -0.00221605            0
EndNode1[0]<--->Repeater1[0]
REAL
   0.448871  0.00288082  0.00426987    0.437256
 0.00288082   0.0305445   0.0120947  0.00871714
 0.00426987   0.0120947   0.0398406 -0.00417952
   0.437256  0.00871714 -0.00417952    0.480744
IMAGINARY
           0    0.0148872  0.000637369   0.00222745
  -0.0148872            0   -0.0152823  -0.00902447
-0.000637369    0.0152823            0   -0.0039195
 -0.00222745   0.00902447    0.0039195            0
EndNode2[0]<--->HoM1[0]
REAL
   0.465582 -0.00535809  -0.0175764    0.435524
-0.00535809    0.028786    0.021752 -0.00445301
 -0.0175764    0.021752   0.0325407  -0.0086606
   0.435524 -0.00445301  -0.0086606    0.473091
IMAGINARY
          0   0.0244578  -0.0130306  0.00382287
 -0.0244578           0 -0.00185178  0.00524617
  0.0130306  0.00185178           0  -0.0166733
-0.00382287 -0.00524617   0.0166733           0
Repeater1[0]<--->EndNode1[0]
REAL
   0.448871  0.00426987  0.00288082    0.437256
 0.00426987   0.0398406   0.0120947 -0.00417952
 0.00288082   0.0120947   0.0305445  0.00871714
   0.437256 -0.00417952  0.00871714    0.480744
IMAGINARY
           0  0.000637369    0.0148872   0.00222745
-0.000637369            0    0.0152823   -0.0039195
  -0.0148872   -0.0152823            0  -0.00902447
 -0.00222745    0.0039195   0.00902447            0
Repeater1[0]<--->HoM1[0]
REAL
   0.465582  -0.0175764 -0.00535809    0.435524
 -0.0175764   0.0325407    0.021752  -0.0086606
-0.00535809    0.021752    0.028786 -0.00445301
   0.435524  -0.0086606 -0.00445301    0.473091
IMAGINARY
          0  -0.0130306   0.0244578  0.00382287
  0.0130306           0  0.00185178  -0.0166733
 -0.0244578 -0.00185178           0  0.00524617
-0.00382287   0.0166733 -0.00524617           0
EndNode1[0]<--->Repeater1[0]
REAL
   0.45679 0.00833876   0.014786    0.42685
0.00833876  0.0382716  0.0104151 0.00340719
  0.014786  0.0104151  0.0320988  0.0173827
   0.42685 0.00340719  0.0173827    0.47284
IMAGINARY
           0 -0.000631313  -0.00446401   0.00546049
 0.000631313            0   0.00882523    0.0016785
  0.00446401  -0.00882523            0  0.000631313
 -0.00546049   -0.0016785 -0.000631313            0
EndNode2[0]<--->HoM1[0]
REAL
  0.462351 0.00677845 0.00561366   0.434056
0.00677845  0.0330251  0.0209565 -0.0133257
0.00561366  0.0209565  0.0277411 -0.0106345
  0.434056 -0.0133257 -0.0106345   0.476882
IMAGINARY
          0 -0.00999741   0.0019905 -0.00156629
 0.00999741           0  0.00222159  0.00514309
 -0.0019905 -0.00222159           0  -0.0139974
 0.00156629 -0.00514309   0.0139974           0
Repeater1[0]<--->EndNode1[0]
REAL
   0.45679   0.014786 0.00833876    0.42685
  0.014786  0.0320988  0.0104151  0.0173827
0.00833876  0.0104151  0.0382716 0.00340719
   0.42685  0.0173827 0.00340719    0.47284
IMAGINARY
           0  -0.00446401 -0.000631313   0.00546049
  0.00446401            0  -0.00882523  0.000631313
 0.000631313   0.00882523            0    0.0016785
 -0.00546049 -0.000631313   -0.0016785            0
Repeater1[0]<--->HoM1[0]
REAL
  0.462351 0.00561366 0.00677845   0.434056
0.00561366  0.0277411  0.0209565 -0.0106345
0.00677845  0.0209565  0.0330251 -0.0133257
  0.434056 -0.0106345 -0.0133257   0.476882
IMAGINARY
          0   0.0019905 -0.00999741 -0.00156629
 -0.0019905           0 -0.00222159  -0.0139974
 0.00999741  0.00222159           0  0.00514309
 0.00156629   0.0139974 -0.00514309           0
EndNode1[0]<--->Repeater1[0]
REAL
   0.449612 -0.00286624   0.0034463    0.431192
-0.00286624   0.0297158   0.0229477  -0.0193699
  0.0034463   0.0229477   0.0374677 -0.00286624
   0.431192  -0.0193699 -0.00286624    0.483204
IMAGINARY
          0  -0.0198183   0.0293305   0.0238785
  0.0198183           0  0.00516191  0.00657371
 -0.0293305 -0.00516191           0  -0.0253945
 -0.0238785 -0.00657371   0.0253945           0
EndNode2[0]<--->HoM1[0]
REAL
   0.468625  0.00353006 -0.00712799    0.436681
 0.00353006   0.0307076   0.0219223 -0.00774911
-0.00712799   0.0219223   0.0333778  -0.0106452
   0.436681 -0.00774911  -0.0106452     0.46729
IMAGINARY
          0  -0.0019084  0.00912409   0.0092122
  0.0019084           0   0.0092122 -0.00912409
-0.00912409  -0.0092122           0  -0.0019084
 -0.0092122  0.00912409   0.0019084           0
Repeater1[0]<--->EndNode1[0]
REAL
   0.449612   0.0034463 -0.00286624    0.431192
  0.0034463   0.0374677   0.0229477 -0.00286624
-0.00286624   0.0229477   0.0297158  -0.0193699
   0.431192 -0.00286624  -0.0193699    0.483204
IMAGINARY
          0   0.0293305  -0.0198183   0.0238785
 -0.0293305           0 -0.00516191  -0.0253945
  0.0198183  0.00516191           0  0.00657371
 -0.0238785   0.0253945 -0.00657371           0
Repeater1[0]<--->HoM1[0]
REAL
   0.468625 -0.00712799  0.00353006    0.436681
-0.00712799   0.0333778   0.0219223  -0.0106452
 0.00353006   0.0219223   0.0307076 -0.00774911
   0.436681  -0.0106452 -0.00774911     0.46729
IMAGINARY
          0  0.00912409  -0.0019084   0.0092122
-0.00912409           0  -0.0092122  -0.0019084
  0.0019084   0.0092122           0 -0.00912409
 -0.0092122   0.0019084  0.00912409           0
EndNode1[0]<--->Repeater1[0]
REAL
  0.476839 0.00122692  0.0277632   0.424253
0.00122692  0.0299728  0.0211527 0.00352846
 0.0277632  0.0211527  0.0326975  0.0234069
  0.424253 0.00352846  0.0234069    0.46049
IMAGINARY
          0  -0.0117962  0.00102668  0.00222216
  0.0117962           0    0.017929  0.00284928
-0.00102668   -0.017929           0  0.00662822
-0.00222216 -0.00284928 -0.00662822           0
EndNode2[0]<--->HoM1[0]
REAL
    0.47861  -0.0061615 -0.00958418     0.42851
 -0.0061615   0.0387701   0.0211025   0.0108762
-0.00958418   0.0211025   0.0347594   0.0113295
    0.42851   0.0108762   0.0113295    0.447861
IMAGINARY
          0 -0.00824256 -0.00317262   0.0132951
 0.00824256           0   0.0126516   0.0142837
 0.00317262  -0.0126516           0  -0.0115105
 -0.0132951  -0.0142837   0.0115105           0
Repeater1[0]<--->EndNode1[0]
REAL
  0.476839  0.0277632 0.00122692   0.424253
 0.0277632  0.0326975  0.0211527  0.0234069
0.00122692  0.0211527  0.0299728 0.00352846
  0.424253  0.0234069 0.00352846    0.46049
IMAGINARY
          0  0.00102668  -0.0117962  0.00222216
-0.00102668           0   -0.017929  0.00662822
  0.0117962    0.017929           0  0.00284928
-0.00222216 -0.00662822 -0.00284928           0
Repeater1[0]<--->HoM1[0]
REAL
    0.47861 -0.00958418  -0.0061615     0.42851
-0.00958418   0.0347594   0.0211025   0.0113295
 -0.0061615   0.0211025   0.0387701   0.0108762
    0.42851   0.0113295   0.0108762    0.447861
IMAGINARY
          0 -0.00317262 -0.00824256   0.0132951
 0.00317262           0  -0.0126516  -0.0115105
 0.00824256   0.0126516           0   0.0142837
 -0.0132951   0.0115105  -0.0142837           0
EndNode1[0]<--->Repeater1[0]
REAL
   0.446429 -0.00278128  0.00903382    0.431376
-0.00278128   0.0446429   0.0227401  -0.0232039
 0.00903382   0.0227401   0.0306122  -0.0140878
   0.431376  -0.0232039  -0.0140878    0.478316
IMAGINARY
          0   0.0147063 -0.00782385   -0.012317
 -0.0147063           0   0.0050129 -0.00531758
 0.00782385  -0.0050129           0  0.00218983
   0.012317  0.00531758 -0.00218983           0
EndNode2[0]<--->HoM1[0]
REAL
   0.472471 -0.00145566 -0.00433934    0.434161
-0.00145566   0.0268886   0.0124896 -0.00558622
-0.00433934   0.0124896   0.0332907   0.0101405
   0.434161 -0.00558622   0.0101405     0.46735
IMAGINARY
           0   0.00587127    0.0086988    0.0253279
 -0.00587127            0  -0.00919891  0.000439585
  -0.0086988   0.00919891            0   0.00326711
  -0.0253279 -0.000439585  -0.00326711            0
Repeater1[0]<--->EndNode1[0]
REAL
   0.446429  0.00903382 -0.00278128    0.431376
 0.00903382   0.0306122   0.0227401  -0.0140878
-0.00278128   0.0227401   0.0446429  -0.0232039
   0.431376  -0.0140878  -0.0232039    0.478316
IMAGINARY
          0 -0.00782385   0.0147063   -0.012317
 0.00782385           0  -0.0050129  0.00218983
 -0.0147063   0.0050129           0 -0.00531758
   0.012317 -0.00218983  0.00531758           0
Repeater1[0]<--->HoM1[0]
REAL
   0.472471 -0.00433934 -0.00145566    0.434161
-0.00433934   0.0332907   0.0124896   0.0101405
-0.00145566   0.0124896   0.0268886 -0.00558622
   0.434161   0.0101405 -0.00558622     0.46735
IMAGINARY
           0    0.0086988   0.00587127    0.0253279
  -0.0086988            0   0.00919891   0.00326711
 -0.00587127  -0.00919891            0  0.000439585
  -0.0253279  -0.00326711 -0.000439585            0
EndNode1[0]<--->Repeater1[0]
REAL
  0.434509 0.00607877  0.0154324   0.436594
0.00607877  0.0377834  0.0199275  0.0128943
 0.0154324  0.0199275  0.0365239  0.0288356
  0.436594  0.0128943  0.0288356   0.491184
IMAGINARY
          0  0.00503301  0.00060195   0.0159625
-0.00503301           0  -0.0206229  0.00318593
-0.00060195   0.0206229           0 -0.00882089
 -0.0159625 -0.00318593  0.00882089           0
EndNode2[0]<--->HoM1[0]
REAL
  0.458824  0.0291718 0.00963985   0.432859
 0.0291718  0.0313725  0.0197048  0.0160012
0.00963985  0.0197048   0.027451 0.00800773
  0.432859  0.0160012 0.00800773   0.482353
IMAGINARY
          0   0.0185874   0.0270286 -0.00133932
 -0.0185874           0 -0.00391002 -0.00467869
 -0.0270286  0.00391002           0  -0.0281659
 0.00133932  0.00467869   0.0281659           0
Repeater1[0]<--->EndNode1[0]
REAL
  0.434509  0.0154324 0.00607877   0.436594
 0.0154324  0.0365239  0.0199275  0.0288356
0.00607877  0.0199275  0.0377834  0.0128943
  0.436594  0.0288356  0.0128943   0.491184
IMAGINARY
          0  0.00060195  0.00503301   0.0159625
-0.00060195           0   0.0206229 -0.00882089
-0.00503301  -0.0206229           0  0.00318593
 -0.0159625  0.00882089 -0.00318593           0
Repeater1[0]<--->HoM1[0]
REAL
  0.458824 0.00963985  0.0291718   0.432859
0.00963985   0.027451  0.0197048 0.00800773
 0.0291718  0.0197048  0.0313725  0.0160012
  0.432859 0.00800773  0.0160012   0.482353
IMAGINARY
          0   0.0270286   0.0185874 -0.00133932
 -0.0270286           0  0.00391002  -0.0281659
 -0.0185874 -0.00391002           0 -0.00467869
 0.00133932   0.0281659  0.00467869           0
EndNode1[0]<--->Repeater1[0]
REAL
  0.483831 -0.0271465 -0.0262287   0.429085
-0.0271465  0.0136816  0.0115719  -0.025539
-0.0262287  0.0115719  0.0348259 -0.0334596
  0.429085  -0.025539 -0.0334596   0.467662
IMAGINARY
          0  0.00840922   0.0098266 -0.00734779
-0.00840922           0  0.00931888  0.00540182
 -0.0098266 -0.00931888           0  -0.0274448
 0.00734779 -0.00540182   0.0274448           0
EndNode2[0]<--->HoM1[0]
REAL
   0.461326   0.0106192  0.00343086    0.422288
  0.0106192   0.0207182   0.0145148 -0.00405044
 0.00343086   0.0145148   0.0331492  -0.0149562
   0.422288 -0.00405044  -0.0149562    0.484807
IMAGINARY
           0   -0.0132489    0.0110132   0.00477158
   0.0132489            0  -0.00225269  -0.00903692
  -0.0110132   0.00225269            0  0.000732445
 -0.00477158   0.00903692 -0.000732445            0
Repeater1[0]<--->EndNode1[0]
REAL
  0.483831 -0.0262287 -0.0271465   0.429085
-0.0262287  0.0348259  0.0115719 -0.0334596
-0.0271465  0.0115719  0.0136816  -0.025539
  0.429085 -0.0334596  -0.025539   0.467662
IMAGINARY
          0   0.0098266  0.00840922 -0.00734779
 -0.0098266           0 -0.00931888  -0.0274448
-0.00840922  0.00931888           0  0.00540182
 0.00734779   0.0274448 -0.00540182           0
Repeater1[0]<--->HoM1[0]
REAL
   0.461326  0.00343086   0.0106192    0.422288
 0.00343086   0.0331492   0.0145148  -0.0149562
  0.0106192   0.0145148   0.0207182 -0.00405044
   0.422288  -0.0149562 -0.00405044    0.484807
IMAGINARY
           0    0.0110132   -0.0132489   0.00477158
  -0.0110132            0   0.00225269  0.000732445
   0.0132489  -0.00225269            0  -0.00903692
 -0.00477158 -0.000732445   0.00903692            0
EndNode1[0]<--->Repeater1[0]
REAL
   0.470922  -0.0347293  -0.0198699    0.426869
 -0.0347293   0.0198582   0.0214286  -0.0211137
 -0.0198699   0.0214286   0.0297872 -0.00247122
   0.426869  -0.0211137 -0.00247122    0.479433
IMAGINARY
          0 -0.00140829   0.0236395  -0.0249648
 0.00140829           0  -0.0343987   0.0229926
 -0.0236395   0.0343987           0  -0.0283845
  0.0249648  -0.0229926   0.0283845           0
EndNode2[0]<--->HoM1[0]
REAL
  0.487013 0.00436037  -0.002011   0.436086
0.00436037  0.0272727  0.0196336 0.00385602
 -0.002011  0.0196336  0.0311688  0.0024047
  0.436086 0.00385602  0.0024047   0.454545
IMAGINARY
          0 -0.00255741  0.00804213 -0.00317259
 0.00255741           0 -0.00317259    0.003526
-0.00804213  0.00317259           0 -0.00772537
 0.00317259   -0.003526  0.00772537           0
Repeater1[0]<--->EndNode1[0]
REAL
   0.470922  -0.0198699  -0.0347293    0.426869
 -0.0198699   0.0297872   0.0214286 -0.00247122
 -0.0347293   0.0214286   0.0198582  -0.0211137
   0.426869 -0.00247122  -0.0211137    0.479433
IMAGINARY
          0   0.0236395 -0.00140829  -0.0249648
 -0.0236395           0   0.0343987  -0.0283845
 0.00140829  -0.0343987           0   0.0229926
  0.0249648   0.0283845  -0.0229926           0
Repeater1[0]<--->HoM1[0]
REAL
  0.487013  -0.002011 0.00436037   0.436086
 -0.002011  0.0311688  0.0196336  0.0024047
0.00436037  0.0196336  0.0272727 0.00385602
  0.436086  0.0024047 0.00385602   0.454545
IMAGINARY
          0  0.00804213 -0.00255741 -0.00317259
-0.00804213           0  0.00317259 -0.00772537
 0.00255741 -0.00317259           0    0.003526
 0.00317259  0.00772537   -0.003526           0
EndNode1[0]<--->Repeater1[0]
REAL
   0.478315  -0.0113539  0.00442227    0.432746
 -0.0113539   0.0359356   0.0185365 -0.00570432
 0.00442227   0.0185365   0.0359356    0.012636
   0.432746 -0.00570432    0.012636    0.449814
IMAGINARY
          0  -0.0197678  0.00465365 -0.00279931
  0.0197678           0 -0.00601681   0.0141131
-0.00465365  0.00601681           0 -0.00167993
 0.00279931  -0.0141131  0.00167993           0
EndNode2[0]<--->HoM1[0]
REAL
   0.479632 -0.00169407  0.00633929    0.434496
-0.00169407    0.021025   0.0162567  0.00118465
 0.00633929   0.0162567   0.0249671  0.00648203
   0.434496  0.00118465  0.00648203    0.474376
IMAGINARY
          0  -0.0144281   0.0114797  0.00807619
  0.0144281           0  -0.0061357  -0.0196558
 -0.0114797   0.0061357           0  0.00876775
-0.00807619   0.0196558 -0.00876775           0
Repeater1[0]<--->EndNode1[0]
REAL
   0.478315  0.00442227  -0.0113539    0.432746
 0.00442227   0.0359356   0.0185365    0.012636
 -0.0113539   0.0185365   0.0359356 -0.00570432
   0.432746    0.012636 -0.00570432    0.449814
IMAGINARY
          0  0.00465365  -0.0197678 -0.00279931
-0.00465365           0  0.00601681 -0.00167993
  0.0197678 -0.00601681           0   0.0141131
 0.00279931  0.00167993  -0.0141131           0
Repeater1[0]<--->HoM1[0]
REAL
   0.479632  0.00633929 -0.00169407    0.434496
 0.00633929   0.0249671   0.0162567  0.00648203
-0.00169407   0.0162567    0.021025  0.00118465
   0.434496  0.00648203  0.00118465    0.474376
IMAGINARY
          0   0.0114797  -0.0144281  0.00807619
 -0.0114797           0   0.0061357  0.00876775
  0.0144281  -0.0061357           0  -0.0196558
-0.00807619 -0.00876775   0.0196558           0
EndNode1[0]<--->Repeater1[0]
REAL
   0.476067 -0.00590117   0.0145127    0.435252
-0.00590117   0.0284605  0.00912359   0.0108272
  0.0145127  0.00912359   0.0401035   0.0250606
   0.435252   0.0108272   0.0250606    0.455369
IMAGINARY
          0   0.0230762 -0.00522528 -0.00181963
 -0.0230762           0   0.0134475  0.00864526
 0.00522528  -0.0134475           0  -0.0100803
 0.00181963 -0.00864526   0.0100803           0
EndNode2[0]<--->HoM1[0]
REAL
    0.462435   -0.0101846  -0.00441191     0.431302
  -0.0101846    0.0401554    0.0259309  -0.00627991
 -0.00441191    0.0259309    0.0310881 -0.000507202
    0.431302  -0.00627991 -0.000507202     0.466321
IMAGINARY
          0 -0.00389693  0.00482625   0.0193199
 0.00389693           0   0.0104815 -0.00482625
-0.00482625  -0.0104815           0   0.0141271
 -0.0193199  0.00482625  -0.0141271           0
Repeater1[0]<--->EndNode1[0]
REAL
   0.476067   0.0145127 -0.00590117    0.435252
  0.0145127   0.0401035  0.00912359   0.0250606
-0.00590117  0.00912359   0.0284605   0.0108272
   0.435252   0.0250606   0.0108272    0.455369
IMAGINARY
          0 -0.00522528   0.0230762 -0.00181963
 0.00522528           0  -0.0134475  -0.0100803
 -0.0230762   0.0134475           0  0.00864526
 0.00181963   0.0100803 -0.00864526           0
Repeater1[0]<--->HoM1[0]
REAL
    0.462435  -0.00441191   -0.0101846     0.431302
 -0.00441191    0.0310881    0.0259309 -0.000507202
  -0.0101846    0.0259309    0.0401554  -0.00627991
    0.431302 -0.000507202  -0.00627991     0.466321
IMAGINARY
          0  0.00482625 -0.00389693   0.0193199
-0.00482625           0  -0.0104815   0.0141271
 0.00389693   0.0104815           0 -0.00482625
 -0.0193199  -0.0141271  0.00482625           0
EndNode1[0]<--->Repeater1[0]
REAL
   0.455357 -0.00794233 -0.00451458    0.439366
-0.00794233   0.0293367   0.0150068   0.0114854
-0.00451458   0.0150068   0.0331633   0.0250526
   0.439366   0.0114854   0.0250526    0.482143
IMAGINARY
           0 -9.29985e-05   0.00353598  -0.00588004
 9.29985e-05            0   -0.0230775  0.000310174
 -0.00353598    0.0230775            0    0.0180417
  0.00588004 -0.000310174   -0.0180417            0
EndNode2[0]<--->HoM1[0]
REAL
    0.47543  -0.0239559  -0.0258979    0.433379
 -0.0239559    0.031941   0.0160662  0.00555266
 -0.0258979   0.0160662    0.046683 -0.00748681
   0.433379  0.00555266 -0.00748681    0.445946
IMAGINARY
           0   -0.0108232    0.0119699 -0.000109911
   0.0108232            0  -0.00741403   0.00870193
  -0.0119699   0.00741403            0  -0.00468068
 0.000109911  -0.00870193   0.00468068            0
Repeater1[0]<--->EndNode1[0]
REAL
   0.455357 -0.00451458 -0.00794233    0.439366
-0.00451458   0.0331633   0.0150068   0.0250526
-0.00794233   0.0150068   0.0293367   0.0114854
   0.439366   0.0250526   0.0114854    0.482143
IMAGINARY
           0   0.00353598 -9.29985e-05  -0.00588004
 -0.00353598            0    0.0230775    0.0180417
 9.29985e-05   -0.0230775            0  0.000310174
  0.00588004   -0.0180417 -0.000310174            0
Repeater1[0]<--->HoM1[0]
REAL
    0.47543  -0.0258979  -0.0239559    0.433379
 -0.0258979    0.046683   0.0160662 -0.00748681
 -0.0239559   0.0160662    0.031941  0.00555266
   0.433379 -0.00748681  0.00555266    0.445946
IMAGINARY
           0    0.0119699   -0.0108232 -0.000109911
  -0.0119699            0   0.00741403  -0.00468068
   0.0108232  -0.00741403            0   0.00870193
 0.000109911   0.00468068  -0.00870193            0
EndNode1[0]<--->Repeater1[0]
REAL
   0.519851 -0.00451863  0.00677979    0.433007
-0.00451863   0.0173697   0.0191898 -0.00419582
 0.00677979   0.0191898    0.028536 -0.00194131
   0.433007 -0.00419582 -0.00194131    0.434243
IMAGINARY
          0  -0.0190223     0.01851   0.0106327
  0.0190223           0  0.00305697  -0.0274019
   -0.01851 -0.00305697           0  0.00465838
 -0.0106327   0.0274019 -0.00465838           0
EndNode2[0]<--->HoM1[0]
REAL
   0.468434  0.00336231 -0.00767877    0.441338
 0.00336231   0.0290404   0.0120575    0.030981
-0.00767877   0.0120575   0.0265152  0.00529281
   0.441338    0.030981  0.00529281     0.47601
IMAGINARY
          0   0.0091853  -0.0242721 -0.00536069
 -0.0091853           0   0.0320104  -0.0216336
  0.0242721  -0.0320104           0   0.0156286
 0.00536069   0.0216336  -0.0156286           0
Repeater1[0]<--->EndNode1[0]
REAL
   0.519851  0.00677979 -0.00451863    0.433007
 0.00677979    0.028536   0.0191898 -0.00194131
-0.00451863   0.0191898   0.0173697 -0.00419582
   0.433007 -0.00194131 -0.00419582    0.434243
IMAGINARY
          0     0.01851  -0.0190223   0.0106327
   -0.01851           0 -0.00305697  0.00465838
  0.0190223  0.00305697           0  -0.0274019
 -0.0106327 -0.00465838   0.0274019           0
Repeater1[0]<--->HoM1[0]
REAL
   0.468434 -0.00767877  0.00336231    0.441338
-0.00767877   0.0265152   0.0120575  0.00529281
 0.00336231   0.0120575   0.0290404    0.030981
   0.441338  0.00529281    0.030981     0.47601
IMAGINARY
          0  -0.0242721   0.0091853 -0.00536069
  0.0242721           0  -0.0320104   0.0156286
 -0.0091853   0.0320104           0  -0.0216336
 0.00536069  -0.0156286   0.0216336           0
EndNode1[0]<--->Repeater1[0]
REAL
   0.493404 -0.00414579  -0.0163354    0.427297
-0.00414579   0.0316623 0.000901247   0.0150299
 -0.0163354 0.000901247    0.025066  0.00936772
   0.427297   0.0150299  0.00936772    0.449868
IMAGINARY
           0    0.0171891 -0.000945077   -0.0155948
  -0.0171891            0  -0.00253994 -0.000323959
 0.000945077   0.00253994            0 -0.000691666
   0.0155948  0.000323959  0.000691666            0
EndNode2[0]<--->HoM1[0]
REAL
   0.513889   0.0189911  0.00616143    0.438083
  0.0189911   0.0252525    0.016344   0.0133698
 0.00616143    0.016344   0.0290404 -0.00076196
   0.438083   0.0133698 -0.00076196    0.431818
IMAGINARY
           0    0.0100951   -0.0130506  2.26547e-05
  -0.0100951            0   0.00194327   -0.0124153
   0.0130506  -0.00194327            0   0.00667511
-2.26547e-05    0.0124153  -0.00667511            0
Repeater1[0]<--->EndNode1[0]
REAL
   0.493404  -0.0163354 -0.00414579    0.427297
 -0.0163354    0.025066 0.000901247  0.00936772
-0.00414579 0.000901247   0.0316623   0.0150299
   0.427297  0.00936772   0.0150299    0.449868
IMAGINARY
           0 -0.000945077    0.0171891   -0.0155948
 0.000945077            0   0.00253994 -0.000691666
  -0.0171891  -0.00253994            0 -0.000323959
   0.0155948  0.000691666  0.000323959            0
Repeater1[0]<--->HoM1[0]
REAL
   0.513889  0.00616143   0.0189911    0.438083
 0.00616143   0.0290404    0.016344 -0.00076196
  0.0189911    0.016344   0.0252525   0.0133698
   0.438083 -0.00076196   0.0133698    0.431818
IMAGINARY
           0   -0.0130506    0.0100951  2.26547e-05
   0.0130506            0  -0.00194327   0.00667511
  -0.0100951   0.00194327            0   -0.0124153
-2.26547e-05  -0.00667511    0.0124153            0
EndNode1[0]<--->Repeater1[0]
REAL
   0.44697  0.0053074  0.0112922   0.423797
 0.0053074  0.0315657 0.00865336  0.0198336
 0.0112922 0.00865336  0.0315657  0.0297919
  0.423797  0.0198336  0.0297919   0.489899
IMAGINARY
          0  0.00429364  0.00166216   0.0189004
-0.00429364           0   0.0270972 -0.00035668
-0.00166216  -0.0270972           0   0.0113722
 -0.0189004  0.00035668  -0.0113722           0
EndNode2[0]<--->HoM1[0]
REAL
   0.495484 -0.00569427  -0.0123057    0.430789
-0.00569427   0.0296774    0.005517 -0.00743952
 -0.0123057    0.005517   0.0258065  -0.0216943
   0.430789 -0.00743952  -0.0216943    0.449032
IMAGINARY
           0  0.000264048    0.0114057  -0.00977633
-0.000264048            0   0.00580808   -0.0114057
  -0.0114057  -0.00580808            0  -0.00162274
  0.00977633    0.0114057   0.00162274            0
Repeater1[0]<--->EndNode1[0]
REAL
   0.44697  0.0112922  0.0053074   0.423797
 0.0112922  0.0315657 0.00865336  0.0297919
 0.0053074 0.00865336  0.0315657  0.0198336
  0.423797  0.0297919  0.0198336   0.489899
IMAGINARY
          0  0.00166216  0.00429364   0.0189004
-0.00166216           0  -0.0270972   0.0113722
-0.00429364   0.0270972           0 -0.00035668
 -0.0189004  -0.0113722  0.00035668           0
Repeater1[0]<--->HoM1[0]
REAL
   0.495484  -0.0123057 -0.00569427    0.430789
 -0.0123057   0.0258065    0.005517  -0.0216943
-0.00569427    0.005517   0.0296774 -0.00743952
   0.430789  -0.0216943 -0.00743952    0.449032
IMAGINARY
           0    0.0114057  0.000264048  -0.00977633
  -0.0114057            0  -0.00580808  -0.00162274
-0.000264048   0.00580808            0   -0.0114057
  0.00977633   0.00162274    0.0114057            0
