EndNode1[0]<--->Repeater1[0]
REAL
   0.281922 0.000877863   0.0110554   0.0279008
0.000877863    0.225032     0.01488  0.00498741
  0.0110554     0.01488    0.228824  0.00714353
  0.0279008  0.00498741  0.00714353    0.264223
IMAGINARY
           0    0.0137604   -0.0185971    0.0198353
  -0.0137604            0   -0.0204872 -0.000934103
   0.0185971    0.0204872            0    0.0161876
  -0.0198353  0.000934103   -0.0161876            0
EndNode2[0]<--->HoM1[0]
REAL
  0.256242 -0.0120753  0.0125735  0.0527494
-0.0120753   0.241787  0.0380435  -0.015131
 0.0125735  0.0380435   0.240473 0.00696022
 0.0527494  -0.015131 0.00696022   0.261498
IMAGINARY
          0  0.00540851   0.0280682  -0.0123057
-0.00540851           0  0.00981817 -0.00233287
 -0.0280682 -0.00981817           0   0.0129738
  0.0123057  0.00233287  -0.0129738           0
Repeater1[0]<--->EndNode1[0]
REAL
   0.281922   0.0110554 0.000877863   0.0279008
  0.0110554    0.228824     0.01488  0.00714353
0.000877863     0.01488    0.225032  0.00498741
  0.0279008  0.00714353  0.00498741    0.264223
IMAGINARY
           0   -0.0185971    0.0137604    0.0198353
   0.0185971            0    0.0204872    0.0161876
  -0.0137604   -0.0204872            0 -0.000934103
  -0.0198353   -0.0161876  0.000934103            0
Repeater1[0]<--->HoM1[0]
REAL
  0.256242  0.0125735 -0.0120753  0.0527494
 0.0125735   0.240473  0.0380435 0.00696022
-0.0120753  0.0380435   0.241787  -0.015131
 0.0527494 0.00696022  -0.015131   0.261498
IMAGINARY
          0   0.0280682  0.00540851  -0.0123057
 -0.0280682           0 -0.00981817   0.0129738
-0.00540851  0.00981817           0 -0.00233287
  0.0123057  -0.0129738  0.00233287           0
EndNode1[0]<--->Repeater1[0]
REAL
   0.298377 -0.00776802  0.00847546   0.0403193
-0.00776802    0.242197    0.028383   0.0220589
 0.00847546    0.028383    0.237203   0.0243075
  0.0403193   0.0220589   0.0243075    0.222222
IMAGINARY
          0  -0.0113227 -0.00811491  -0.0142585
  0.0113227           0   0.0105457   0.0120937
 0.00811491  -0.0105457           0  0.00734394
  0.0142585  -0.0120937 -0.00734394           0
EndNode2[0]<--->HoM1[0]
REAL
   0.299742  -0.0145238  0.00281503   0.0438165
 -0.0145238    0.224806   0.0489979 -0.00820425
 0.00281503   0.0489979    0.231266  0.00434414
  0.0438165 -0.00820425  0.00434414    0.244186
IMAGINARY
          0  0.00712435  0.00680677 -0.00892378
-0.00712435           0   0.0113808  0.00873727
-0.00680677  -0.0113808           0 -0.00194301
 0.00892378 -0.00873727  0.00194301           0
Repeater1[0]<--->EndNode1[0]
REAL
   0.298377  0.00847546 -0.00776802   0.0403193
 0.00847546    0.237203    0.028383   0.0243075
-0.00776802    0.028383    0.242197   0.0220589
  0.0403193   0.0243075   0.0220589    0.222222
IMAGINARY
          0 -0.00811491  -0.0113227  -0.0142585
 0.00811491           0  -0.0105457  0.00734394
  0.0113227   0.0105457           0   0.0120937
  0.0142585 -0.00734394  -0.0120937           0
Repeater1[0]<--->HoM1[0]
REAL
   0.299742  0.00281503  -0.0145238   0.0438165
 0.00281503    0.231266   0.0489979  0.00434414
 -0.0145238   0.0489979    0.224806 -0.00820425
  0.0438165  0.00434414 -0.00820425    0.244186
IMAGINARY
          0  0.00680677  0.00712435 -0.00892378
-0.00680677           0  -0.0113808 -0.00194301
-0.00712435   0.0113808           0  0.00873727
 0.00892378  0.00194301 -0.00873727           0
EndNode1[0]<--->Repeater1[0]
REAL
   0.276942   0.0208725   0.0334901   0.0619522
  0.0208725     0.23183   0.0258945  0.00415855
  0.0334901   0.0258945    0.245614 0.000924023
  0.0619522  0.00415855 0.000924023    0.245614
IMAGINARY
           0     0.017456   -0.0225617 -0.000409995
   -0.017456            0   0.00164762  -0.00748635
   0.0225617  -0.00164762            0  0.000572865
 0.000409995   0.00748635 -0.000572865            0
EndNode2[0]<--->HoM1[0]
REAL
   0.291451   0.0245308 5.05623e-06   0.0562715
  0.0245308    0.215026   0.0421327  -0.0133029
5.05623e-06   0.0421327    0.224093  0.00738406
  0.0562715  -0.0133029  0.00738406     0.26943
IMAGINARY
          0  -0.0153638  0.00321337  -0.0122322
  0.0153638           0  0.00973847  0.00321337
-0.00321337 -0.00973847           0  0.00379567
  0.0122322 -0.00321337 -0.00379567           0
Repeater1[0]<--->EndNode1[0]
REAL
   0.276942   0.0334901   0.0208725   0.0619522
  0.0334901    0.245614   0.0258945 0.000924023
  0.0208725   0.0258945     0.23183  0.00415855
  0.0619522 0.000924023  0.00415855    0.245614
IMAGINARY
           0   -0.0225617     0.017456 -0.000409995
   0.0225617            0  -0.00164762  0.000572865
   -0.017456   0.00164762            0  -0.00748635
 0.000409995 -0.000572865   0.00748635            0
Repeater1[0]<--->HoM1[0]
REAL
   0.291451 5.05623e-06   0.0245308   0.0562715
5.05623e-06    0.224093   0.0421327  0.00738406
  0.0245308   0.0421327    0.215026  -0.0133029
  0.0562715  0.00738406  -0.0133029     0.26943
IMAGINARY
          0  0.00321337  -0.0153638  -0.0122322
-0.00321337           0 -0.00973847  0.00379567
  0.0153638  0.00973847           0  0.00321337
  0.0122322 -0.00379567 -0.00321337           0
EndNode1[0]<--->Repeater1[0]
REAL
    0.277035   -0.0107453  -0.00546303    0.0677388
  -0.0107453     0.269745     0.042703 -0.000561068
 -0.00546303     0.042703     0.215067  0.000705111
   0.0677388 -0.000561068  0.000705111     0.238153
IMAGINARY
          0  -0.0207856   0.0134712 -0.00730435
  0.0207856           0  0.00984242 -0.00274155
 -0.0134712 -0.00984242           0  -0.0071114
 0.00730435  0.00274155   0.0071114           0
EndNode2[0]<--->HoM1[0]
REAL
  0.260078  0.0208158  0.0041661  0.0690629
 0.0208158   0.252276  0.0196261 0.00611668
 0.0041661  0.0196261   0.228869 -0.0131038
 0.0690629 0.00611668 -0.0131038   0.258778
IMAGINARY
           0  -0.00720953  -0.00157158   -0.0016279
  0.00720953            0  -0.00231947 -0.000305762
  0.00157158   0.00231947            0  -0.00843502
   0.0016279  0.000305762   0.00843502            0
Repeater1[0]<--->EndNode1[0]
REAL
    0.277035  -0.00546303   -0.0107453    0.0677388
 -0.00546303     0.215067     0.042703  0.000705111
  -0.0107453     0.042703     0.269745 -0.000561068
   0.0677388  0.000705111 -0.000561068     0.238153
IMAGINARY
          0   0.0134712  -0.0207856 -0.00730435
 -0.0134712           0 -0.00984242  -0.0071114
  0.0207856  0.00984242           0 -0.00274155
 0.00730435   0.0071114  0.00274155           0
Repeater1[0]<--->HoM1[0]
REAL
  0.260078  0.0041661  0.0208158  0.0690629
 0.0041661   0.228869  0.0196261 -0.0131038
 0.0208158  0.0196261   0.252276 0.00611668
 0.0690629 -0.0131038 0.00611668   0.258778
IMAGINARY
           0  -0.00157158  -0.00720953   -0.0016279
  0.00157158            0   0.00231947  -0.00843502
  0.00720953  -0.00231947            0 -0.000305762
   0.0016279   0.00843502  0.000305762            0
EndNode1[0]<--->Repeater1[0]
REAL
  0.296143   0.006183 0.00981586  0.0288104
  0.006183    0.23416  0.0288104 0.00195613
0.00981586  0.0288104   0.227273 0.00682816
 0.0288104 0.00195613 0.00682816   0.242424
IMAGINARY
          0    0.011323  0.00776109  -0.0235936
  -0.011323           0  0.00973971   0.0150961
-0.00776109 -0.00973971           0 -0.00846589
  0.0235936  -0.0150961  0.00846589           0
EndNode2[0]<--->HoM1[0]
REAL
  0.271186 0.00360213  0.0102686  0.0559822
0.00360213   0.259452  0.0185145 0.00382533
 0.0102686  0.0185145   0.234681 0.00109586
 0.0559822 0.00382533 0.00109586   0.234681
IMAGINARY
          0  -0.0227485  -0.0205264  0.00176839
  0.0227485           0   0.0116759  0.00760655
  0.0205264  -0.0116759           0  -0.0056753
-0.00176839 -0.00760655   0.0056753           0
Repeater1[0]<--->EndNode1[0]
REAL
  0.296143 0.00981586   0.006183  0.0288104
0.00981586   0.227273  0.0288104 0.00682816
  0.006183  0.0288104    0.23416 0.00195613
 0.0288104 0.00682816 0.00195613   0.242424
IMAGINARY
          0  0.00776109    0.011323  -0.0235936
-0.00776109           0 -0.00973971 -0.00846589
  -0.011323  0.00973971           0   0.0150961
  0.0235936  0.00846589  -0.0150961           0
Repeater1[0]<--->HoM1[0]
REAL
  0.271186  0.0102686 0.00360213  0.0559822
 0.0102686   0.234681  0.0185145 0.00109586
0.00360213  0.0185145   0.259452 0.00382533
 0.0559822 0.00109586 0.00382533   0.234681
IMAGINARY
          0  -0.0205264  -0.0227485  0.00176839
  0.0205264           0  -0.0116759  -0.0056753
  0.0227485   0.0116759           0  0.00760655
-0.00176839   0.0056753 -0.00760655           0
EndNode1[0]<--->Repeater1[0]
REAL
   0.282993 -0.00458316 -0.00546679   0.0582286
-0.00458316    0.269388   0.0264438  0.00732093
-0.00546679   0.0264438    0.208163 -0.00592364
  0.0582286  0.00732093 -0.00592364    0.239456
IMAGINARY
           0  -0.00824626    0.0122949  0.000611373
  0.00824626            0    0.0189841    0.0109325
  -0.0122949   -0.0189841            0  -0.00642366
-0.000611373   -0.0109325   0.00642366            0
EndNode2[0]<--->HoM1[0]
REAL
    0.283186 -1.20241e-05   -0.0143612    0.0556782
-1.20241e-05     0.247788    0.0194852  -0.00067149
  -0.0143612    0.0194852     0.232617   0.00458719
   0.0556782  -0.00067149   0.00458719      0.23641
IMAGINARY
          0  -0.0113838  0.00712039  -0.0132696
  0.0113838           0   0.0062273   0.0089654
-0.00712039  -0.0062273           0  0.00334091
  0.0132696  -0.0089654 -0.00334091           0
Repeater1[0]<--->EndNode1[0]
REAL
   0.282993 -0.00546679 -0.00458316   0.0582286
-0.00546679    0.208163   0.0264438 -0.00592364
-0.00458316   0.0264438    0.269388  0.00732093
  0.0582286 -0.00592364  0.00732093    0.239456
IMAGINARY
           0    0.0122949  -0.00824626  0.000611373
  -0.0122949            0   -0.0189841  -0.00642366
  0.00824626    0.0189841            0    0.0109325
-0.000611373   0.00642366   -0.0109325            0
Repeater1[0]<--->HoM1[0]
REAL
    0.283186   -0.0143612 -1.20241e-05    0.0556782
  -0.0143612     0.232617    0.0194852   0.00458719
-1.20241e-05    0.0194852     0.247788  -0.00067149
   0.0556782   0.00458719  -0.00067149      0.23641
IMAGINARY
          0  0.00712039  -0.0113838  -0.0132696
-0.00712039           0  -0.0062273  0.00334091
  0.0113838   0.0062273           0   0.0089654
  0.0132696 -0.00334091  -0.0089654           0
EndNode1[0]<--->Repeater1[0]
REAL
  0.285714 0.00754105  0.0133881  0.0451182
0.00754105   0.239418 0.00975234  0.0328511
 0.0133881 0.00975234   0.246032  0.0128042
 0.0451182  0.0328511  0.0128042   0.228836
IMAGINARY
           0    0.0122196   -0.0122266   -0.0117457
  -0.0122196            0   -0.0288995  3.14713e-05
   0.0122266    0.0288995            0     0.001195
   0.0117457 -3.14713e-05    -0.001195            0
EndNode2[0]<--->HoM1[0]
REAL
   0.278755     0.01463   0.0122242   0.0561545
    0.01463    0.215156   0.0382973 -0.00892173
  0.0122242   0.0382973    0.261164  0.00848753
  0.0561545 -0.00892173  0.00848753    0.244926
IMAGINARY
          0    0.015081   0.0178969   0.0152481
  -0.015081           0  -0.0226307 -0.00514175
 -0.0178969   0.0226307           0 -0.00232593
 -0.0152481  0.00514175  0.00232593           0
Repeater1[0]<--->EndNode1[0]
REAL
  0.285714  0.0133881 0.00754105  0.0451182
 0.0133881   0.246032 0.00975234  0.0128042
0.00754105 0.00975234   0.239418  0.0328511
 0.0451182  0.0128042  0.0328511   0.228836
IMAGINARY
           0   -0.0122266    0.0122196   -0.0117457
   0.0122266            0    0.0288995     0.001195
  -0.0122196   -0.0288995            0  3.14713e-05
   0.0117457    -0.001195 -3.14713e-05            0
Repeater1[0]<--->HoM1[0]
REAL
   0.278755   0.0122242     0.01463   0.0561545
  0.0122242    0.261164   0.0382973  0.00848753
    0.01463   0.0382973    0.215156 -0.00892173
  0.0561545  0.00848753 -0.00892173    0.244926
IMAGINARY
          0   0.0178969    0.015081   0.0152481
 -0.0178969           0   0.0226307 -0.00232593
  -0.015081  -0.0226307           0 -0.00514175
 -0.0152481  0.00232593  0.00514175           0
EndNode1[0]<--->Repeater1[0]
REAL
   0.291391  -0.0120717 -0.00580523   0.0664442
 -0.0120717    0.233113   0.0398741  -0.0118132
-0.00580523   0.0398741    0.225166  0.00417378
  0.0664442  -0.0118132  0.00417378    0.250331
IMAGINARY
          0  0.00844455  -0.0078413  0.00292617
-0.00844455           0  0.00559284  -0.0138978
  0.0078413 -0.00559284           0   0.0229564
-0.00292617   0.0138978  -0.0229564           0
EndNode2[0]<--->HoM1[0]
REAL
   0.288973  -0.0156133 -0.00384123   0.0668332
 -0.0156133    0.242079   0.0439222  -0.0288092
-0.00384123   0.0439222    0.217997 -0.00935465
  0.0668332  -0.0288092 -0.00935465    0.250951
IMAGINARY
          0  0.00534042  0.00896467 -0.00808455
-0.00534042           0  -0.0209711 -0.00761696
-0.00896467   0.0209711           0  0.00409354
 0.00808455  0.00761696 -0.00409354           0
Repeater1[0]<--->EndNode1[0]
REAL
   0.291391 -0.00580523  -0.0120717   0.0664442
-0.00580523    0.225166   0.0398741  0.00417378
 -0.0120717   0.0398741    0.233113  -0.0118132
  0.0664442  0.00417378  -0.0118132    0.250331
IMAGINARY
          0  -0.0078413  0.00844455  0.00292617
  0.0078413           0 -0.00559284   0.0229564
-0.00844455  0.00559284           0  -0.0138978
-0.00292617  -0.0229564   0.0138978           0
Repeater1[0]<--->HoM1[0]
REAL
   0.288973 -0.00384123  -0.0156133   0.0668332
-0.00384123    0.217997   0.0439222 -0.00935465
 -0.0156133   0.0439222    0.242079  -0.0288092
  0.0668332 -0.00935465  -0.0288092    0.250951
IMAGINARY
          0  0.00896467  0.00534042 -0.00808455
-0.00896467           0   0.0209711  0.00409354
-0.00534042  -0.0209711           0 -0.00761696
 0.00808455 -0.00409354  0.00761696           0
EndNode1[0]<--->Repeater1[0]
REAL
   0.305019   0.0109034 -0.00292417    0.046689
  0.0109034    0.259974   0.0365368  0.00356933
-0.00292417   0.0365368    0.220077 -0.00122598
   0.046689  0.00356933 -0.00122598    0.214929
IMAGINARY
           0   0.00884349   -0.0050939    0.0102217
 -0.00884349            0 -0.000443318   0.00890101
   0.0050939  0.000443318            0   0.00257783
  -0.0102217  -0.00890101  -0.00257783            0
EndNode2[0]<--->HoM1[0]
REAL
   0.271515  0.00946404 -0.00588696   0.0698384
 0.00946404    0.227879   0.0164529  0.00649896
-0.00588696   0.0164529     0.21697   -0.013748
  0.0698384  0.00649896   -0.013748    0.283636
IMAGINARY
          0  -0.0195546   0.0156277  0.00439949
  0.0195546           0  0.00760051  -0.0117215
 -0.0156277 -0.00760051           0  -0.0221121
-0.00439949   0.0117215   0.0221121           0
Repeater1[0]<--->EndNode1[0]
REAL
   0.305019 -0.00292417   0.0109034    0.046689
-0.00292417    0.220077   0.0365368 -0.00122598
  0.0109034   0.0365368    0.259974  0.00356933
   0.046689 -0.00122598  0.00356933    0.214929
IMAGINARY
           0   -0.0050939   0.00884349    0.0102217
   0.0050939            0  0.000443318   0.00257783
 -0.00884349 -0.000443318            0   0.00890101
  -0.0102217  -0.00257783  -0.00890101            0
Repeater1[0]<--->HoM1[0]
REAL
   0.271515 -0.00588696  0.00946404   0.0698384
-0.00588696     0.21697   0.0164529   -0.013748
 0.00946404   0.0164529    0.227879  0.00649896
  0.0698384   -0.013748  0.00649896    0.283636
IMAGINARY
          0   0.0156277  -0.0195546  0.00439949
 -0.0156277           0 -0.00760051  -0.0221121
  0.0195546  0.00760051           0  -0.0117215
-0.00439949   0.0221121   0.0117215           0
EndNode1[0]<--->Repeater1[0]
REAL
    0.28776 -0.00106786 -0.00331747   0.0157608
-0.00106786    0.255208    0.022803 -0.00200168
-0.00331747    0.022803    0.208333  -0.0162194
  0.0157608 -0.00200168  -0.0162194    0.248698
IMAGINARY
          0 -0.00414908  -0.0116449  -0.0138518
 0.00414908           0   0.0114008 -0.00436018
  0.0116449  -0.0114008           0  0.00222847
  0.0138518  0.00436018 -0.00222847           0
EndNode2[0]<--->HoM1[0]
REAL
   0.301351  0.00835641 -0.00188441   0.0404646
 0.00835641    0.237838   0.0345669  0.00377596
-0.00188441   0.0345669    0.224324   0.0174948
  0.0404646  0.00377596   0.0174948    0.236486
IMAGINARY
          0   0.0169291  -0.0109296 -0.00922688
 -0.0169291           0   0.0003885   0.0102743
  0.0109296  -0.0003885           0 -0.00972068
 0.00922688  -0.0102743  0.00972068           0
Repeater1[0]<--->EndNode1[0]
REAL
    0.28776 -0.00331747 -0.00106786   0.0157608
-0.00331747    0.208333    0.022803  -0.0162194
-0.00106786    0.022803    0.255208 -0.00200168
  0.0157608  -0.0162194 -0.00200168    0.248698
IMAGINARY
          0  -0.0116449 -0.00414908  -0.0138518
  0.0116449           0  -0.0114008  0.00222847
 0.00414908   0.0114008           0 -0.00436018
  0.0138518 -0.00222847  0.00436018           0
Repeater1[0]<--->HoM1[0]
REAL
   0.301351 -0.00188441  0.00835641   0.0404646
-0.00188441    0.224324   0.0345669   0.0174948
 0.00835641   0.0345669    0.237838  0.00377596
  0.0404646   0.0174948  0.00377596    0.236486
IMAGINARY
          0  -0.0109296   0.0169291 -0.00922688
  0.0109296           0  -0.0003885 -0.00972068
 -0.0169291   0.0003885           0   0.0102743
 0.00922688  0.00972068  -0.0102743           0
EndNode1[0]<--->Repeater1[0]
REAL
    0.274336 -0.000930552    0.0235509    0.0407935
-0.000930552     0.255373    0.0243678    0.0222556
   0.0235509    0.0243678     0.242731   0.00157571
   0.0407935    0.0222556   0.00157571      0.22756
IMAGINARY
           0   0.00951424 -0.000647558   0.00616732
 -0.00951424            0    0.0161424   0.00656083
 0.000647558   -0.0161424            0   0.00822558
 -0.00616732  -0.00656083  -0.00822558            0
EndNode2[0]<--->HoM1[0]
REAL
   0.291615 -0.00668932  -0.0136347   0.0568415
-0.00668932    0.220275   0.0309348  0.00128099
 -0.0136347   0.0309348    0.239049 -0.00176321
  0.0568415  0.00128099 -0.00176321    0.249061
IMAGINARY
          0  0.00163245  0.00846137 -0.00132507
-0.00163245           0   0.0150237  -0.0175287
-0.00846137  -0.0150237           0  0.00225356
 0.00132507   0.0175287 -0.00225356           0
Repeater1[0]<--->EndNode1[0]
REAL
    0.274336    0.0235509 -0.000930552    0.0407935
   0.0235509     0.242731    0.0243678   0.00157571
-0.000930552    0.0243678     0.255373    0.0222556
   0.0407935   0.00157571    0.0222556      0.22756
IMAGINARY
           0 -0.000647558   0.00951424   0.00616732
 0.000647558            0   -0.0161424   0.00822558
 -0.00951424    0.0161424            0   0.00656083
 -0.00616732  -0.00822558  -0.00656083            0
Repeater1[0]<--->HoM1[0]
REAL
   0.291615  -0.0136347 -0.00668932   0.0568415
 -0.0136347    0.239049   0.0309348 -0.00176321
-0.00668932   0.0309348    0.220275  0.00128099
  0.0568415 -0.00176321  0.00128099    0.249061
IMAGINARY
          0  0.00846137  0.00163245 -0.00132507
-0.00846137           0  -0.0150237  0.00225356
-0.00163245   0.0150237           0  -0.0175287
 0.00132507 -0.00225356   0.0175287           0
EndNode1[0]<--->Repeater1[0]
REAL
   0.283221   -0.017449  0.00719365   0.0624245
  -0.017449    0.232215   0.0396427 -0.00977763
 0.00719365   0.0396427    0.232215  0.00452906
  0.0624245 -0.00977763  0.00452906    0.252349
IMAGINARY
          0  0.00288185  0.00321727  0.00616141
-0.00288185           0 -0.00364251 -0.00441631
-0.00321727  0.00364251           0   0.0103076
-0.00616141  0.00441631  -0.0103076           0
EndNode2[0]<--->HoM1[0]
REAL
    0.296675  -0.00521914   0.00729906    0.0637296
 -0.00521914     0.227621    0.0378228 -0.000183929
  0.00729906    0.0378228     0.241688   -0.0109516
   0.0637296 -0.000183929   -0.0109516     0.234015
IMAGINARY
          0   0.0225233  0.00126802  -0.0192819
 -0.0225233           0  0.00553195  2.7321e-05
-0.00126802 -0.00553195           0  -0.0186373
  0.0192819 -2.7321e-05   0.0186373           0
Repeater1[0]<--->EndNode1[0]
REAL
   0.283221  0.00719365   -0.017449   0.0624245
 0.00719365    0.232215   0.0396427  0.00452906
  -0.017449   0.0396427    0.232215 -0.00977763
  0.0624245  0.00452906 -0.00977763    0.252349
IMAGINARY
          0  0.00321727  0.00288185  0.00616141
-0.00321727           0  0.00364251   0.0103076
-0.00288185 -0.00364251           0 -0.00441631
-0.00616141  -0.0103076  0.00441631           0
Repeater1[0]<--->HoM1[0]
REAL
    0.296675   0.00729906  -0.00521914    0.0637296
  0.00729906     0.241688    0.0378228   -0.0109516
 -0.00521914    0.0378228     0.227621 -0.000183929
   0.0637296   -0.0109516 -0.000183929     0.234015
IMAGINARY
          0  0.00126802   0.0225233  -0.0192819
-0.00126802           0 -0.00553195  -0.0186373
 -0.0225233  0.00553195           0  2.7321e-05
  0.0192819   0.0186373 -2.7321e-05           0
EndNode1[0]<--->Repeater1[0]
REAL
  0.301047 -0.0109449 0.00923645  0.0469516
-0.0109449   0.212042  0.0220139 0.00923645
0.00923645  0.0220139   0.232984  0.0195656
 0.0469516 0.00923645  0.0195656   0.253927
IMAGINARY
          0  0.00418087  -0.0182686  -0.0307812
-0.00418087           0  0.00314964  0.00455293
  0.0182686 -0.00314964           0   0.0282381
  0.0307812 -0.00455293  -0.0282381           0
EndNode2[0]<--->HoM1[0]
REAL
  0.266279  0.0184458  0.0118041  0.0499406
 0.0184458   0.226744 0.00953654  0.0136861
 0.0118041 0.00953654   0.253488 0.00835159
 0.0499406  0.0136861 0.00835159   0.253488
IMAGINARY
          0  0.00173198   0.0129623 -0.00971741
-0.00173198           0  -0.0186093  0.00218919
 -0.0129623   0.0186093           0   0.0108943
 0.00971741 -0.00218919  -0.0108943           0
Repeater1[0]<--->EndNode1[0]
REAL
  0.301047 0.00923645 -0.0109449  0.0469516
0.00923645   0.232984  0.0220139  0.0195656
-0.0109449  0.0220139   0.212042 0.00923645
 0.0469516  0.0195656 0.00923645   0.253927
IMAGINARY
          0  -0.0182686  0.00418087  -0.0307812
  0.0182686           0 -0.00314964   0.0282381
-0.00418087  0.00314964           0  0.00455293
  0.0307812  -0.0282381 -0.00455293           0
Repeater1[0]<--->HoM1[0]
REAL
  0.266279  0.0118041  0.0184458  0.0499406
 0.0118041   0.253488 0.00953654 0.00835159
 0.0184458 0.00953654   0.226744  0.0136861
 0.0499406 0.00835159  0.0136861   0.253488
IMAGINARY
          0   0.0129623  0.00173198 -0.00971741
 -0.0129623           0   0.0186093   0.0108943
-0.00173198  -0.0186093           0  0.00218919
 0.00971741  -0.0108943 -0.00218919           0
EndNode1[0]<--->Repeater1[0]
REAL
   0.282084  0.00291154 -0.00345279   0.0614953
 0.00291154    0.259212   0.0175897   0.0132567
-0.00345279   0.0175897    0.221093 -0.00356514
  0.0614953   0.0132567 -0.00356514    0.237611
IMAGINARY
          0  0.00529845  0.00467464  0.00119442
-0.00529845           0  -0.0236812   0.0130187
-0.00467464   0.0236812           0 -0.00726437
-0.00119442  -0.0130187  0.00726437           0
EndNode2[0]<--->HoM1[0]
REAL
  0.269821 0.00253243     0.0068  0.0532767
0.00253243   0.212276  0.0303759 0.00277855
    0.0068  0.0303759   0.268542  -0.003171
 0.0532767 0.00277855  -0.003171   0.249361
IMAGINARY
          0  0.00649989   0.0230661  0.00629704
-0.00649989           0  0.00495296  -0.0294274
 -0.0230661 -0.00495296           0   0.0164009
-0.00629704   0.0294274  -0.0164009           0
Repeater1[0]<--->EndNode1[0]
REAL
   0.282084 -0.00345279  0.00291154   0.0614953
-0.00345279    0.221093   0.0175897 -0.00356514
 0.00291154   0.0175897    0.259212   0.0132567
  0.0614953 -0.00356514   0.0132567    0.237611
IMAGINARY
          0  0.00467464  0.00529845  0.00119442
-0.00467464           0   0.0236812 -0.00726437
-0.00529845  -0.0236812           0   0.0130187
-0.00119442  0.00726437  -0.0130187           0
Repeater1[0]<--->HoM1[0]
REAL
  0.269821     0.0068 0.00253243  0.0532767
    0.0068   0.268542  0.0303759  -0.003171
0.00253243  0.0303759   0.212276 0.00277855
 0.0532767  -0.003171 0.00277855   0.249361
IMAGINARY
          0   0.0230661  0.00649989  0.00629704
 -0.0230661           0 -0.00495296   0.0164009
-0.00649989  0.00495296           0  -0.0294274
-0.00629704  -0.0164009   0.0294274           0
EndNode1[0]<--->Repeater1[0]
REAL
    0.29597 -0.00265246  -0.0195712   0.0527198
-0.00265246     0.25063   0.0416951  -0.0136735
 -0.0195712   0.0416951    0.221662 -0.00532626
  0.0527198  -0.0136735 -0.00532626    0.231738
IMAGINARY
          0  -0.0144364   0.0100527  0.00662585
  0.0144364           0  0.00974695   0.0113481
 -0.0100527 -0.00974695           0  0.00730277
-0.00662585  -0.0113481 -0.00730277           0
EndNode2[0]<--->HoM1[0]
REAL
   0.307692  -0.0464286  0.00215545   0.0542563
 -0.0464286    0.220513   0.0376322  0.00735025
 0.00215545   0.0376322    0.216667 -0.00236732
  0.0542563  0.00735025 -0.00236732    0.255128
IMAGINARY
          0  -0.0290004  0.00759648 -0.00269135
  0.0290004           0  0.00412402   0.0026337
-0.00759648 -0.00412402           0   0.0187703
 0.00269135  -0.0026337  -0.0187703           0
Repeater1[0]<--->EndNode1[0]
REAL
    0.29597  -0.0195712 -0.00265246   0.0527198
 -0.0195712    0.221662   0.0416951 -0.00532626
-0.00265246   0.0416951     0.25063  -0.0136735
  0.0527198 -0.00532626  -0.0136735    0.231738
IMAGINARY
          0   0.0100527  -0.0144364  0.00662585
 -0.0100527           0 -0.00974695  0.00730277
  0.0144364  0.00974695           0   0.0113481
-0.00662585 -0.00730277  -0.0113481           0
Repeater1[0]<--->HoM1[0]
REAL
   0.307692  0.00215545  -0.0464286   0.0542563
 0.00215545    0.216667   0.0376322 -0.00236732
 -0.0464286   0.0376322    0.220513  0.00735025
  0.0542563 -0.00236732  0.00735025    0.255128
IMAGINARY
          0  0.00759648  -0.0290004 -0.00269135
-0.00759648           0 -0.00412402   0.0187703
  0.0290004  0.00412402           0   0.0026337
 0.00269135  -0.0187703  -0.0026337           0
EndNode1[0]<--->Repeater1[0]
REAL
   0.288672  0.00368027  0.00652166   0.0509326
 0.00368027    0.267966  0.00868798 -0.00516665
 0.00652166  0.00868798    0.207065  0.00173978
  0.0509326 -0.00516665  0.00173978    0.236297
IMAGINARY
          0 -0.00979199  -0.0159204  -0.0206746
 0.00979199           0  0.00740027   0.0152898
  0.0159204 -0.00740027           0   0.0343821
  0.0206746  -0.0152898  -0.0343821           0
EndNode2[0]<--->HoM1[0]
REAL
   0.316947 -0.00566751   0.0166065   0.0669979
-0.00566751    0.217335   0.0539089 -0.00401205
  0.0166065   0.0539089    0.206986 -0.00566751
  0.0669979 -0.00401205 -0.00566751    0.258732
IMAGINARY
          0 -0.00362288   0.0123527  0.00932938
 0.00362288           0  0.00756674  -0.0188973
 -0.0123527 -0.00756674           0 -0.00292162
-0.00932938   0.0188973  0.00292162           0
Repeater1[0]<--->EndNode1[0]
REAL
   0.288672  0.00652166  0.00368027   0.0509326
 0.00652166    0.207065  0.00868798  0.00173978
 0.00368027  0.00868798    0.267966 -0.00516665
  0.0509326  0.00173978 -0.00516665    0.236297
IMAGINARY
          0  -0.0159204 -0.00979199  -0.0206746
  0.0159204           0 -0.00740027   0.0343821
 0.00979199  0.00740027           0   0.0152898
  0.0206746  -0.0343821  -0.0152898           0
Repeater1[0]<--->HoM1[0]
REAL
   0.316947   0.0166065 -0.00566751   0.0669979
  0.0166065    0.206986   0.0539089 -0.00566751
-0.00566751   0.0539089    0.217335 -0.00401205
  0.0669979 -0.00566751 -0.00401205    0.258732
IMAGINARY
          0   0.0123527 -0.00362288  0.00932938
 -0.0123527           0 -0.00756674 -0.00292162
 0.00362288  0.00756674           0  -0.0188973
-0.00932938  0.00292162   0.0188973           0
EndNode1[0]<--->Repeater1[0]
REAL
   0.302544  -0.0304804 -0.00370939   0.0575338
 -0.0304804    0.219545   0.0195362  0.00179856
-0.00370939   0.0195362    0.238286 -0.00200363
  0.0575338  0.00179856 -0.00200363    0.239625
IMAGINARY
          0  -0.0122683   0.0190283  0.00690381
  0.0122683           0  -0.0198237  -0.0015373
 -0.0190283   0.0198237           0   0.0104589
-0.00690381   0.0015373  -0.0104589           0
EndNode2[0]<--->HoM1[0]
REAL
   0.231436  0.00200892   0.0141489   0.0616124
 0.00200892        0.25   0.0523286 -0.00878692
  0.0141489   0.0523286        0.25  0.00335301
  0.0616124 -0.00878692  0.00335301    0.268564
IMAGINARY
           0   -0.0109168   -0.0198498 -0.000246771
   0.0109168            0    0.0181259   -0.0066754
   0.0198498   -0.0181259            0   -0.0103033
 0.000246771    0.0066754    0.0103033            0
Repeater1[0]<--->EndNode1[0]
REAL
   0.302544 -0.00370939  -0.0304804   0.0575338
-0.00370939    0.238286   0.0195362 -0.00200363
 -0.0304804   0.0195362    0.219545  0.00179856
  0.0575338 -0.00200363  0.00179856    0.239625
IMAGINARY
          0   0.0190283  -0.0122683  0.00690381
 -0.0190283           0   0.0198237   0.0104589
  0.0122683  -0.0198237           0  -0.0015373
-0.00690381  -0.0104589   0.0015373           0
Repeater1[0]<--->HoM1[0]
REAL
   0.231436   0.0141489  0.00200892   0.0616124
  0.0141489        0.25   0.0523286  0.00335301
 0.00200892   0.0523286        0.25 -0.00878692
  0.0616124  0.00335301 -0.00878692    0.268564
IMAGINARY
           0   -0.0198498   -0.0109168 -0.000246771
   0.0198498            0   -0.0181259   -0.0103033
   0.0109168    0.0181259            0   -0.0066754
 0.000246771    0.0103033    0.0066754            0
EndNode1[0]<--->Repeater1[0]
REAL
   0.283149   -0.010991 -0.00654104   0.0559434
  -0.010991    0.251381   0.0514734   0.0142137
-0.00654104   0.0514734    0.211326 -0.00307546
  0.0559434   0.0142137 -0.00307546    0.254144
IMAGINARY
           0   -0.0121162  -0.00228061    0.0263274
   0.0121162            0  -0.00425934  0.000364897
  0.00228061   0.00425934            0   0.00892338
  -0.0263274 -0.000364897  -0.00892338            0
EndNode2[0]<--->HoM1[0]
REAL
   0.282225   0.0204696 -0.00196007   0.0566901
  0.0204696    0.252374   0.0121875  -0.0222746
-0.00196007   0.0121875    0.240163 -0.00643901
  0.0566901  -0.0222746 -0.00643901    0.225237
IMAGINARY
           0    0.0078712  -0.00262816  -0.00438379
  -0.0078712            0    0.0190537  1.03607e-05
  0.00262816   -0.0190537            0   -0.0026356
  0.00438379 -1.03607e-05    0.0026356            0
Repeater1[0]<--->EndNode1[0]
REAL
   0.283149 -0.00654104   -0.010991   0.0559434
-0.00654104    0.211326   0.0514734 -0.00307546
  -0.010991   0.0514734    0.251381   0.0142137
  0.0559434 -0.00307546   0.0142137    0.254144
IMAGINARY
           0  -0.00228061   -0.0121162    0.0263274
  0.00228061            0   0.00425934   0.00892338
   0.0121162  -0.00425934            0  0.000364897
  -0.0263274  -0.00892338 -0.000364897            0
Repeater1[0]<--->HoM1[0]
REAL
   0.282225 -0.00196007   0.0204696   0.0566901
-0.00196007    0.240163   0.0121875 -0.00643901
  0.0204696   0.0121875    0.252374  -0.0222746
  0.0566901 -0.00643901  -0.0222746    0.225237
IMAGINARY
           0  -0.00262816    0.0078712  -0.00438379
  0.00262816            0   -0.0190537   -0.0026356
  -0.0078712    0.0190537            0  1.03607e-05
  0.00438379    0.0026356 -1.03607e-05            0
EndNode1[0]<--->Repeater1[0]
REAL
   0.287898  -0.0142998   0.0053678   0.0732267
 -0.0142998    0.253503   0.0619084 -0.00782481
  0.0053678   0.0619084    0.210191  0.00570025
  0.0732267 -0.00782481  0.00570025    0.248408
IMAGINARY
          0  -0.0052057  -0.0195154 -0.00393576
  0.0052057           0  0.00775255  -0.0144393
  0.0195154 -0.00775255           0   0.0111977
 0.00393576   0.0144393  -0.0111977           0
EndNode2[0]<--->HoM1[0]
REAL
   0.268229  0.00298981   0.0101979   0.0646006
 0.00298981    0.251302   0.0319373 -0.00686905
  0.0101979   0.0319373    0.238281  -0.0063187
  0.0646006 -0.00686905  -0.0063187    0.242188
IMAGINARY
          0   -0.014413    0.003259    -0.01905
   0.014413           0  0.00167544 -0.00828413
  -0.003259 -0.00167544           0   0.0219507
    0.01905  0.00828413  -0.0219507           0
Repeater1[0]<--->EndNode1[0]
REAL
   0.287898   0.0053678  -0.0142998   0.0732267
  0.0053678    0.210191   0.0619084  0.00570025
 -0.0142998   0.0619084    0.253503 -0.00782481
  0.0732267  0.00570025 -0.00782481    0.248408
IMAGINARY
          0  -0.0195154  -0.0052057 -0.00393576
  0.0195154           0 -0.00775255   0.0111977
  0.0052057  0.00775255           0  -0.0144393
 0.00393576  -0.0111977   0.0144393           0
Repeater1[0]<--->HoM1[0]
REAL
   0.268229   0.0101979  0.00298981   0.0646006
  0.0101979    0.238281   0.0319373  -0.0063187
 0.00298981   0.0319373    0.251302 -0.00686905
  0.0646006  -0.0063187 -0.00686905    0.242188
IMAGINARY
          0    0.003259   -0.014413    -0.01905
  -0.003259           0 -0.00167544   0.0219507
   0.014413  0.00167544           0 -0.00828413
    0.01905  -0.0219507  0.00828413           0
EndNode1[0]<--->Repeater1[0]
REAL
   0.295337  -0.0212142 -0.00792126   0.0517358
 -0.0212142    0.246114   0.0126733  -0.0020389
-0.00792126   0.0126733    0.222798  -0.0126503
  0.0517358  -0.0020389  -0.0126503    0.235751
IMAGINARY
          0  -0.0224585   0.0097823   0.0017293
  0.0224585           0 -0.00302129  -0.0267094
 -0.0097823  0.00302129           0  0.00553137
 -0.0017293   0.0267094 -0.00553137           0
EndNode2[0]<--->HoM1[0]
REAL
    0.28035  0.00405753   0.0117274    0.070063
 0.00405753    0.244055    0.034815 -0.00197127
  0.0117274    0.034815    0.250313 -0.00649656
   0.070063 -0.00197127 -0.00649656    0.225282
IMAGINARY
           0   -0.0116556    0.0161904  0.000378365
   0.0116556            0   0.00413776  -0.00835745
  -0.0161904  -0.00413776            0  -0.00139921
-0.000378365   0.00835745   0.00139921            0
Repeater1[0]<--->EndNode1[0]
REAL
   0.295337 -0.00792126  -0.0212142   0.0517358
-0.00792126    0.222798   0.0126733  -0.0126503
 -0.0212142   0.0126733    0.246114  -0.0020389
  0.0517358  -0.0126503  -0.0020389    0.235751
IMAGINARY
          0   0.0097823  -0.0224585   0.0017293
 -0.0097823           0  0.00302129  0.00553137
  0.0224585 -0.00302129           0  -0.0267094
 -0.0017293 -0.00553137   0.0267094           0
Repeater1[0]<--->HoM1[0]
REAL
    0.28035   0.0117274  0.00405753    0.070063
  0.0117274    0.250313    0.034815 -0.00649656
 0.00405753    0.034815    0.244055 -0.00197127
   0.070063 -0.00649656 -0.00197127    0.225282
IMAGINARY
           0    0.0161904   -0.0116556  0.000378365
  -0.0161904            0  -0.00413776  -0.00139921
   0.0116556   0.00413776            0  -0.00835745
-0.000378365   0.00139921   0.00835745            0
EndNode1[0]<--->Repeater1[0]
REAL
  0.286064 -0.0141729 0.00868217   0.033969
-0.0141729   0.240831  0.0277277 0.00931269
0.00868217  0.0277277   0.246944 -0.0179608
  0.033969 0.00931269 -0.0179608   0.226161
IMAGINARY
          0  0.00870448  -0.0130389  -0.0237968
-0.00870448           0 -0.00517978 -0.00984602
  0.0130389  0.00517978           0  -0.0218806
  0.0237968  0.00984602   0.0218806           0
EndNode2[0]<--->HoM1[0]
REAL
  0.284794   0.018749  0.0115376  0.0442504
  0.018749   0.231959  0.0476892 0.00483519
 0.0115376  0.0476892    0.23067 0.00266153
 0.0442504 0.00483519 0.00266153   0.252577
IMAGINARY
           0   -0.0101531   0.00297253 -0.000282356
   0.0101531            0   -0.0219109  0.000466262
 -0.00297253    0.0219109            0   0.00671434
 0.000282356 -0.000466262  -0.00671434            0
Repeater1[0]<--->EndNode1[0]
REAL
  0.286064 0.00868217 -0.0141729   0.033969
0.00868217   0.246944  0.0277277 -0.0179608
-0.0141729  0.0277277   0.240831 0.00931269
  0.033969 -0.0179608 0.00931269   0.226161
IMAGINARY
          0  -0.0130389  0.00870448  -0.0237968
  0.0130389           0  0.00517978  -0.0218806
-0.00870448 -0.00517978           0 -0.00984602
  0.0237968   0.0218806  0.00984602           0
Repeater1[0]<--->HoM1[0]
REAL
  0.284794  0.0115376   0.018749  0.0442504
 0.0115376    0.23067  0.0476892 0.00266153
  0.018749  0.0476892   0.231959 0.00483519
 0.0442504 0.00266153 0.00483519   0.252577
IMAGINARY
           0   0.00297253   -0.0101531 -0.000282356
 -0.00297253            0    0.0219109   0.00671434
   0.0101531   -0.0219109            0  0.000466262
 0.000282356  -0.00671434 -0.000466262            0
EndNode1[0]<--->Repeater1[0]
REAL
     0.32381   -0.0100125 -0.000280612    0.0408987
  -0.0100125     0.238095    0.0141013    0.0277806
-0.000280612    0.0141013     0.209524  1.25313e-05
   0.0408987    0.0277806  1.25313e-05     0.228571
IMAGINARY
           0    0.0157931  0.000939691  0.000665779
  -0.0157931            0  -0.00399467  -0.00812923
-0.000939691   0.00399467            0   -0.0190611
-0.000665779   0.00812923    0.0190611            0
EndNode2[0]<--->HoM1[0]
REAL
    0.289673  -0.00887196  -0.00329676    0.0382593
 -0.00887196     0.234257    0.0388683 -0.000692598
 -0.00329676    0.0388683     0.236776   0.00754218
   0.0382593 -0.000692598   0.00754218     0.239295
IMAGINARY
          0   0.0082448  0.00387431  0.00375915
 -0.0082448           0 -0.00443757  -0.0117915
-0.00387431  0.00443757           0 -0.00398171
-0.00375915   0.0117915  0.00398171           0
Repeater1[0]<--->EndNode1[0]
REAL
     0.32381 -0.000280612   -0.0100125    0.0408987
-0.000280612     0.209524    0.0141013  1.25313e-05
  -0.0100125    0.0141013     0.238095    0.0277806
   0.0408987  1.25313e-05    0.0277806     0.228571
IMAGINARY
           0  0.000939691    0.0157931  0.000665779
-0.000939691            0   0.00399467   -0.0190611
  -0.0157931  -0.00399467            0  -0.00812923
-0.000665779    0.0190611   0.00812923            0
Repeater1[0]<--->HoM1[0]
REAL
    0.289673  -0.00329676  -0.00887196    0.0382593
 -0.00329676     0.236776    0.0388683   0.00754218
 -0.00887196    0.0388683     0.234257 -0.000692598
   0.0382593   0.00754218 -0.000692598     0.239295
IMAGINARY
          0  0.00387431   0.0082448  0.00375915
-0.00387431           0  0.00443757 -0.00398171
 -0.0082448 -0.00443757           0  -0.0117915
-0.00375915  0.00398171   0.0117915           0
EndNode1[0]<--->Repeater1[0]
REAL
    0.29611  -0.0226611 -0.00604194   0.0515727
 -0.0226611     0.25345   0.0251908   0.0219479
-0.00604194   0.0251908      0.2133  0.00813833
  0.0515727   0.0219479  0.00813833    0.237139
IMAGINARY
          0  0.00477707  0.00537176  -0.0176096
-0.00477707           0  0.00277086  -0.0166783
-0.00537176 -0.00277086           0 -0.00477707
  0.0176096   0.0166783  0.00477707           0
EndNode2[0]<--->HoM1[0]
REAL
   0.280362 -0.00549854  0.00782083   0.0618892
-0.00549854    0.244186   0.0196897 -0.00255768
 0.00782083   0.0196897     0.24031  0.00286696
  0.0618892 -0.00255768  0.00286696    0.235142
IMAGINARY
           0    0.0031918    0.0121928 -0.000951322
  -0.0031918            0   -0.0111815  0.000594893
  -0.0121928    0.0111815            0   -0.0108644
 0.000951322 -0.000594893    0.0108644            0
Repeater1[0]<--->EndNode1[0]
REAL
    0.29611 -0.00604194  -0.0226611   0.0515727
-0.00604194      0.2133   0.0251908  0.00813833
 -0.0226611   0.0251908     0.25345   0.0219479
  0.0515727  0.00813833   0.0219479    0.237139
IMAGINARY
          0  0.00537176  0.00477707  -0.0176096
-0.00537176           0 -0.00277086 -0.00477707
-0.00477707  0.00277086           0  -0.0166783
  0.0176096  0.00477707   0.0166783           0
Repeater1[0]<--->HoM1[0]
REAL
   0.280362  0.00782083 -0.00549854   0.0618892
 0.00782083     0.24031   0.0196897  0.00286696
-0.00549854   0.0196897    0.244186 -0.00255768
  0.0618892  0.00286696 -0.00255768    0.235142
IMAGINARY
           0    0.0121928    0.0031918 -0.000951322
  -0.0121928            0    0.0111815   -0.0108644
  -0.0031918   -0.0111815            0  0.000594893
 0.000951322    0.0108644 -0.000594893            0
EndNode1[0]<--->Repeater1[0]
REAL
   0.307292  0.00473058  -0.0141946   0.0574079
 0.00473058    0.260417   0.0224952 -0.00275452
 -0.0141946   0.0224952    0.209635  0.00858662
  0.0574079 -0.00275452  0.00858662    0.222656
IMAGINARY
          0  -0.0165461  0.00945609  0.00369013
  0.0165461           0   0.0126415  0.00675339
-0.00945609  -0.0126415           0   0.0115585
-0.00369013 -0.00675339  -0.0115585           0
EndNode2[0]<--->HoM1[0]
REAL
   0.263694   0.0019513 -0.00409273   0.0353078
  0.0019513    0.234395   0.0319878  -0.0128884
-0.00409273   0.0319878    0.234395   0.0062248
  0.0353078  -0.0128884   0.0062248    0.267516
IMAGINARY
           0 -0.000996016   -0.0018098  -0.00324057
 0.000996016            0   -0.0298229  -0.00682233
   0.0018098    0.0298229            0 -0.000996016
  0.00324057   0.00682233  0.000996016            0
Repeater1[0]<--->EndNode1[0]
REAL
   0.307292  -0.0141946  0.00473058   0.0574079
 -0.0141946    0.209635   0.0224952  0.00858662
 0.00473058   0.0224952    0.260417 -0.00275452
  0.0574079  0.00858662 -0.00275452    0.222656
IMAGINARY
          0  0.00945609  -0.0165461  0.00369013
-0.00945609           0  -0.0126415   0.0115585
  0.0165461   0.0126415           0  0.00675339
-0.00369013  -0.0115585 -0.00675339           0
Repeater1[0]<--->HoM1[0]
REAL
   0.263694 -0.00409273   0.0019513   0.0353078
-0.00409273    0.234395   0.0319878   0.0062248
  0.0019513   0.0319878    0.234395  -0.0128884
  0.0353078   0.0062248  -0.0128884    0.267516
IMAGINARY
           0   -0.0018098 -0.000996016  -0.00324057
   0.0018098            0    0.0298229 -0.000996016
 0.000996016   -0.0298229            0  -0.00682233
  0.00324057  0.000996016   0.00682233            0
EndNode1[0]<--->Repeater1[0]
REAL
   0.276455 -0.00686275   0.0122931    0.032302
-0.00686275    0.231481   0.0167176   0.0066611
  0.0122931   0.0167176    0.222222 -0.00686275
   0.032302   0.0066611 -0.00686275    0.269841
IMAGINARY
           0    -0.010731   -0.0251593  -0.00201848
    0.010731            0  -0.00517106 -0.000814728
   0.0251593   0.00517106            0  -0.00874951
  0.00201848  0.000814728   0.00874951            0
EndNode2[0]<--->HoM1[0]
REAL
  0.250932  0.0172912 0.00407778  0.0535592
 0.0172912    0.22236  0.0215079  0.0133485
0.00407778  0.0215079   0.264596  0.0229233
 0.0535592  0.0133485  0.0229233   0.262112
IMAGINARY
          0  0.00334879  0.00289159 -0.00686275
-0.00334879           0  0.00686275   0.0137751
-0.00289159 -0.00686275           0  -0.0392462
 0.00686275  -0.0137751   0.0392462           0
Repeater1[0]<--->EndNode1[0]
REAL
   0.276455   0.0122931 -0.00686275    0.032302
  0.0122931    0.222222   0.0167176 -0.00686275
-0.00686275   0.0167176    0.231481   0.0066611
   0.032302 -0.00686275   0.0066611    0.269841
IMAGINARY
           0   -0.0251593    -0.010731  -0.00201848
   0.0251593            0   0.00517106  -0.00874951
    0.010731  -0.00517106            0 -0.000814728
  0.00201848   0.00874951  0.000814728            0
Repeater1[0]<--->HoM1[0]
REAL
  0.250932 0.00407778  0.0172912  0.0535592
0.00407778   0.264596  0.0215079  0.0229233
 0.0172912  0.0215079    0.22236  0.0133485
 0.0535592  0.0229233  0.0133485   0.262112
IMAGINARY
          0  0.00289159  0.00334879 -0.00686275
-0.00289159           0 -0.00686275  -0.0392462
-0.00334879  0.00686275           0   0.0137751
 0.00686275   0.0392462  -0.0137751           0
