EndNode1[0]<--->Repeater1[0]
REAL
    0.466926   0.00396541  -0.00865548     0.371154
  0.00396541    0.0272374  -0.00868596 -0.000341945
 -0.00865548  -0.00868596    0.0466926   0.00888806
    0.371154 -0.000341945   0.00888806     0.459144
IMAGINARY
          0   -0.005561   0.0221557   -0.013507
   0.005561           0  -0.0166438  0.00387898
 -0.0221557   0.0166438           0  -0.0258142
   0.013507 -0.00387898   0.0258142           0
EndNode2[0]<--->HoM1[0]
REAL
   0.437414 -0.00291826   0.0122739    0.356744
-0.00291826    0.042641 -0.00790728  0.00839793
  0.0122739 -0.00790728   0.0481431   0.0145462
   0.356744  0.00839793   0.0145462    0.471802
IMAGINARY
           0   0.00880273   -0.0304281    0.0187157
 -0.00880273            0   -0.0143679  0.000861775
   0.0304281    0.0143679            0   0.00630896
  -0.0187157 -0.000861775  -0.00630896            0
Repeater1[0]<--->EndNode1[0]
REAL
    0.466926  -0.00865548   0.00396541     0.371154
 -0.00865548    0.0466926  -0.00868596   0.00888806
  0.00396541  -0.00868596    0.0272374 -0.000341945
    0.371154   0.00888806 -0.000341945     0.459144
IMAGINARY
          0   0.0221557   -0.005561   -0.013507
 -0.0221557           0   0.0166438  -0.0258142
   0.005561  -0.0166438           0  0.00387898
   0.013507   0.0258142 -0.00387898           0
Repeater1[0]<--->HoM1[0]
REAL
   0.437414   0.0122739 -0.00291826    0.356744
  0.0122739   0.0481431 -0.00790728   0.0145462
-0.00291826 -0.00790728    0.042641  0.00839793
   0.356744   0.0145462  0.00839793    0.471802
IMAGINARY
           0   -0.0304281   0.00880273    0.0187157
   0.0304281            0    0.0143679   0.00630896
 -0.00880273   -0.0143679            0  0.000861775
  -0.0187157  -0.00630896 -0.000861775            0
EndNode1[0]<--->Repeater1[0]
REAL
   0.462585 0.000391355 -0.00775945    0.358832
0.000391355   0.0367347  0.00635141   0.0182307
-0.00775945  0.00635141   0.0462585  -0.0121715
   0.358832   0.0182307  -0.0121715    0.454422
IMAGINARY
          0 -0.00535954   -0.011897  0.00572561
 0.00535954           0  0.00378009 -0.00768523
   0.011897 -0.00378009           0  0.00274857
-0.00572561  0.00768523 -0.00274857           0
EndNode2[0]<--->HoM1[0]
REAL
   0.462687 -0.00779678 0.000525134    0.369532
-0.00779678   0.0373134  0.00269765  -0.0272526
0.000525134  0.00269765    0.050995   -0.011108
   0.369532  -0.0272526   -0.011108    0.449005
IMAGINARY
          0  0.00442729 -0.00807391 -0.00380758
-0.00442729           0  -0.0119157 -0.00197635
 0.00807391   0.0119157           0  -0.0144775
 0.00380758  0.00197635   0.0144775           0
Repeater1[0]<--->EndNode1[0]
REAL
   0.462585 -0.00775945 0.000391355    0.358832
-0.00775945   0.0462585  0.00635141  -0.0121715
0.000391355  0.00635141   0.0367347   0.0182307
   0.358832  -0.0121715   0.0182307    0.454422
IMAGINARY
          0   -0.011897 -0.00535954  0.00572561
   0.011897           0 -0.00378009  0.00274857
 0.00535954  0.00378009           0 -0.00768523
-0.00572561 -0.00274857  0.00768523           0
Repeater1[0]<--->HoM1[0]
REAL
   0.462687 0.000525134 -0.00779678    0.369532
0.000525134    0.050995  0.00269765   -0.011108
-0.00779678  0.00269765   0.0373134  -0.0272526
   0.369532   -0.011108  -0.0272526    0.449005
IMAGINARY
          0 -0.00807391  0.00442729 -0.00380758
 0.00807391           0   0.0119157  -0.0144775
-0.00442729  -0.0119157           0 -0.00197635
 0.00380758   0.0144775  0.00197635           0
EndNode1[0]<--->Repeater1[0]
REAL
   0.498753  -0.0117177  -0.0118874    0.360319
 -0.0117177   0.0374065    0.002451 -0.00272507
 -0.0118874    0.002451   0.0311721    0.019977
   0.360319 -0.00272507    0.019977    0.432668
IMAGINARY
          0 -0.00433086  -0.0144585  -0.0258385
 0.00433086           0  -0.0192595 -0.00457706
  0.0144585   0.0192595           0  0.00813797
  0.0258385  0.00457706 -0.00813797           0
EndNode2[0]<--->HoM1[0]
REAL
   0.450439  0.00772511  0.00842304    0.361487
 0.00772511   0.0451694 -0.00943906   0.0133735
 0.00842304 -0.00943906   0.0414053 -0.00178059
   0.361487   0.0133735 -0.00178059    0.462986
IMAGINARY
          0 -0.00468659 -0.00108648   -0.015331
 0.00468659           0 -0.00413207   -0.013907
 0.00108648  0.00413207           0  0.00533848
   0.015331    0.013907 -0.00533848           0
Repeater1[0]<--->EndNode1[0]
REAL
   0.498753  -0.0118874  -0.0117177    0.360319
 -0.0118874   0.0311721    0.002451    0.019977
 -0.0117177    0.002451   0.0374065 -0.00272507
   0.360319    0.019977 -0.00272507    0.432668
IMAGINARY
          0  -0.0144585 -0.00433086  -0.0258385
  0.0144585           0   0.0192595  0.00813797
 0.00433086  -0.0192595           0 -0.00457706
  0.0258385 -0.00813797  0.00457706           0
Repeater1[0]<--->HoM1[0]
REAL
   0.450439  0.00842304  0.00772511    0.361487
 0.00842304   0.0414053 -0.00943906 -0.00178059
 0.00772511 -0.00943906   0.0451694   0.0133735
   0.361487 -0.00178059   0.0133735    0.462986
IMAGINARY
          0 -0.00108648 -0.00468659   -0.015331
 0.00108648           0  0.00413207  0.00533848
 0.00468659 -0.00413207           0   -0.013907
   0.015331 -0.00533848    0.013907           0
EndNode1[0]<--->Repeater1[0]
REAL
    0.45502 -0.00690458  -0.0126809    0.357725
-0.00690458   0.0495437  -0.0037528  -0.0106836
 -0.0126809  -0.0037528   0.0456323  -0.0152917
   0.357725  -0.0106836  -0.0152917    0.449804
IMAGINARY
           0 -0.000122255     0.010844  -0.00557929
 0.000122255            0   0.00237827  -0.00292844
   -0.010844  -0.00237827            0  -0.00911257
  0.00557929   0.00292844   0.00911257            0
EndNode2[0]<--->HoM1[0]
REAL
    0.44321  -0.0106002  0.00258646    0.346689
 -0.0106002   0.0358025 -0.00771727  0.00891557
 0.00258646 -0.00771727   0.0493827    -0.01714
   0.346689  0.00891557    -0.01714    0.471605
IMAGINARY
           0   0.00311994   -0.0191772  -0.00323086
 -0.00311994            0    0.0367429  0.000658661
   0.0191772   -0.0367429            0  -0.00503565
  0.00323086 -0.000658661   0.00503565            0
Repeater1[0]<--->EndNode1[0]
REAL
    0.45502  -0.0126809 -0.00690458    0.357725
 -0.0126809   0.0456323  -0.0037528  -0.0152917
-0.00690458  -0.0037528   0.0495437  -0.0106836
   0.357725  -0.0152917  -0.0106836    0.449804
IMAGINARY
           0     0.010844 -0.000122255  -0.00557929
   -0.010844            0  -0.00237827  -0.00911257
 0.000122255   0.00237827            0  -0.00292844
  0.00557929   0.00911257   0.00292844            0
Repeater1[0]<--->HoM1[0]
REAL
    0.44321  0.00258646  -0.0106002    0.346689
 0.00258646   0.0493827 -0.00771727    -0.01714
 -0.0106002 -0.00771727   0.0358025  0.00891557
   0.346689    -0.01714  0.00891557    0.471605
IMAGINARY
           0   -0.0191772   0.00311994  -0.00323086
   0.0191772            0   -0.0367429  -0.00503565
 -0.00311994    0.0367429            0  0.000658661
  0.00323086   0.00503565 -0.000658661            0
EndNode1[0]<--->Repeater1[0]
REAL
  0.442359 -0.0136887  0.0109618   0.371201
-0.0136887  0.0348525  0.0142309  0.0109618
 0.0109618  0.0142309   0.041555  0.0200536
  0.371201  0.0109618  0.0200536   0.481233
IMAGINARY
           0   0.00790696   -0.0125443  0.000930591
 -0.00790696            0    0.0150694    0.0107261
   0.0125443   -0.0150694            0   -0.0109373
-0.000930591   -0.0107261    0.0109373            0
EndNode2[0]<--->HoM1[0]
REAL
  0.422466 0.00143125  -0.010431   0.364984
0.00143125   0.046398 0.00630305 0.00795573
 -0.010431 0.00630305  0.0500611 0.00599449
  0.364984 0.00795573 0.00599449   0.481074
IMAGINARY
          0   0.0162177  0.00600428   -0.025969
 -0.0162177           0 -0.00602598  -0.0134067
-0.00600428  0.00602598           0  0.00329779
   0.025969   0.0134067 -0.00329779           0
Repeater1[0]<--->EndNode1[0]
REAL
  0.442359  0.0109618 -0.0136887   0.371201
 0.0109618   0.041555  0.0142309  0.0200536
-0.0136887  0.0142309  0.0348525  0.0109618
  0.371201  0.0200536  0.0109618   0.481233
IMAGINARY
           0   -0.0125443   0.00790696  0.000930591
   0.0125443            0   -0.0150694   -0.0109373
 -0.00790696    0.0150694            0    0.0107261
-0.000930591    0.0109373   -0.0107261            0
Repeater1[0]<--->HoM1[0]
REAL
  0.422466  -0.010431 0.00143125   0.364984
 -0.010431  0.0500611 0.00630305 0.00599449
0.00143125 0.00630305   0.046398 0.00795573
  0.364984 0.00599449 0.00795573   0.481074
IMAGINARY
          0  0.00600428   0.0162177   -0.025969
-0.00600428           0  0.00602598  0.00329779
 -0.0162177 -0.00602598           0  -0.0134067
   0.025969 -0.00329779   0.0134067           0
EndNode1[0]<--->Repeater1[0]
REAL
    0.473132 -0.000599081   0.00868096     0.354275
-0.000599081    0.0393185  0.000583637    -0.010526
  0.00868096  0.000583637    0.0432503   -0.0135461
    0.354275    -0.010526   -0.0135461     0.444299
IMAGINARY
         0 -0.0202095  0.0157115  0.0252402
 0.0202095          0  0.0150621  0.0118053
-0.0157115 -0.0150621          0 -0.0167032
-0.0252402 -0.0118053  0.0167032          0
EndNode2[0]<--->HoM1[0]
REAL
      0.435   0.0240924 -0.00623795    0.355992
  0.0240924     0.05125  0.00351186   0.0200121
-0.00623795  0.00351186       0.055  -0.0185828
   0.355992   0.0200121  -0.0185828     0.45875
IMAGINARY
         0 -0.0205543  0.0182339 -0.0223083
 0.0205543          0  0.0349245  0.0157087
-0.0182339 -0.0349245          0 -0.0199157
 0.0223083 -0.0157087  0.0199157          0
Repeater1[0]<--->EndNode1[0]
REAL
    0.473132   0.00868096 -0.000599081     0.354275
  0.00868096    0.0432503  0.000583637   -0.0135461
-0.000599081  0.000583637    0.0393185    -0.010526
    0.354275   -0.0135461    -0.010526     0.444299
IMAGINARY
         0  0.0157115 -0.0202095  0.0252402
-0.0157115          0 -0.0150621 -0.0167032
 0.0202095  0.0150621          0  0.0118053
-0.0252402  0.0167032 -0.0118053          0
Repeater1[0]<--->HoM1[0]
REAL
      0.435 -0.00623795   0.0240924    0.355992
-0.00623795       0.055  0.00351186  -0.0185828
  0.0240924  0.00351186     0.05125   0.0200121
   0.355992  -0.0185828   0.0200121     0.45875
IMAGINARY
         0  0.0182339 -0.0205543 -0.0223083
-0.0182339          0 -0.0349245 -0.0199157
 0.0205543  0.0349245          0  0.0157087
 0.0223083  0.0199157 -0.0157087          0
EndNode1[0]<--->Repeater1[0]
REAL
  0.478093 0.00937984  0.0118632   0.370741
0.00937984  0.0347938 0.00733918 -0.0176998
 0.0118632 0.00733918  0.0476804  0.0107239
  0.370741 -0.0176998  0.0107239   0.439433
IMAGINARY
          0 -0.00498335   0.0070006  0.00426407
 0.00498335           0   -0.015892   0.0187726
 -0.0070006    0.015892           0  -0.0130579
-0.00426407  -0.0187726   0.0130579           0
EndNode2[0]<--->HoM1[0]
REAL
   0.429658  0.00382675  0.00573929    0.364276
 0.00382675   0.0481622  0.00771347   0.0151733
 0.00573929  0.00771347   0.0418251 0.000609246
   0.364276   0.0151733 0.000609246    0.480355
IMAGINARY
          0   0.0209968 -0.00652641   -0.028471
 -0.0209968           0  0.00644167  0.00584982
 0.00652641 -0.00644167           0  -0.0149075
   0.028471 -0.00584982   0.0149075           0
Repeater1[0]<--->EndNode1[0]
REAL
  0.478093  0.0118632 0.00937984   0.370741
 0.0118632  0.0476804 0.00733918  0.0107239
0.00937984 0.00733918  0.0347938 -0.0176998
  0.370741  0.0107239 -0.0176998   0.439433
IMAGINARY
          0   0.0070006 -0.00498335  0.00426407
 -0.0070006           0    0.015892  -0.0130579
 0.00498335   -0.015892           0   0.0187726
-0.00426407   0.0130579  -0.0187726           0
Repeater1[0]<--->HoM1[0]
REAL
   0.429658  0.00573929  0.00382675    0.364276
 0.00573929   0.0418251  0.00771347 0.000609246
 0.00382675  0.00771347   0.0481622   0.0151733
   0.364276 0.000609246   0.0151733    0.480355
IMAGINARY
          0 -0.00652641   0.0209968   -0.028471
 0.00652641           0 -0.00644167  -0.0149075
 -0.0209968  0.00644167           0  0.00584982
   0.028471   0.0149075 -0.00584982           0
EndNode1[0]<--->Repeater1[0]
REAL
   0.469974   0.0195429 -0.00476435    0.361988
  0.0195429   0.0365535 -0.00543626   0.0123506
-0.00476435 -0.00543626   0.0339426  -0.0064394
   0.361988   0.0123506  -0.0064394     0.45953
IMAGINARY
          0  0.00977633 -0.00883361 -0.00815123
-0.00977633           0 -0.00948101 -0.00505528
 0.00883361  0.00948101           0  -0.0123016
 0.00815123  0.00505528   0.0123016           0
EndNode2[0]<--->HoM1[0]
REAL
   0.486891 -0.00499405 0.000933323    0.379837
-0.00499405   0.0499376   0.0109428  0.00403122
0.000933323   0.0109428   0.0499376 -0.00564425
   0.379837  0.00403122 -0.00564425    0.413233
IMAGINARY
          0   0.0057544 -0.00304663  -0.0177518
 -0.0057544           0  -0.0073079   0.0146148
 0.00304663   0.0073079           0  -0.0173225
  0.0177518  -0.0146148   0.0173225           0
Repeater1[0]<--->EndNode1[0]
REAL
   0.469974 -0.00476435   0.0195429    0.361988
-0.00476435   0.0339426 -0.00543626  -0.0064394
  0.0195429 -0.00543626   0.0365535   0.0123506
   0.361988  -0.0064394   0.0123506     0.45953
IMAGINARY
          0 -0.00883361  0.00977633 -0.00815123
 0.00883361           0  0.00948101  -0.0123016
-0.00977633 -0.00948101           0 -0.00505528
 0.00815123   0.0123016  0.00505528           0
Repeater1[0]<--->HoM1[0]
REAL
   0.486891 0.000933323 -0.00499405    0.379837
0.000933323   0.0499376   0.0109428 -0.00564425
-0.00499405   0.0109428   0.0499376  0.00403122
   0.379837 -0.00564425  0.00403122    0.413233
IMAGINARY
          0 -0.00304663   0.0057544  -0.0177518
 0.00304663           0   0.0073079  -0.0173225
 -0.0057544  -0.0073079           0   0.0146148
  0.0177518   0.0173225  -0.0146148           0
EndNode1[0]<--->Repeater1[0]
REAL
    0.474684 -0.000605464    0.0028445     0.363584
-0.000605464    0.0405063   0.00358396   -0.0028445
   0.0028445   0.00358396    0.0405063   -0.0019008
    0.363584   -0.0028445   -0.0019008     0.444304
IMAGINARY
          0  0.00470109  -0.0106297  -0.0121975
-0.00470109           0 -0.00690654  -0.0068703
  0.0106297  0.00690654           0   0.0277989
  0.0121975   0.0068703  -0.0277989           0
EndNode2[0]<--->HoM1[0]
REAL
   0.450535  -0.0136787 -0.00303594    0.367286
 -0.0136787   0.0427807 -0.00376287  -0.0106117
-0.00303594 -0.00376287   0.0441176 -0.00741307
   0.367286  -0.0106117 -0.00741307    0.462567
IMAGINARY
           0   -0.0422528    0.0252479  0.000514923
   0.0422528            0  -0.00836833    0.0158393
  -0.0252479   0.00836833            0  -0.00389131
-0.000514923   -0.0158393   0.00389131            0
Repeater1[0]<--->EndNode1[0]
REAL
    0.474684    0.0028445 -0.000605464     0.363584
   0.0028445    0.0405063   0.00358396   -0.0019008
-0.000605464   0.00358396    0.0405063   -0.0028445
    0.363584   -0.0019008   -0.0028445     0.444304
IMAGINARY
          0  -0.0106297  0.00470109  -0.0121975
  0.0106297           0  0.00690654   0.0277989
-0.00470109 -0.00690654           0  -0.0068703
  0.0121975  -0.0277989   0.0068703           0
Repeater1[0]<--->HoM1[0]
REAL
   0.450535 -0.00303594  -0.0136787    0.367286
-0.00303594   0.0441176 -0.00376287 -0.00741307
 -0.0136787 -0.00376287   0.0427807  -0.0106117
   0.367286 -0.00741307  -0.0106117    0.462567
IMAGINARY
           0    0.0252479   -0.0422528  0.000514923
  -0.0252479            0   0.00836833  -0.00389131
   0.0422528  -0.00836833            0    0.0158393
-0.000514923   0.00389131   -0.0158393            0
EndNode1[0]<--->Repeater1[0]
REAL
   0.440678  0.00228071 -0.00518417    0.356856
 0.00228071   0.0399516  0.00137199 0.000120874
-0.00518417  0.00137199   0.0375303 0.000250938
   0.356856 0.000120874 0.000250938     0.48184
IMAGINARY
          0   0.0125748  -0.0147017 -0.00784853
 -0.0125748           0    0.022842 -0.00142735
  0.0147017   -0.022842           0  0.00355421
 0.00784853  0.00142735 -0.00355421           0
EndNode2[0]<--->HoM1[0]
REAL
  0.470588 -0.0118934 -0.0228181   0.363181
-0.0118934  0.0522876  0.0124532  0.0126658
-0.0228181  0.0124532  0.0313725 0.00427915
  0.363181  0.0126658 0.00427915   0.445752
IMAGINARY
           0   0.00432112  -0.00263375  -0.00656474
 -0.00432112            0    0.0211772    0.0159833
  0.00263375   -0.0211772            0  0.000533245
  0.00656474   -0.0159833 -0.000533245            0
Repeater1[0]<--->EndNode1[0]
REAL
   0.440678 -0.00518417  0.00228071    0.356856
-0.00518417   0.0375303  0.00137199 0.000250938
 0.00228071  0.00137199   0.0399516 0.000120874
   0.356856 0.000250938 0.000120874     0.48184
IMAGINARY
          0  -0.0147017   0.0125748 -0.00784853
  0.0147017           0   -0.022842  0.00355421
 -0.0125748    0.022842           0 -0.00142735
 0.00784853 -0.00355421  0.00142735           0
Repeater1[0]<--->HoM1[0]
REAL
  0.470588 -0.0228181 -0.0118934   0.363181
-0.0228181  0.0313725  0.0124532 0.00427915
-0.0118934  0.0124532  0.0522876  0.0126658
  0.363181 0.00427915  0.0126658   0.445752
IMAGINARY
           0  -0.00263375   0.00432112  -0.00656474
  0.00263375            0   -0.0211772  0.000533245
 -0.00432112    0.0211772            0    0.0159833
  0.00656474 -0.000533245   -0.0159833            0
EndNode1[0]<--->Repeater1[0]
REAL
  0.455863 0.00279582 0.00435843   0.361462
0.00279582  0.0368906 0.00783511  0.0135207
0.00435843 0.00783511  0.0461133 -0.0021793
  0.361462  0.0135207 -0.0021793   0.461133
IMAGINARY
          0  -0.0174971  0.00483364   0.0131251
  0.0174971           0  -0.0194703  0.00552905
-0.00483364   0.0194703           0 -0.00970493
 -0.0131251 -0.00552905  0.00970493           0
EndNode2[0]<--->HoM1[0]
REAL
  0.453247 -0.0247256 -0.0164719   0.358843
-0.0247256  0.0402597  0.0041533  -0.023861
-0.0164719  0.0041533  0.0428571 -0.0194485
  0.358843  -0.023861 -0.0194485   0.463636
IMAGINARY
          0   0.0107277  -0.0050715      0.0114
 -0.0107277           0  -0.0247758    0.011016
  0.0050715   0.0247758           0  0.00182184
    -0.0114   -0.011016 -0.00182184           0
Repeater1[0]<--->EndNode1[0]
REAL
  0.455863 0.00435843 0.00279582   0.361462
0.00435843  0.0461133 0.00783511 -0.0021793
0.00279582 0.00783511  0.0368906  0.0135207
  0.361462 -0.0021793  0.0135207   0.461133
IMAGINARY
          0  0.00483364  -0.0174971   0.0131251
-0.00483364           0   0.0194703 -0.00970493
  0.0174971  -0.0194703           0  0.00552905
 -0.0131251  0.00970493 -0.00552905           0
Repeater1[0]<--->HoM1[0]
REAL
  0.453247 -0.0164719 -0.0247256   0.358843
-0.0164719  0.0428571  0.0041533 -0.0194485
-0.0247256  0.0041533  0.0402597  -0.023861
  0.358843 -0.0194485  -0.023861   0.463636
IMAGINARY
          0  -0.0050715   0.0107277      0.0114
  0.0050715           0   0.0247758  0.00182184
 -0.0107277  -0.0247758           0    0.011016
    -0.0114 -0.00182184   -0.011016           0
EndNode1[0]<--->Repeater1[0]
REAL
    0.449602  0.000626786 -0.000633567      0.36576
 0.000626786    0.0371353   0.00843802  -0.00385937
-0.000633567   0.00843802     0.035809   0.00258246
     0.36576  -0.00385937   0.00258246     0.477454
IMAGINARY
           0    0.0246946 -0.000115916   0.00985504
  -0.0246946            0    0.0206555   -0.0117739
 0.000115916   -0.0206555            0  -0.00279227
 -0.00985504    0.0117739   0.00279227            0
EndNode2[0]<--->HoM1[0]
REAL
    0.465823  -0.00819376 -0.000784609     0.357658
 -0.00819376     0.043038   0.00403108    0.0160845
-0.000784609   0.00403108    0.0392405    0.0247176
    0.357658    0.0160845    0.0247176     0.451899
IMAGINARY
           0  0.000644304   -0.0198067    -0.010689
-0.000644304            0   0.00196081   -0.0035094
   0.0198067  -0.00196081            0   0.00324171
    0.010689    0.0035094  -0.00324171            0
Repeater1[0]<--->EndNode1[0]
REAL
    0.449602 -0.000633567  0.000626786      0.36576
-0.000633567     0.035809   0.00843802   0.00258246
 0.000626786   0.00843802    0.0371353  -0.00385937
     0.36576   0.00258246  -0.00385937     0.477454
IMAGINARY
           0 -0.000115916    0.0246946   0.00985504
 0.000115916            0   -0.0206555  -0.00279227
  -0.0246946    0.0206555            0   -0.0117739
 -0.00985504   0.00279227    0.0117739            0
Repeater1[0]<--->HoM1[0]
REAL
    0.465823 -0.000784609  -0.00819376     0.357658
-0.000784609    0.0392405   0.00403108    0.0247176
 -0.00819376   0.00403108     0.043038    0.0160845
    0.357658    0.0247176    0.0160845     0.451899
IMAGINARY
           0   -0.0198067  0.000644304    -0.010689
   0.0198067            0  -0.00196081   0.00324171
-0.000644304   0.00196081            0   -0.0035094
    0.010689  -0.00324171    0.0035094            0
EndNode1[0]<--->Repeater1[0]
REAL
    0.448735 -0.000393445  -0.00116168     0.362142
-0.000393445    0.0492676   0.00787076   0.00695318
 -0.00116168   0.00787076    0.0386152   0.00232395
    0.362142   0.00695318   0.00232395     0.463382
IMAGINARY
           0   -0.0315976      0.01439   0.00280011
   0.0315976            0 -0.000849525    0.0295799
    -0.01439  0.000849525            0   0.00270316
 -0.00280011   -0.0295799  -0.00270316            0
EndNode2[0]<--->HoM1[0]
REAL
  0.453518 -0.0307954 0.00577203   0.370779
-0.0307954  0.0414573  0.0030947 -0.0218595
0.00577203  0.0030947  0.0339196  0.0121339
  0.370779 -0.0218595  0.0121339   0.471106
IMAGINARY
          0   0.0176916 -0.00634679   0.0120546
 -0.0176916           0   0.0139801  0.00507453
 0.00634679  -0.0139801           0 -0.00624117
 -0.0120546 -0.00507453  0.00624117           0
Repeater1[0]<--->EndNode1[0]
REAL
    0.448735  -0.00116168 -0.000393445     0.362142
 -0.00116168    0.0386152   0.00787076   0.00232395
-0.000393445   0.00787076    0.0492676   0.00695318
    0.362142   0.00232395   0.00695318     0.463382
IMAGINARY
           0      0.01439   -0.0315976   0.00280011
    -0.01439            0  0.000849525   0.00270316
   0.0315976 -0.000849525            0    0.0295799
 -0.00280011  -0.00270316   -0.0295799            0
Repeater1[0]<--->HoM1[0]
REAL
  0.453518 0.00577203 -0.0307954   0.370779
0.00577203  0.0339196  0.0030947  0.0121339
-0.0307954  0.0030947  0.0414573 -0.0218595
  0.370779  0.0121339 -0.0218595   0.471106
IMAGINARY
          0 -0.00634679   0.0176916   0.0120546
 0.00634679           0  -0.0139801 -0.00624117
 -0.0176916   0.0139801           0  0.00507453
 -0.0120546  0.00624117 -0.00507453           0
EndNode1[0]<--->Repeater1[0]
REAL
    0.46789   0.0105932  -0.0122076    0.366162
  0.0105932    0.061599  0.00252525 -0.00168129
 -0.0122076  0.00252525   0.0458716  -0.0118558
   0.366162 -0.00168129  -0.0118558     0.42464
IMAGINARY
          0  0.00334225   0.0107675  0.00627968
-0.00334225           0   0.0136688 -0.00274606
 -0.0107675  -0.0136688           0   -0.019385
-0.00627968  0.00274606    0.019385           0
EndNode2[0]<--->HoM1[0]
REAL
    0.438802   0.00956854   0.00188916     0.372122
  0.00956854    0.0286458   -0.0015758 -0.000701513
  0.00188916   -0.0015758    0.0481771   -0.0119438
    0.372122 -0.000701513   -0.0119438     0.484375
IMAGINARY
          0  -0.0203399   0.0130484   0.0106766
  0.0203399           0  -0.0164237   0.0142953
 -0.0130484   0.0164237           0  0.00992325
 -0.0106766  -0.0142953 -0.00992325           0
Repeater1[0]<--->EndNode1[0]
REAL
    0.46789  -0.0122076   0.0105932    0.366162
 -0.0122076   0.0458716  0.00252525  -0.0118558
  0.0105932  0.00252525    0.061599 -0.00168129
   0.366162  -0.0118558 -0.00168129     0.42464
IMAGINARY
          0   0.0107675  0.00334225  0.00627968
 -0.0107675           0  -0.0136688   -0.019385
-0.00334225   0.0136688           0 -0.00274606
-0.00627968    0.019385  0.00274606           0
Repeater1[0]<--->HoM1[0]
REAL
    0.438802   0.00188916   0.00956854     0.372122
  0.00188916    0.0481771   -0.0015758   -0.0119438
  0.00956854   -0.0015758    0.0286458 -0.000701513
    0.372122   -0.0119438 -0.000701513     0.484375
IMAGINARY
          0   0.0130484  -0.0203399   0.0106766
 -0.0130484           0   0.0164237  0.00992325
  0.0203399  -0.0164237           0   0.0142953
 -0.0106766 -0.00992325  -0.0142953           0
EndNode1[0]<--->Repeater1[0]
REAL
   0.450904  0.00720763  0.00883838    0.361268
 0.00720763   0.0400517 -0.00394429  0.00631313
 0.00883838 -0.00394429   0.0426357    0.024358
   0.361268  0.00631313    0.024358    0.466408
IMAGINARY
          0  0.00700964 -0.00746922  -0.0014566
-0.00700964           0   0.0176274   0.0106785
 0.00746922  -0.0176274           0  -0.0217722
  0.0014566  -0.0106785   0.0217722           0
EndNode2[0]<--->HoM1[0]
REAL
  0.422368  0.0249688 -0.0121214   0.364143
 0.0249688  0.0421053  0.0110215  0.0390597
-0.0121214  0.0110215  0.0381579 0.00328352
  0.364143  0.0390597 0.00328352   0.497368
IMAGINARY
          0  0.00652025   -0.011545  0.00462589
-0.00652025           0   0.0188011  -0.0147708
   0.011545  -0.0188011           0   0.0222435
-0.00462589   0.0147708  -0.0222435           0
Repeater1[0]<--->EndNode1[0]
REAL
   0.450904  0.00883838  0.00720763    0.361268
 0.00883838   0.0426357 -0.00394429    0.024358
 0.00720763 -0.00394429   0.0400517  0.00631313
   0.361268    0.024358  0.00631313    0.466408
IMAGINARY
          0 -0.00746922  0.00700964  -0.0014566
 0.00746922           0  -0.0176274  -0.0217722
-0.00700964   0.0176274           0   0.0106785
  0.0014566   0.0217722  -0.0106785           0
Repeater1[0]<--->HoM1[0]
REAL
  0.422368 -0.0121214  0.0249688   0.364143
-0.0121214  0.0381579  0.0110215 0.00328352
 0.0249688  0.0110215  0.0421053  0.0390597
  0.364143 0.00328352  0.0390597   0.497368
IMAGINARY
          0   -0.011545  0.00652025  0.00462589
   0.011545           0  -0.0188011   0.0222435
-0.00652025   0.0188011           0  -0.0147708
-0.00462589  -0.0222435   0.0147708           0
EndNode1[0]<--->Repeater1[0]
REAL
   0.468912   0.0011584   0.0114396    0.370736
  0.0011584   0.0375648 -0.00686824  -0.0139841
  0.0114396 -0.00686824   0.0323834  -0.0202424
   0.370736  -0.0139841  -0.0202424     0.46114
IMAGINARY
          0  0.00426578  -0.0111376  0.00412122
-0.00426578           0  0.00211319   0.0150438
  0.0111376 -0.00211319           0 -0.00817203
-0.00412122  -0.0150438  0.00817203           0
EndNode2[0]<--->HoM1[0]
REAL
  0.457364 -0.0161606  -0.007762   0.363252
-0.0161606  0.0439276   0.010937 0.00841051
 -0.007762   0.010937  0.0503876  0.0284823
  0.363252 0.00841051  0.0284823    0.44832
IMAGINARY
           0   -0.0136312    0.0148768 -0.000656168
   0.0136312            0   -0.0124672    0.0257991
  -0.0148768    0.0124672            0   0.00299287
 0.000656168   -0.0257991  -0.00299287            0
Repeater1[0]<--->EndNode1[0]
REAL
   0.468912   0.0114396   0.0011584    0.370736
  0.0114396   0.0323834 -0.00686824  -0.0202424
  0.0011584 -0.00686824   0.0375648  -0.0139841
   0.370736  -0.0202424  -0.0139841     0.46114
IMAGINARY
          0  -0.0111376  0.00426578  0.00412122
  0.0111376           0 -0.00211319 -0.00817203
-0.00426578  0.00211319           0   0.0150438
-0.00412122  0.00817203  -0.0150438           0
Repeater1[0]<--->HoM1[0]
REAL
  0.457364  -0.007762 -0.0161606   0.363252
 -0.007762  0.0503876   0.010937  0.0284823
-0.0161606   0.010937  0.0439276 0.00841051
  0.363252  0.0284823 0.00841051    0.44832
IMAGINARY
           0    0.0148768   -0.0136312 -0.000656168
  -0.0148768            0    0.0124672   0.00299287
   0.0136312   -0.0124672            0    0.0257991
 0.000656168  -0.00299287   -0.0257991            0
EndNode1[0]<--->Repeater1[0]
REAL
   0.450932  0.00854408 -0.00260548    0.375188
 0.00854408   0.0360248 -0.00276504  -0.0244564
-0.00260548 -0.00276504    0.042236   -0.024008
   0.375188  -0.0244564   -0.024008    0.470807
IMAGINARY
          0 -0.00951055  0.00827393  -0.0405178
 0.00951055           0  -0.0090317   0.0140358
-0.00827393   0.0090317           0  -0.0114868
  0.0405178  -0.0140358   0.0114868           0
EndNode2[0]<--->HoM1[0]
REAL
   0.480296 -0.00855272  -0.0196459     0.35419
-0.00855272   0.0455665  0.00639298  -0.0190106
 -0.0196459  0.00639298   0.0258621  -0.0123598
    0.35419  -0.0190106  -0.0123598    0.448276
IMAGINARY
          0  0.00388226   0.0170805 -0.00669159
-0.00388226           0   0.0104137   0.0129596
 -0.0170805  -0.0104137           0 -0.00187959
 0.00669159  -0.0129596  0.00187959           0
Repeater1[0]<--->EndNode1[0]
REAL
   0.450932 -0.00260548  0.00854408    0.375188
-0.00260548    0.042236 -0.00276504   -0.024008
 0.00854408 -0.00276504   0.0360248  -0.0244564
   0.375188   -0.024008  -0.0244564    0.470807
IMAGINARY
          0  0.00827393 -0.00951055  -0.0405178
-0.00827393           0   0.0090317  -0.0114868
 0.00951055  -0.0090317           0   0.0140358
  0.0405178   0.0114868  -0.0140358           0
Repeater1[0]<--->HoM1[0]
REAL
   0.480296  -0.0196459 -0.00855272     0.35419
 -0.0196459   0.0258621  0.00639298  -0.0123598
-0.00855272  0.00639298   0.0455665  -0.0190106
    0.35419  -0.0123598  -0.0190106    0.448276
IMAGINARY
          0   0.0170805  0.00388226 -0.00669159
 -0.0170805           0  -0.0104137 -0.00187959
-0.00388226   0.0104137           0   0.0129596
 0.00669159  0.00187959  -0.0129596           0
EndNode1[0]<--->Repeater1[0]
REAL
   0.480552   0.0209357  0.00221961    0.374819
  0.0209357   0.0313676  -0.0207582 0.000318465
 0.00221961  -0.0207582   0.0363864  0.00825212
   0.374819 0.000318465  0.00825212    0.451694
IMAGINARY
          0   0.0106128  -0.0155309  0.00412404
 -0.0106128           0  -0.0123885  0.00815988
  0.0155309   0.0123885           0  0.00290072
-0.00412404 -0.00815988 -0.00290072           0
EndNode2[0]<--->HoM1[0]
REAL
   0.426309 -0.00392521   -0.013712     0.35964
-0.00392521   0.0572473  0.00736747  0.00220308
  -0.013712  0.00736747   0.0487211 -0.00758374
    0.35964  0.00220308 -0.00758374    0.467722
IMAGINARY
          0 -0.00355114  -0.0048403  -0.0101997
 0.00355114           0  0.00368924   0.0176244
  0.0048403 -0.00368924           0 -0.00355114
  0.0101997  -0.0176244  0.00355114           0
Repeater1[0]<--->EndNode1[0]
REAL
   0.480552  0.00221961   0.0209357    0.374819
 0.00221961   0.0363864  -0.0207582  0.00825212
  0.0209357  -0.0207582   0.0313676 0.000318465
   0.374819  0.00825212 0.000318465    0.451694
IMAGINARY
          0  -0.0155309   0.0106128  0.00412404
  0.0155309           0   0.0123885  0.00290072
 -0.0106128  -0.0123885           0  0.00815988
-0.00412404 -0.00290072 -0.00815988           0
Repeater1[0]<--->HoM1[0]
REAL
   0.426309   -0.013712 -0.00392521     0.35964
  -0.013712   0.0487211  0.00736747 -0.00758374
-0.00392521  0.00736747   0.0572473  0.00220308
    0.35964 -0.00758374  0.00220308    0.467722
IMAGINARY
          0  -0.0048403 -0.00355114  -0.0101997
  0.0048403           0 -0.00368924 -0.00355114
 0.00355114  0.00368924           0   0.0176244
  0.0101997  0.00355114  -0.0176244           0
EndNode1[0]<--->Repeater1[0]
REAL
   0.464194  0.00714286 -0.00461717    0.374192
 0.00714286   0.0473146  0.00779541  0.00523829
-0.00461717  0.00779541   0.0319693  0.00714286
   0.374192  0.00523829  0.00714286    0.456522
IMAGINARY
          0  0.00420341  0.00915164  -0.0163299
-0.00420341           0  -0.0182855  0.00231934
-0.00915164   0.0182855           0   -0.019723
  0.0163299 -0.00231934    0.019723           0
EndNode2[0]<--->HoM1[0]
REAL
    0.503788   0.00717099   -0.0017332     0.358261
  0.00717099    0.0214646   0.00425552   -0.0118855
  -0.0017332   0.00425552    0.0454545 -3.73976e-05
    0.358261   -0.0118855 -3.73976e-05     0.429293
IMAGINARY
           0   -0.0118948   0.00301579  -0.00253275
   0.0118948            0 -0.000660094  -0.00430778
 -0.00301579  0.000660094            0    0.0170627
  0.00253275   0.00430778   -0.0170627            0
Repeater1[0]<--->EndNode1[0]
REAL
   0.464194 -0.00461717  0.00714286    0.374192
-0.00461717   0.0319693  0.00779541  0.00714286
 0.00714286  0.00779541   0.0473146  0.00523829
   0.374192  0.00714286  0.00523829    0.456522
IMAGINARY
          0  0.00915164  0.00420341  -0.0163299
-0.00915164           0   0.0182855   -0.019723
-0.00420341  -0.0182855           0  0.00231934
  0.0163299    0.019723 -0.00231934           0
Repeater1[0]<--->HoM1[0]
REAL
    0.503788   -0.0017332   0.00717099     0.358261
  -0.0017332    0.0454545   0.00425552 -3.73976e-05
  0.00717099   0.00425552    0.0214646   -0.0118855
    0.358261 -3.73976e-05   -0.0118855     0.429293
IMAGINARY
           0   0.00301579   -0.0118948  -0.00253275
 -0.00301579            0  0.000660094    0.0170627
   0.0118948 -0.000660094            0  -0.00430778
  0.00253275   -0.0170627   0.00430778            0
EndNode1[0]<--->Repeater1[0]
REAL
    0.46371  -0.0179274  -0.0084682    0.358974
 -0.0179274   0.0322581   0.0128205  -0.0184549
 -0.0084682   0.0128205   0.0430108 -0.00130336
   0.358974  -0.0184549 -0.00130336    0.461022
IMAGINARY
           0  0.000624376   0.00545243    0.0190679
-0.000624376            0   0.00776137   0.00352193
 -0.00545243  -0.00776137            0   0.00322178
  -0.0190679  -0.00352193  -0.00322178            0
EndNode2[0]<--->HoM1[0]
REAL
   0.440986 -0.00658308  -0.0019995     0.36835
-0.00658308   0.0415045    0.007136  0.00394502
 -0.0019995    0.007136   0.0492866  0.00852861
    0.36835  0.00394502  0.00852861    0.468223
IMAGINARY
           0  -0.00872831    0.0150696   0.00656296
  0.00872831            0   -0.0132834  0.000419893
  -0.0150696    0.0132834            0   -0.0141961
 -0.00656296 -0.000419893    0.0141961            0
Repeater1[0]<--->EndNode1[0]
REAL
    0.46371  -0.0084682  -0.0179274    0.358974
 -0.0084682   0.0430108   0.0128205 -0.00130336
 -0.0179274   0.0128205   0.0322581  -0.0184549
   0.358974 -0.00130336  -0.0184549    0.461022
IMAGINARY
           0   0.00545243  0.000624376    0.0190679
 -0.00545243            0  -0.00776137   0.00322178
-0.000624376   0.00776137            0   0.00352193
  -0.0190679  -0.00322178  -0.00352193            0
Repeater1[0]<--->HoM1[0]
REAL
   0.440986  -0.0019995 -0.00658308     0.36835
 -0.0019995   0.0492866    0.007136  0.00852861
-0.00658308    0.007136   0.0415045  0.00394502
    0.36835  0.00852861  0.00394502    0.468223
IMAGINARY
           0    0.0150696  -0.00872831   0.00656296
  -0.0150696            0    0.0132834   -0.0141961
  0.00872831   -0.0132834            0  0.000419893
 -0.00656296    0.0141961 -0.000419893            0
EndNode1[0]<--->Repeater1[0]
REAL
   0.488498  -0.0120976  0.00556702    0.366761
 -0.0120976   0.0365359  -0.0130408 -0.00115341
 0.00556702  -0.0130408   0.0338295   0.0190333
   0.366761 -0.00115341   0.0190333    0.441137
IMAGINARY
           0    0.0139567   0.00248216    0.0154825
  -0.0139567            0  -0.00029258 -0.000623427
 -0.00248216   0.00029258            0   -0.0120979
  -0.0154825  0.000623427    0.0120979            0
EndNode2[0]<--->HoM1[0]
REAL
   0.451697  -0.0124723 -0.00773378    0.378552
 -0.0124723     0.04047   0.0107606  -0.0189838
-0.00773378   0.0107606   0.0313316 -0.00279488
   0.378552  -0.0189838 -0.00279488    0.476501
IMAGINARY
          0  0.00894886  -0.0080872 -0.00235673
-0.00894886           0 -0.00551729  -0.0080872
  0.0080872  0.00551729           0   0.0156644
 0.00235673   0.0080872  -0.0156644           0
Repeater1[0]<--->EndNode1[0]
REAL
   0.488498  0.00556702  -0.0120976    0.366761
 0.00556702   0.0338295  -0.0130408   0.0190333
 -0.0120976  -0.0130408   0.0365359 -0.00115341
   0.366761   0.0190333 -0.00115341    0.441137
IMAGINARY
           0   0.00248216    0.0139567    0.0154825
 -0.00248216            0   0.00029258   -0.0120979
  -0.0139567  -0.00029258            0 -0.000623427
  -0.0154825    0.0120979  0.000623427            0
Repeater1[0]<--->HoM1[0]
REAL
   0.451697 -0.00773378  -0.0124723    0.378552
-0.00773378   0.0313316   0.0107606 -0.00279488
 -0.0124723   0.0107606     0.04047  -0.0189838
   0.378552 -0.00279488  -0.0189838    0.476501
IMAGINARY
          0  -0.0080872  0.00894886 -0.00235673
  0.0080872           0  0.00551729   0.0156644
-0.00894886 -0.00551729           0  -0.0080872
 0.00235673  -0.0156644   0.0080872           0
EndNode1[0]<--->Repeater1[0]
REAL
    0.493781 -0.000168097  -0.00369499     0.359874
-0.000168097    0.0335821   -0.0052791    0.0180983
 -0.00369499   -0.0052791    0.0410448  -0.00737648
    0.359874    0.0180983  -0.00737648     0.431592
IMAGINARY
          0  0.00562857  0.00862533  0.00375028
-0.00562857           0   0.0108839  -0.0012822
-0.00862533  -0.0108839           0  0.00438479
-0.00375028   0.0012822 -0.00438479           0
EndNode2[0]<--->HoM1[0]
REAL
   0.461638   0.0045087    0.016011    0.368673
  0.0045087   0.0429129 -0.00106379 -0.00572818
   0.016011 -0.00106379   0.0416125  0.00191803
   0.368673 -0.00572818  0.00191803    0.453836
IMAGINARY
           0   0.00653747  -0.00740861  -0.00748648
 -0.00653747            0  -0.00357003  0.000829664
  0.00740861   0.00357003            0    0.0197783
  0.00748648 -0.000829664   -0.0197783            0
Repeater1[0]<--->EndNode1[0]
REAL
    0.493781  -0.00369499 -0.000168097     0.359874
 -0.00369499    0.0410448   -0.0052791  -0.00737648
-0.000168097   -0.0052791    0.0335821    0.0180983
    0.359874  -0.00737648    0.0180983     0.431592
IMAGINARY
          0  0.00862533  0.00562857  0.00375028
-0.00862533           0  -0.0108839  0.00438479
-0.00562857   0.0108839           0  -0.0012822
-0.00375028 -0.00438479   0.0012822           0
Repeater1[0]<--->HoM1[0]
REAL
   0.461638    0.016011   0.0045087    0.368673
   0.016011   0.0416125 -0.00106379  0.00191803
  0.0045087 -0.00106379   0.0429129 -0.00572818
   0.368673  0.00191803 -0.00572818    0.453836
IMAGINARY
           0  -0.00740861   0.00653747  -0.00748648
  0.00740861            0   0.00357003    0.0197783
 -0.00653747  -0.00357003            0  0.000829664
  0.00748648   -0.0197783 -0.000829664            0
EndNode1[0]<--->Repeater1[0]
REAL
   0.486318 -0.00124427  -0.0101323    0.371242
-0.00124427   0.0422886  0.00641095 -0.00672165
 -0.0101323  0.00641095   0.0522388  -0.0206034
   0.371242 -0.00672165  -0.0206034    0.419154
IMAGINARY
           0  -0.00869846 -0.000234668    0.0220496
  0.00869846            0    0.0129822   0.00711827
 0.000234668   -0.0129822            0   0.00682111
  -0.0220496  -0.00711827  -0.00682111            0
EndNode2[0]<--->HoM1[0]
REAL
   0.449875  -0.0113384  -0.0215686    0.371151
 -0.0113384   0.0426065  0.00335898  -0.0104575
 -0.0215686  0.00335898   0.0388471 -0.00238704
   0.371151  -0.0104575 -0.00238704    0.468672
IMAGINARY
          0  -0.0173104   0.0261888   0.0368819
  0.0173104           0   0.0295778  0.00967621
 -0.0261888  -0.0295778           0 -0.00448988
 -0.0368819 -0.00967621  0.00448988           0
Repeater1[0]<--->EndNode1[0]
REAL
   0.486318  -0.0101323 -0.00124427    0.371242
 -0.0101323   0.0522388  0.00641095  -0.0206034
-0.00124427  0.00641095   0.0422886 -0.00672165
   0.371242  -0.0206034 -0.00672165    0.419154
IMAGINARY
           0 -0.000234668  -0.00869846    0.0220496
 0.000234668            0   -0.0129822   0.00682111
  0.00869846    0.0129822            0   0.00711827
  -0.0220496  -0.00682111  -0.00711827            0
Repeater1[0]<--->HoM1[0]
REAL
   0.449875  -0.0215686  -0.0113384    0.371151
 -0.0215686   0.0388471  0.00335898 -0.00238704
 -0.0113384  0.00335898   0.0426065  -0.0104575
   0.371151 -0.00238704  -0.0104575    0.468672
IMAGINARY
          0   0.0261888  -0.0173104   0.0368819
 -0.0261888           0  -0.0295778 -0.00448988
  0.0173104   0.0295778           0  0.00967621
 -0.0368819  0.00448988 -0.00967621           0
EndNode1[0]<--->Repeater1[0]
REAL
  0.422517   0.018575 -0.0160571   0.372427
  0.018575  0.0370861  0.0148967  0.0384642
-0.0160571  0.0148967  0.0490066  0.0115146
  0.372427  0.0384642  0.0115146   0.491391
IMAGINARY
          0 -0.00561364   0.0236753  -0.0222667
 0.00561364           0   0.0100716   0.0177087
 -0.0236753  -0.0100716           0  -0.0154176
  0.0222667  -0.0177087   0.0154176           0
EndNode2[0]<--->HoM1[0]
REAL
   0.465582  0.00119892  0.00434065    0.369722
 0.00119892   0.0463079  0.00143597   -0.017343
 0.00434065  0.00143597   0.0375469 -0.00356299
   0.369722   -0.017343 -0.00356299    0.450563
IMAGINARY
          0  -0.0102302   0.0101549  -0.0136965
  0.0102302           0 -0.00341374  0.00519036
 -0.0101549  0.00341374           0   0.0217391
  0.0136965 -0.00519036  -0.0217391           0
Repeater1[0]<--->EndNode1[0]
REAL
  0.422517 -0.0160571   0.018575   0.372427
-0.0160571  0.0490066  0.0148967  0.0115146
  0.018575  0.0148967  0.0370861  0.0384642
  0.372427  0.0115146  0.0384642   0.491391
IMAGINARY
          0   0.0236753 -0.00561364  -0.0222667
 -0.0236753           0  -0.0100716  -0.0154176
 0.00561364   0.0100716           0   0.0177087
  0.0222667   0.0154176  -0.0177087           0
Repeater1[0]<--->HoM1[0]
REAL
   0.465582  0.00434065  0.00119892    0.369722
 0.00434065   0.0375469  0.00143597 -0.00356299
 0.00119892  0.00143597   0.0463079   -0.017343
   0.369722 -0.00356299   -0.017343    0.450563
IMAGINARY
          0   0.0101549  -0.0102302  -0.0136965
 -0.0101549           0  0.00341374   0.0217391
  0.0102302 -0.00341374           0  0.00519036
  0.0136965  -0.0217391 -0.00519036           0
EndNode1[0]<--->Repeater1[0]
REAL
    0.451899   0.00752918   -0.0055832      0.35121
  0.00752918    0.0443038     0.015024 -0.000910305
  -0.0055832     0.015024    0.0367089    -0.012724
     0.35121 -0.000910305    -0.012724     0.467089
IMAGINARY
           0  -0.00597257    0.0115359  0.000944964
  0.00597257            0  -0.00158029  -0.00664592
  -0.0115359   0.00158029            0  -0.00869736
-0.000944964   0.00664592   0.00869736            0
EndNode2[0]<--->HoM1[0]
REAL
   0.453086  0.00442595 -0.00833246    0.355498
 0.00442595   0.0407407  0.00716881   0.0229991
-0.00833246  0.00716881   0.0395062  0.00890738
   0.355498   0.0229991  0.00890738    0.466667
IMAGINARY
          0   0.0074813  0.00029197 -0.00125079
 -0.0074813           0  0.00512676  0.00227872
-0.00029197 -0.00512676           0  -0.0074813
 0.00125079 -0.00227872   0.0074813           0
Repeater1[0]<--->EndNode1[0]
REAL
    0.451899   -0.0055832   0.00752918      0.35121
  -0.0055832    0.0367089     0.015024    -0.012724
  0.00752918     0.015024    0.0443038 -0.000910305
     0.35121    -0.012724 -0.000910305     0.467089
IMAGINARY
           0    0.0115359  -0.00597257  0.000944964
  -0.0115359            0   0.00158029  -0.00869736
  0.00597257  -0.00158029            0  -0.00664592
-0.000944964   0.00869736   0.00664592            0
Repeater1[0]<--->HoM1[0]
REAL
   0.453086 -0.00833246  0.00442595    0.355498
-0.00833246   0.0395062  0.00716881  0.00890738
 0.00442595  0.00716881   0.0407407   0.0229991
   0.355498  0.00890738   0.0229991    0.466667
IMAGINARY
          0  0.00029197   0.0074813 -0.00125079
-0.00029197           0 -0.00512676  -0.0074813
 -0.0074813  0.00512676           0  0.00227872
 0.00125079   0.0074813 -0.00227872           0
