EndNode1[0]<--->Repeater1[0]
REAL
   0.470812 -0.00161516 -0.00127868    0.402027
-0.00161516   0.0482234 -0.00857356 -0.00193057
-0.00127868 -0.00857356   0.0444162 -0.00287778
   0.402027 -0.00193057 -0.00287778    0.436548
IMAGINARY
          0   0.0114675  -0.0184237 -0.00242923
 -0.0114675           0  -0.0227972  0.00501377
  0.0184237   0.0227972           0   0.0044967
 0.00242923 -0.00501377  -0.0044967           0
EndNode2[0]<--->HoM1[0]
REAL
    0.464198   0.00137621 -0.000361949     0.404144
  0.00137621     0.054321   0.00640331  -0.00164072
-0.000361949   0.00640331    0.0493827  -0.00204376
    0.404144  -0.00164072  -0.00204376     0.432099
IMAGINARY
          0   0.0176516 -0.00401876   0.0124302
 -0.0176516           0  0.00436567  -0.0120336
 0.00401876 -0.00436567           0 -0.00873363
 -0.0124302   0.0120336  0.00873363           0
Repeater1[0]<--->EndNode1[0]
REAL
   0.470812 -0.00127868 -0.00161516    0.402027
-0.00127868   0.0444162 -0.00857356 -0.00287778
-0.00161516 -0.00857356   0.0482234 -0.00193057
   0.402027 -0.00287778 -0.00193057    0.436548
IMAGINARY
          0  -0.0184237   0.0114675 -0.00242923
  0.0184237           0   0.0227972   0.0044967
 -0.0114675  -0.0227972           0  0.00501377
 0.00242923  -0.0044967 -0.00501377           0
Repeater1[0]<--->HoM1[0]
REAL
    0.464198 -0.000361949   0.00137621     0.404144
-0.000361949    0.0493827   0.00640331  -0.00204376
  0.00137621   0.00640331     0.054321  -0.00164072
    0.404144  -0.00204376  -0.00164072     0.432099
IMAGINARY
          0 -0.00401876   0.0176516   0.0124302
 0.00401876           0 -0.00436567 -0.00873363
 -0.0176516  0.00436567           0  -0.0120336
 -0.0124302  0.00873363   0.0120336           0
EndNode1[0]<--->Repeater1[0]
REAL
   0.446524  0.00216989  0.00624239    0.403366
 0.00216989   0.0561497 0.000833915  0.00688096
 0.00624239 0.000833915   0.0628342   0.0175152
   0.403366  0.00688096   0.0175152    0.434492
IMAGINARY
          0 -0.00189873 -0.00296641   0.0142872
 0.00189873           0  -0.0149053  0.00802971
 0.00296641   0.0149053           0 -0.00189873
 -0.0142872 -0.00802971  0.00189873           0
EndNode2[0]<--->HoM1[0]
REAL
   0.429348   0.0156387  0.00509473     0.41509
  0.0156387   0.0380435  0.00975048  0.00445941
 0.00509473  0.00975048   0.0421196 0.000284881
    0.41509  0.00445941 0.000284881    0.490489
IMAGINARY
          0   0.0102293   0.0106449 -0.00804764
 -0.0102293           0    0.012374  -0.0179265
 -0.0106449   -0.012374           0  0.00190663
 0.00804764   0.0179265 -0.00190663           0
Repeater1[0]<--->EndNode1[0]
REAL
   0.446524  0.00624239  0.00216989    0.403366
 0.00624239   0.0628342 0.000833915   0.0175152
 0.00216989 0.000833915   0.0561497  0.00688096
   0.403366   0.0175152  0.00688096    0.434492
IMAGINARY
          0 -0.00296641 -0.00189873   0.0142872
 0.00296641           0   0.0149053 -0.00189873
 0.00189873  -0.0149053           0  0.00802971
 -0.0142872  0.00189873 -0.00802971           0
Repeater1[0]<--->HoM1[0]
REAL
   0.429348  0.00509473   0.0156387     0.41509
 0.00509473   0.0421196  0.00975048 0.000284881
  0.0156387  0.00975048   0.0380435  0.00445941
    0.41509 0.000284881  0.00445941    0.490489
IMAGINARY
          0   0.0106449   0.0102293 -0.00804764
 -0.0106449           0   -0.012374  0.00190663
 -0.0102293    0.012374           0  -0.0179265
 0.00804764 -0.00190663   0.0179265           0
EndNode1[0]<--->Repeater1[0]
REAL
   0.444727   0.0107666 0.000773242    0.402135
  0.0107666   0.0368488  0.00213454  -0.0195313
0.000773242  0.00213454   0.0457433  -0.0114134
   0.402135  -0.0195313  -0.0114134    0.472681
IMAGINARY
          0  0.00423387   0.0193928 -0.00920549
-0.00423387           0  0.00311618 -0.00640576
 -0.0193928 -0.00311618           0  -0.0159222
 0.00920549  0.00640576   0.0159222           0
EndNode2[0]<--->HoM1[0]
REAL
   0.460459   0.0187487  0.00559868    0.385652
  0.0187487   0.0331633 -0.00352299    0.021651
 0.00559868 -0.00352299   0.0395408  0.00723355
   0.385652    0.021651  0.00723355    0.466837
IMAGINARY
          0  -0.0202927   0.0175672 -0.00462789
  0.0202927           0 -0.00131663  0.00176265
 -0.0175672  0.00131663           0  -0.0145012
 0.00462789 -0.00176265   0.0145012           0
Repeater1[0]<--->EndNode1[0]
REAL
   0.444727 0.000773242   0.0107666    0.402135
0.000773242   0.0457433  0.00213454  -0.0114134
  0.0107666  0.00213454   0.0368488  -0.0195313
   0.402135  -0.0114134  -0.0195313    0.472681
IMAGINARY
          0   0.0193928  0.00423387 -0.00920549
 -0.0193928           0 -0.00311618  -0.0159222
-0.00423387  0.00311618           0 -0.00640576
 0.00920549   0.0159222  0.00640576           0
Repeater1[0]<--->HoM1[0]
REAL
   0.460459  0.00559868   0.0187487    0.385652
 0.00559868   0.0395408 -0.00352299  0.00723355
  0.0187487 -0.00352299   0.0331633    0.021651
   0.385652  0.00723355    0.021651    0.466837
IMAGINARY
          0   0.0175672  -0.0202927 -0.00462789
 -0.0175672           0  0.00131663  -0.0145012
  0.0202927 -0.00131663           0  0.00176265
 0.00462789   0.0145012 -0.00176265           0
EndNode1[0]<--->Repeater1[0]
REAL
   0.465269 -0.00953729 -0.00252116    0.410324
-0.00953729   0.0589777  0.00249611 -0.00132499
-0.00252116  0.00249611   0.0419397  0.00569114
   0.410324 -0.00132499  0.00569114    0.433814
IMAGINARY
          0  0.00539448  -0.0212513  0.00173673
-0.00539448           0   0.0023955   0.0111503
  0.0212513  -0.0023955           0   0.0034439
-0.00173673  -0.0111503  -0.0034439           0
EndNode2[0]<--->HoM1[0]
REAL
   0.480818   0.0114309  0.00191243    0.406908
  0.0114309    0.044757 -0.00613514  0.00324221
 0.00191243 -0.00613514   0.0383632  -0.0256061
   0.406908  0.00324221  -0.0256061    0.436061
IMAGINARY
          0 -0.00153783  -0.0116235 -0.00989783
 0.00153783           0 -0.00989783     0.02569
  0.0116235  0.00989783           0  -0.0150862
 0.00989783    -0.02569   0.0150862           0
Repeater1[0]<--->EndNode1[0]
REAL
   0.465269 -0.00252116 -0.00953729    0.410324
-0.00252116   0.0419397  0.00249611  0.00569114
-0.00953729  0.00249611   0.0589777 -0.00132499
   0.410324  0.00569114 -0.00132499    0.433814
IMAGINARY
          0  -0.0212513  0.00539448  0.00173673
  0.0212513           0  -0.0023955   0.0034439
-0.00539448   0.0023955           0   0.0111503
-0.00173673  -0.0034439  -0.0111503           0
Repeater1[0]<--->HoM1[0]
REAL
   0.480818  0.00191243   0.0114309    0.406908
 0.00191243   0.0383632 -0.00613514  -0.0256061
  0.0114309 -0.00613514    0.044757  0.00324221
   0.406908  -0.0256061  0.00324221    0.436061
IMAGINARY
          0  -0.0116235 -0.00153783 -0.00989783
  0.0116235           0  0.00989783  -0.0150862
 0.00153783 -0.00989783           0     0.02569
 0.00989783   0.0150862    -0.02569           0
EndNode1[0]<--->Repeater1[0]
REAL
   0.476312  -0.0044941 -0.00920963    0.403323
 -0.0044941   0.0358515  0.00493389  -0.0255217
-0.00920963  0.00493389   0.0409731 -0.00926737
   0.403323  -0.0255217 -0.00926737    0.446863
IMAGINARY
          0 -0.00496854  0.00222305  0.00707981
 0.00496854           0  -0.0207339 -0.00160348
-0.00222305   0.0207339           0   0.0142622
-0.00707981  0.00160348  -0.0142622           0
EndNode2[0]<--->HoM1[0]
REAL
    0.48708   0.0122054   0.0237317    0.423043
  0.0122054   0.0400517 -0.00335341 -0.00300629
  0.0237317 -0.00335341   0.0478036  0.00851994
   0.423043 -0.00300629  0.00851994    0.425065
IMAGINARY
          0   -0.023687 -0.00868491  -0.0250754
   0.023687           0  0.00367461  0.00233973
 0.00868491 -0.00367461           0   0.0274941
  0.0250754 -0.00233973  -0.0274941           0
Repeater1[0]<--->EndNode1[0]
REAL
   0.476312 -0.00920963  -0.0044941    0.403323
-0.00920963   0.0409731  0.00493389 -0.00926737
 -0.0044941  0.00493389   0.0358515  -0.0255217
   0.403323 -0.00926737  -0.0255217    0.446863
IMAGINARY
          0  0.00222305 -0.00496854  0.00707981
-0.00222305           0   0.0207339   0.0142622
 0.00496854  -0.0207339           0 -0.00160348
-0.00707981  -0.0142622  0.00160348           0
Repeater1[0]<--->HoM1[0]
REAL
    0.48708   0.0237317   0.0122054    0.423043
  0.0237317   0.0478036 -0.00335341  0.00851994
  0.0122054 -0.00335341   0.0400517 -0.00300629
   0.423043  0.00851994 -0.00300629    0.425065
IMAGINARY
          0 -0.00868491   -0.023687  -0.0250754
 0.00868491           0 -0.00367461   0.0274941
   0.023687  0.00367461           0  0.00233973
  0.0250754  -0.0274941 -0.00233973           0
EndNode1[0]<--->Repeater1[0]
REAL
   0.436341   0.0112055  -0.0063763    0.411648
  0.0112055   0.0494438 -0.00457495   0.0237133
 -0.0063763 -0.00457495   0.0630408  0.00197066
   0.411648   0.0237133  0.00197066    0.451174
IMAGINARY
          0  -0.0250905   0.0206428  0.00987773
  0.0250905           0 -0.00538479   0.0232402
 -0.0206428  0.00538479           0  -0.0121435
-0.00987773  -0.0232402   0.0121435           0
EndNode2[0]<--->HoM1[0]
REAL
  0.441687 -0.0157107 -0.0194198   0.397575
-0.0157107  0.0347395 0.00910853 0.00870096
-0.0194198 0.00910853  0.0533499 0.00499192
  0.397575 0.00870096 0.00499192   0.470223
IMAGINARY
           0   0.00323119 -0.000343589   0.00953213
 -0.00323119            0   0.00163739  -0.00282498
 0.000343589  -0.00163739            0 -6.26199e-05
 -0.00953213   0.00282498  6.26199e-05            0
Repeater1[0]<--->EndNode1[0]
REAL
   0.436341  -0.0063763   0.0112055    0.411648
 -0.0063763   0.0630408 -0.00457495  0.00197066
  0.0112055 -0.00457495   0.0494438   0.0237133
   0.411648  0.00197066   0.0237133    0.451174
IMAGINARY
          0   0.0206428  -0.0250905  0.00987773
 -0.0206428           0  0.00538479  -0.0121435
  0.0250905 -0.00538479           0   0.0232402
-0.00987773   0.0121435  -0.0232402           0
Repeater1[0]<--->HoM1[0]
REAL
  0.441687 -0.0194198 -0.0157107   0.397575
-0.0194198  0.0533499 0.00910853 0.00499192
-0.0157107 0.00910853  0.0347395 0.00870096
  0.397575 0.00499192 0.00870096   0.470223
IMAGINARY
           0 -0.000343589   0.00323119   0.00953213
 0.000343589            0  -0.00163739 -6.26199e-05
 -0.00323119   0.00163739            0  -0.00282498
 -0.00953213  6.26199e-05   0.00282498            0
EndNode1[0]<--->Repeater1[0]
REAL
   0.445238   0.0132479    0.010301     0.40222
  0.0132479   0.0428571  0.00535349 -0.00195702
   0.010301  0.00535349   0.0559524  -0.0023365
    0.40222 -0.00195702  -0.0023365    0.455952
IMAGINARY
          0   0.0167634  -0.0169916    0.042973
 -0.0167634           0  0.00557684  -0.0247838
  0.0169916 -0.00557684           0   0.0263175
  -0.042973   0.0247838  -0.0263175           0
EndNode2[0]<--->HoM1[0]
REAL
   0.420026  -0.0157359  0.00661651    0.411548
 -0.0157359   0.0416125  -0.0055647   -0.013332
 0.00661651  -0.0055647   0.0377113 -0.00685264
   0.411548   -0.013332 -0.00685264     0.50065
IMAGINARY
           0  -0.00350982 -0.000398402   -0.0123494
  0.00350982            0 -0.000308835   0.00708289
 0.000398402  0.000308835            0   0.00484672
   0.0123494  -0.00708289  -0.00484672            0
Repeater1[0]<--->EndNode1[0]
REAL
   0.445238    0.010301   0.0132479     0.40222
   0.010301   0.0559524  0.00535349  -0.0023365
  0.0132479  0.00535349   0.0428571 -0.00195702
    0.40222  -0.0023365 -0.00195702    0.455952
IMAGINARY
          0  -0.0169916   0.0167634    0.042973
  0.0169916           0 -0.00557684   0.0263175
 -0.0167634  0.00557684           0  -0.0247838
  -0.042973  -0.0263175   0.0247838           0
Repeater1[0]<--->HoM1[0]
REAL
   0.420026  0.00661651  -0.0157359    0.411548
 0.00661651   0.0377113  -0.0055647 -0.00685264
 -0.0157359  -0.0055647   0.0416125   -0.013332
   0.411548 -0.00685264   -0.013332     0.50065
IMAGINARY
           0 -0.000398402  -0.00350982   -0.0123494
 0.000398402            0  0.000308835   0.00484672
  0.00350982 -0.000308835            0   0.00708289
   0.0123494  -0.00484672  -0.00708289            0
EndNode1[0]<--->Repeater1[0]
REAL
  0.456298  0.0176805 0.00221367   0.406107
 0.0176805  0.0514139  0.0097812  0.0144752
0.00221367  0.0097812  0.0398458  0.0030138
  0.406107  0.0144752  0.0030138   0.452442
IMAGINARY
           0   0.00130203 -0.000308785    0.0028303
 -0.00130203            0  -0.00702192   0.00949514
 0.000308785   0.00702192            0  -0.00655137
  -0.0028303  -0.00949514   0.00655137            0
EndNode2[0]<--->HoM1[0]
REAL
    0.464912  -0.00968575   -0.0191558     0.390987
 -0.00968575    0.0451128 -0.000759013  -0.00962597
  -0.0191558 -0.000759013    0.0388471    -0.019096
    0.390987  -0.00962597    -0.019096     0.451128
IMAGINARY
          0 -0.00450183   0.0129217 -0.00509735
 0.00450183           0 -0.00316186  -0.0135983
 -0.0129217  0.00316186           0   0.0187102
 0.00509735   0.0135983  -0.0187102           0
Repeater1[0]<--->EndNode1[0]
REAL
  0.456298 0.00221367  0.0176805   0.406107
0.00221367  0.0398458  0.0097812  0.0030138
 0.0176805  0.0097812  0.0514139  0.0144752
  0.406107  0.0030138  0.0144752   0.452442
IMAGINARY
           0 -0.000308785   0.00130203    0.0028303
 0.000308785            0   0.00702192  -0.00655137
 -0.00130203  -0.00702192            0   0.00949514
  -0.0028303   0.00655137  -0.00949514            0
Repeater1[0]<--->HoM1[0]
REAL
    0.464912   -0.0191558  -0.00968575     0.390987
  -0.0191558    0.0388471 -0.000759013    -0.019096
 -0.00968575 -0.000759013    0.0451128  -0.00962597
    0.390987    -0.019096  -0.00962597     0.451128
IMAGINARY
          0   0.0129217 -0.00450183 -0.00509735
 -0.0129217           0  0.00316186   0.0187102
 0.00450183 -0.00316186           0  -0.0135983
 0.00509735  -0.0187102   0.0135983           0
EndNode1[0]<--->Repeater1[0]
REAL
   0.430396 -0.00678535  -0.0204637    0.399484
-0.00678535   0.0485313  0.00446359  0.00993736
 -0.0204637  0.00446359    0.045977  0.00546956
   0.399484  0.00993736  0.00546956    0.475096
IMAGINARY
          0   0.0170524  0.00265943  -0.0104378
 -0.0170524           0   0.0123783  -0.0127536
-0.00265943  -0.0123783           0   0.0118844
  0.0104378   0.0127536  -0.0118844           0
EndNode2[0]<--->HoM1[0]
REAL
    0.456464   -0.0103524 -0.000529439     0.397562
  -0.0103524    0.0408971    0.0111682    0.0071432
-0.000529439    0.0111682    0.0408971    0.0209345
    0.397562    0.0071432    0.0209345     0.461741
IMAGINARY
          0  -0.0118858  0.00629292   0.0117213
  0.0118858           0   0.0111002   0.0102196
-0.00629292  -0.0111002           0 -0.00198478
 -0.0117213  -0.0102196  0.00198478           0
Repeater1[0]<--->EndNode1[0]
REAL
   0.430396  -0.0204637 -0.00678535    0.399484
 -0.0204637    0.045977  0.00446359  0.00546956
-0.00678535  0.00446359   0.0485313  0.00993736
   0.399484  0.00546956  0.00993736    0.475096
IMAGINARY
          0  0.00265943   0.0170524  -0.0104378
-0.00265943           0  -0.0123783   0.0118844
 -0.0170524   0.0123783           0  -0.0127536
  0.0104378  -0.0118844   0.0127536           0
Repeater1[0]<--->HoM1[0]
REAL
    0.456464 -0.000529439   -0.0103524     0.397562
-0.000529439    0.0408971    0.0111682    0.0209345
  -0.0103524    0.0111682    0.0408971    0.0071432
    0.397562    0.0209345    0.0071432     0.461741
IMAGINARY
          0  0.00629292  -0.0118858   0.0117213
-0.00629292           0  -0.0111002 -0.00198478
  0.0118858   0.0111002           0   0.0102196
 -0.0117213  0.00198478  -0.0102196           0
EndNode1[0]<--->Repeater1[0]
REAL
   0.456671  -0.0129195  -0.0050343    0.407759
 -0.0129195   0.0550206   0.0036331  -0.0164847
 -0.0050343   0.0036331   0.0343879 -0.00353616
   0.407759  -0.0164847 -0.00353616     0.45392
IMAGINARY
          0 -0.00365319  -0.0119867    0.017459
 0.00365319           0  0.00535713 -0.00378999
  0.0119867 -0.00535713           0   0.0206435
  -0.017459  0.00378999  -0.0206435           0
EndNode2[0]<--->HoM1[0]
REAL
   0.446404  -0.0107014 -0.00438328    0.397178
 -0.0107014   0.0420624 -0.00205637 -0.00903135
-0.00438328 -0.00205637   0.0556309  -0.0100303
   0.397178 -0.00903135  -0.0100303    0.455902
IMAGINARY
          0  0.00496101 -0.00561448 -0.00811975
-0.00496101           0    0.001338  0.00178795
 0.00561448   -0.001338           0 -0.00240999
 0.00811975 -0.00178795  0.00240999           0
Repeater1[0]<--->EndNode1[0]
REAL
   0.456671  -0.0050343  -0.0129195    0.407759
 -0.0050343   0.0343879   0.0036331 -0.00353616
 -0.0129195   0.0036331   0.0550206  -0.0164847
   0.407759 -0.00353616  -0.0164847     0.45392
IMAGINARY
          0  -0.0119867 -0.00365319    0.017459
  0.0119867           0 -0.00535713   0.0206435
 0.00365319  0.00535713           0 -0.00378999
  -0.017459  -0.0206435  0.00378999           0
Repeater1[0]<--->HoM1[0]
REAL
   0.446404 -0.00438328  -0.0107014    0.397178
-0.00438328   0.0556309 -0.00205637  -0.0100303
 -0.0107014 -0.00205637   0.0420624 -0.00903135
   0.397178  -0.0100303 -0.00903135    0.455902
IMAGINARY
          0 -0.00561448  0.00496101 -0.00811975
 0.00561448           0   -0.001338 -0.00240999
-0.00496101    0.001338           0  0.00178795
 0.00811975  0.00240999 -0.00178795           0
EndNode1[0]<--->Repeater1[0]
REAL
   0.425767  -0.0204667 -0.00777455    0.391051
 -0.0204667   0.0564417 -0.00648508 -0.00195308
-0.00777455 -0.00648508   0.0466258 -0.00352815
   0.391051 -0.00195308 -0.00352815    0.471166
IMAGINARY
           0 -0.000972763    0.0129702   0.00309376
 0.000972763            0    0.0180872   -0.0123217
  -0.0129702   -0.0180872            0 -0.000972763
 -0.00309376    0.0123217  0.000972763            0
EndNode2[0]<--->HoM1[0]
REAL
   0.437908  -0.0201906  0.00840892    0.394975
 -0.0201906   0.0470588  0.00564653 -0.00654557
 0.00840892  0.00564653   0.0418301    0.022054
   0.394975 -0.00654557    0.022054    0.473203
IMAGINARY
          0  -0.0145006  0.00481121 -0.00644139
  0.0145006           0  -0.0071054   0.0142929
-0.00481121   0.0071054           0  -0.0125086
 0.00644139  -0.0142929   0.0125086           0
Repeater1[0]<--->EndNode1[0]
REAL
   0.425767 -0.00777455  -0.0204667    0.391051
-0.00777455   0.0466258 -0.00648508 -0.00352815
 -0.0204667 -0.00648508   0.0564417 -0.00195308
   0.391051 -0.00352815 -0.00195308    0.471166
IMAGINARY
           0    0.0129702 -0.000972763   0.00309376
  -0.0129702            0   -0.0180872 -0.000972763
 0.000972763    0.0180872            0   -0.0123217
 -0.00309376  0.000972763    0.0123217            0
Repeater1[0]<--->HoM1[0]
REAL
   0.437908  0.00840892  -0.0201906    0.394975
 0.00840892   0.0418301  0.00564653    0.022054
 -0.0201906  0.00564653   0.0470588 -0.00654557
   0.394975    0.022054 -0.00654557    0.473203
IMAGINARY
          0  0.00481121  -0.0145006 -0.00644139
-0.00481121           0   0.0071054  -0.0125086
  0.0145006  -0.0071054           0   0.0142929
 0.00644139   0.0125086  -0.0142929           0
EndNode1[0]<--->Repeater1[0]
REAL
   0.440806   0.0116709  0.00323803    0.397167
  0.0116709   0.0403023  0.00813621 0.000549853
 0.00323803  0.00813621   0.0554156 -0.00156992
   0.397167 0.000549853 -0.00156992    0.463476
IMAGINARY
          0  0.00989539  0.00352053  -0.0432041
-0.00989539           0   0.0037128  0.00413253
-0.00352053  -0.0037128           0 -0.00606885
  0.0432041 -0.00413253  0.00606885           0
EndNode2[0]<--->HoM1[0]
REAL
   0.469657 -0.00319937  0.00631428     0.39696
-0.00319937   0.0501319  -0.0128053 -0.00964317
 0.00631428  -0.0128053   0.0474934  0.00652826
    0.39696 -0.00964317  0.00652826    0.432718
IMAGINARY
          0  -0.0299022   0.0172071  -0.0066279
  0.0299022           0  0.00395411  0.00318843
 -0.0172071 -0.00395411           0  0.00827054
  0.0066279 -0.00318843 -0.00827054           0
Repeater1[0]<--->EndNode1[0]
REAL
   0.440806  0.00323803   0.0116709    0.397167
 0.00323803   0.0554156  0.00813621 -0.00156992
  0.0116709  0.00813621   0.0403023 0.000549853
   0.397167 -0.00156992 0.000549853    0.463476
IMAGINARY
          0  0.00352053  0.00989539  -0.0432041
-0.00352053           0  -0.0037128 -0.00606885
-0.00989539   0.0037128           0  0.00413253
  0.0432041  0.00606885 -0.00413253           0
Repeater1[0]<--->HoM1[0]
REAL
   0.469657  0.00631428 -0.00319937     0.39696
 0.00631428   0.0474934  -0.0128053  0.00652826
-0.00319937  -0.0128053   0.0501319 -0.00964317
    0.39696  0.00652826 -0.00964317    0.432718
IMAGINARY
          0   0.0172071  -0.0299022  -0.0066279
 -0.0172071           0 -0.00395411  0.00827054
  0.0299022  0.00395411           0  0.00318843
  0.0066279 -0.00827054 -0.00318843           0
EndNode1[0]<--->Repeater1[0]
REAL
   0.465086 0.000762369   0.0206609     0.39401
0.000762369   0.0408432 0.000392507  0.00223986
  0.0206609 0.000392507   0.0500659   0.0208661
    0.39401  0.00223986   0.0208661    0.444005
IMAGINARY
          0   0.0280498  -0.0372275   0.0129521
 -0.0280498           0 -0.00155973  0.00531259
  0.0372275  0.00155973           0  0.00652463
 -0.0129521 -0.00531259 -0.00652463           0
EndNode2[0]<--->HoM1[0]
REAL
    0.435294 -0.000933998   0.00219422      0.40885
-0.000933998    0.0522876   0.00283487  -0.00355291
  0.00219422   0.00283487    0.0392157  0.000933998
     0.40885  -0.00355291  0.000933998     0.473203
IMAGINARY
          0 -0.00440834  0.00933912  0.00377458
 0.00440834           0  -0.0108531  -0.0143517
-0.00933912   0.0108531           0 -0.00185732
-0.00377458   0.0143517  0.00185732           0
Repeater1[0]<--->EndNode1[0]
REAL
   0.465086   0.0206609 0.000762369     0.39401
  0.0206609   0.0500659 0.000392507   0.0208661
0.000762369 0.000392507   0.0408432  0.00223986
    0.39401   0.0208661  0.00223986    0.444005
IMAGINARY
          0  -0.0372275   0.0280498   0.0129521
  0.0372275           0  0.00155973  0.00652463
 -0.0280498 -0.00155973           0  0.00531259
 -0.0129521 -0.00652463 -0.00531259           0
Repeater1[0]<--->HoM1[0]
REAL
    0.435294   0.00219422 -0.000933998      0.40885
  0.00219422    0.0392157   0.00283487  0.000933998
-0.000933998   0.00283487    0.0522876  -0.00355291
     0.40885  0.000933998  -0.00355291     0.473203
IMAGINARY
          0  0.00933912 -0.00440834  0.00377458
-0.00933912           0   0.0108531 -0.00185732
 0.00440834  -0.0108531           0  -0.0143517
-0.00377458  0.00185732   0.0143517           0
EndNode1[0]<--->Repeater1[0]
REAL
   0.448232  -0.0034707 -0.00622537    0.395317
 -0.0034707   0.0378788 -0.00900848  -0.0157795
-0.00622537 -0.00900848   0.0378788  -0.0148667
   0.395317  -0.0157795  -0.0148667     0.47601
IMAGINARY
          0  0.00016465    0.012136 -0.00879844
-0.00016465           0  -0.0233003  -0.0114807
  -0.012136   0.0233003           0 -0.00737304
 0.00879844   0.0114807  0.00737304           0
EndNode2[0]<--->HoM1[0]
REAL
       0.425   0.00547934   -0.0146765     0.409972
  0.00547934    0.0447368 -0.000417735   0.00639627
  -0.0146765 -0.000417735    0.0434211   -0.0150335
    0.409972   0.00639627   -0.0150335     0.486842
IMAGINARY
           0   0.00445577  -0.00256262  0.000642674
 -0.00445577            0    0.0160668   0.00126391
  0.00256262   -0.0160668            0  -0.00705318
-0.000642674  -0.00126391   0.00705318            0
Repeater1[0]<--->EndNode1[0]
REAL
   0.448232 -0.00622537  -0.0034707    0.395317
-0.00622537   0.0378788 -0.00900848  -0.0148667
 -0.0034707 -0.00900848   0.0378788  -0.0157795
   0.395317  -0.0148667  -0.0157795     0.47601
IMAGINARY
          0    0.012136  0.00016465 -0.00879844
  -0.012136           0   0.0233003 -0.00737304
-0.00016465  -0.0233003           0  -0.0114807
 0.00879844  0.00737304   0.0114807           0
Repeater1[0]<--->HoM1[0]
REAL
       0.425   -0.0146765   0.00547934     0.409972
  -0.0146765    0.0434211 -0.000417735   -0.0150335
  0.00547934 -0.000417735    0.0447368   0.00639627
    0.409972   -0.0150335   0.00639627     0.486842
IMAGINARY
           0  -0.00256262   0.00445577  0.000642674
  0.00256262            0   -0.0160668  -0.00705318
 -0.00445577    0.0160668            0   0.00126391
-0.000642674   0.00705318  -0.00126391            0
EndNode1[0]<--->Repeater1[0]
REAL
  0.409152 0.00501103 0.00594362   0.398738
0.00501103  0.0484522  -0.012346 0.00466811
0.00594362  -0.012346  0.0430686 0.00435227
  0.398738 0.00466811 0.00435227   0.499327
IMAGINARY
           0   -0.0141586   0.00266485  0.000971917
   0.0141586            0    0.0035559  -0.00814597
 -0.00266485   -0.0035559            0   0.00136933
-0.000971917   0.00814597  -0.00136933            0
EndNode2[0]<--->HoM1[0]
REAL
   0.422667   0.0100657   0.0324564    0.403869
  0.0100657   0.0506667 -0.00101899  -0.0104357
  0.0324564 -0.00101899   0.0493333   0.0132504
   0.403869  -0.0104357   0.0132504    0.477333
IMAGINARY
           0  -0.00793942   0.00369693  0.000329979
  0.00793942            0  -0.00288752    0.0101736
 -0.00369693   0.00288752            0  -0.00857313
-0.000329979   -0.0101736   0.00857313            0
Repeater1[0]<--->EndNode1[0]
REAL
  0.409152 0.00594362 0.00501103   0.398738
0.00594362  0.0430686  -0.012346 0.00435227
0.00501103  -0.012346  0.0484522 0.00466811
  0.398738 0.00435227 0.00466811   0.499327
IMAGINARY
           0   0.00266485   -0.0141586  0.000971917
 -0.00266485            0   -0.0035559   0.00136933
   0.0141586    0.0035559            0  -0.00814597
-0.000971917  -0.00136933   0.00814597            0
Repeater1[0]<--->HoM1[0]
REAL
   0.422667   0.0324564   0.0100657    0.403869
  0.0324564   0.0493333 -0.00101899   0.0132504
  0.0100657 -0.00101899   0.0506667  -0.0104357
   0.403869   0.0132504  -0.0104357    0.477333
IMAGINARY
           0   0.00369693  -0.00793942  0.000329979
 -0.00369693            0   0.00288752  -0.00857313
  0.00793942  -0.00288752            0    0.0101736
-0.000329979   0.00857313   -0.0101736            0
EndNode1[0]<--->Repeater1[0]
REAL
   0.463612  0.00463788 -0.00091408    0.395198
 0.00463788   0.0485175  0.00690001   0.0142008
-0.00091408  0.00690001   0.0404313 -0.00533718
   0.395198   0.0142008 -0.00533718    0.447439
IMAGINARY
          0  -0.0211593   0.0267548  -0.0167502
  0.0211593           0 -0.00527057  0.00383035
 -0.0267548  0.00527057           0 -0.00676627
  0.0167502 -0.00383035  0.00676627           0
EndNode2[0]<--->HoM1[0]
REAL
   0.440764 -0.00101978 -0.00388852    0.405454
-0.00101978   0.0433121   0.0037549 -0.00583911
-0.00388852   0.0037549   0.0573248 -0.00351978
   0.405454 -0.00583911 -0.00351978    0.458599
IMAGINARY
           0   0.00860999  -0.00105824  -0.00928473
 -0.00860999            0   0.00928473   0.00591261
  0.00105824  -0.00928473            0 -0.000114843
  0.00928473  -0.00591261  0.000114843            0
Repeater1[0]<--->EndNode1[0]
REAL
   0.463612 -0.00091408  0.00463788    0.395198
-0.00091408   0.0404313  0.00690001 -0.00533718
 0.00463788  0.00690001   0.0485175   0.0142008
   0.395198 -0.00533718   0.0142008    0.447439
IMAGINARY
          0   0.0267548  -0.0211593  -0.0167502
 -0.0267548           0  0.00527057 -0.00676627
  0.0211593 -0.00527057           0  0.00383035
  0.0167502  0.00676627 -0.00383035           0
Repeater1[0]<--->HoM1[0]
REAL
   0.440764 -0.00388852 -0.00101978    0.405454
-0.00388852   0.0573248   0.0037549 -0.00351978
-0.00101978   0.0037549   0.0433121 -0.00583911
   0.405454 -0.00351978 -0.00583911    0.458599
IMAGINARY
           0  -0.00105824   0.00860999  -0.00928473
  0.00105824            0  -0.00928473 -0.000114843
 -0.00860999   0.00928473            0   0.00591261
  0.00928473  0.000114843  -0.00591261            0
EndNode1[0]<--->Repeater1[0]
REAL
   0.470361  0.00494852 -0.00370125    0.407946
 0.00494852   0.0502577  0.00305497 -0.00433336
-0.00370125  0.00305497   0.0554124 -0.00309438
   0.407946 -0.00433336 -0.00309438    0.423969
IMAGINARY
          0  -0.0132927  0.00694585 -0.00128508
  0.0132927           0   0.0143399  -0.0110219
-0.00694585  -0.0143399           0   0.0010644
 0.00128508   0.0110219  -0.0010644           0
EndNode2[0]<--->HoM1[0]
REAL
   0.439946   0.0169426   0.0128242    0.422311
  0.0169426   0.0404858  -0.0140191  0.00350744
  0.0128242  -0.0140191   0.0458839 0.000645339
   0.422311  0.00350744 0.000645339    0.473684
IMAGINARY
          0 -0.00322432  -0.0031211   -0.007479
 0.00322432           0   0.0203691  -0.0062422
  0.0031211  -0.0203691           0   0.0138361
   0.007479   0.0062422  -0.0138361           0
Repeater1[0]<--->EndNode1[0]
REAL
   0.470361 -0.00370125  0.00494852    0.407946
-0.00370125   0.0554124  0.00305497 -0.00309438
 0.00494852  0.00305497   0.0502577 -0.00433336
   0.407946 -0.00309438 -0.00433336    0.423969
IMAGINARY
          0  0.00694585  -0.0132927 -0.00128508
-0.00694585           0  -0.0143399   0.0010644
  0.0132927   0.0143399           0  -0.0110219
 0.00128508  -0.0010644   0.0110219           0
Repeater1[0]<--->HoM1[0]
REAL
   0.439946   0.0128242   0.0169426    0.422311
  0.0128242   0.0458839  -0.0140191 0.000645339
  0.0169426  -0.0140191   0.0404858  0.00350744
   0.422311 0.000645339  0.00350744    0.473684
IMAGINARY
          0  -0.0031211 -0.00322432   -0.007479
  0.0031211           0  -0.0203691   0.0138361
 0.00322432   0.0203691           0  -0.0062422
   0.007479  -0.0138361   0.0062422           0
EndNode1[0]<--->Repeater1[0]
REAL
  0.449622 0.00284074 0.00167535    0.40312
0.00284074  0.0579345  0.0084534 -0.0075271
0.00167535  0.0084534  0.0491184 -0.0086925
   0.40312 -0.0075271 -0.0086925   0.443325
IMAGINARY
          0  -0.0141832   0.0235364  0.00242446
  0.0141832           0  -0.0169264  -0.0155364
 -0.0235364   0.0169264           0  -0.0218168
-0.00242446   0.0155364   0.0218168           0
EndNode2[0]<--->HoM1[0]
REAL
   0.453086  -0.0265465  -0.0375775    0.420644
 -0.0265465   0.0555556 -0.00273309  -0.0345618
 -0.0375775 -0.00273309   0.0395062  -0.0306674
   0.420644  -0.0345618  -0.0306674    0.451852
IMAGINARY
           0   0.00433111    0.0128772    0.0107617
 -0.00433111            0   -0.0172383   0.00920073
  -0.0128772    0.0172383            0  0.000863699
  -0.0107617  -0.00920073 -0.000863699            0
Repeater1[0]<--->EndNode1[0]
REAL
  0.449622 0.00167535 0.00284074    0.40312
0.00167535  0.0491184  0.0084534 -0.0086925
0.00284074  0.0084534  0.0579345 -0.0075271
   0.40312 -0.0086925 -0.0075271   0.443325
IMAGINARY
          0   0.0235364  -0.0141832  0.00242446
 -0.0235364           0   0.0169264  -0.0218168
  0.0141832  -0.0169264           0  -0.0155364
-0.00242446   0.0218168   0.0155364           0
Repeater1[0]<--->HoM1[0]
REAL
   0.453086  -0.0375775  -0.0265465    0.420644
 -0.0375775   0.0395062 -0.00273309  -0.0306674
 -0.0265465 -0.00273309   0.0555556  -0.0345618
   0.420644  -0.0306674  -0.0345618    0.451852
IMAGINARY
           0    0.0128772   0.00433111    0.0107617
  -0.0128772            0    0.0172383  0.000863699
 -0.00433111   -0.0172383            0   0.00920073
  -0.0107617 -0.000863699  -0.00920073            0
EndNode1[0]<--->Repeater1[0]
REAL
   0.475091  -0.0100706   0.0177121    0.410393
 -0.0100706   0.0498177 -0.00458665  0.00228792
  0.0177121 -0.00458665   0.0498177  0.00555444
   0.410393  0.00228792  0.00555444    0.425273
IMAGINARY
           0    0.0266688   -0.0178822    0.0133544
  -0.0266688            0   0.00928939   -0.0192299
   0.0178822  -0.00928939            0  0.000996473
  -0.0133544    0.0192299 -0.000996473            0
EndNode2[0]<--->HoM1[0]
REAL
   0.453846 -0.00503213  0.00106331     0.40286
-0.00503213   0.0461538   -0.010933 -0.00627165
 0.00106331   -0.010933   0.0448718  -0.0171033
    0.40286 -0.00627165  -0.0171033    0.455128
IMAGINARY
          0  0.00301826  0.00932882   0.0120757
-0.00301826           0 -0.00594829  -0.0066763
-0.00932882  0.00594829           0 -0.00434452
 -0.0120757   0.0066763  0.00434452           0
Repeater1[0]<--->EndNode1[0]
REAL
   0.475091   0.0177121  -0.0100706    0.410393
  0.0177121   0.0498177 -0.00458665  0.00555444
 -0.0100706 -0.00458665   0.0498177  0.00228792
   0.410393  0.00555444  0.00228792    0.425273
IMAGINARY
           0   -0.0178822    0.0266688    0.0133544
   0.0178822            0  -0.00928939  0.000996473
  -0.0266688   0.00928939            0   -0.0192299
  -0.0133544 -0.000996473    0.0192299            0
Repeater1[0]<--->HoM1[0]
REAL
   0.453846  0.00106331 -0.00503213     0.40286
 0.00106331   0.0448718   -0.010933  -0.0171033
-0.00503213   -0.010933   0.0461538 -0.00627165
    0.40286  -0.0171033 -0.00627165    0.455128
IMAGINARY
          0  0.00932882  0.00301826   0.0120757
-0.00932882           0  0.00594829 -0.00434452
-0.00301826 -0.00594829           0  -0.0066763
 -0.0120757  0.00434452   0.0066763           0
EndNode1[0]<--->Repeater1[0]
REAL
   0.440252  0.00143559  -0.0113879    0.402588
 0.00143559   0.0415094 -0.00991162 -0.00755154
 -0.0113879 -0.00991162   0.0440252  -0.0191124
   0.402588 -0.00755154  -0.0191124    0.474214
IMAGINARY
          0  0.00767628   0.0154899  -0.0135111
-0.00767628           0  -0.0051456  -0.0142399
 -0.0154899   0.0051456           0 -0.00642628
  0.0135111   0.0142399  0.00642628           0
EndNode2[0]<--->HoM1[0]
REAL
   0.438642   0.0107271   0.0224133     0.40474
  0.0107271   0.0430809 -0.00714227 -0.00661048
  0.0224133 -0.00714227   0.0535248  0.00886836
    0.40474 -0.00661048  0.00886836    0.464752
IMAGINARY
          0  -0.0120408  0.00654085  -0.0151482
  0.0120408           0  -0.0164503 -0.00186795
-0.00654085   0.0164503           0   0.0180488
  0.0151482  0.00186795  -0.0180488           0
Repeater1[0]<--->EndNode1[0]
REAL
   0.440252  -0.0113879  0.00143559    0.402588
 -0.0113879   0.0440252 -0.00991162  -0.0191124
 0.00143559 -0.00991162   0.0415094 -0.00755154
   0.402588  -0.0191124 -0.00755154    0.474214
IMAGINARY
          0   0.0154899  0.00767628  -0.0135111
 -0.0154899           0   0.0051456 -0.00642628
-0.00767628  -0.0051456           0  -0.0142399
  0.0135111  0.00642628   0.0142399           0
Repeater1[0]<--->HoM1[0]
REAL
   0.438642   0.0224133   0.0107271     0.40474
  0.0224133   0.0535248 -0.00714227  0.00886836
  0.0107271 -0.00714227   0.0430809 -0.00661048
    0.40474  0.00886836 -0.00661048    0.464752
IMAGINARY
          0  0.00654085  -0.0120408  -0.0151482
-0.00654085           0   0.0164503   0.0180488
  0.0120408  -0.0164503           0 -0.00186795
  0.0151482  -0.0180488  0.00186795           0
EndNode1[0]<--->Repeater1[0]
REAL
   0.438642   0.0212532   0.0111822    0.398396
  0.0212532   0.0456919 -0.00122328  0.00681266
  0.0111822 -0.00122328   0.0509138  0.00959515
   0.398396  0.00681266  0.00959515    0.464752
IMAGINARY
           0   -0.0133931    0.0162576  -0.00492753
   0.0133931            0   -0.0107793  -0.00164518
  -0.0162576    0.0107793            0  5.12489e-05
  0.00492753   0.00164518 -5.12489e-05            0
EndNode2[0]<--->HoM1[0]
REAL
   0.463079  -0.0017314 -0.00208087    0.408258
 -0.0017314   0.0413016 -0.00433866  0.00650565
-0.00208087 -0.00433866    0.048811   0.0187984
   0.408258  0.00650565   0.0187984    0.446809
IMAGINARY
          0 -0.00611463 -0.00877513 -0.00421215
 0.00611463           0  -0.0164387   0.0241993
 0.00877513   0.0164387           0 -0.00673885
 0.00421215  -0.0241993  0.00673885           0
Repeater1[0]<--->EndNode1[0]
REAL
   0.438642   0.0111822   0.0212532    0.398396
  0.0111822   0.0509138 -0.00122328  0.00959515
  0.0212532 -0.00122328   0.0456919  0.00681266
   0.398396  0.00959515  0.00681266    0.464752
IMAGINARY
           0    0.0162576   -0.0133931  -0.00492753
  -0.0162576            0    0.0107793  5.12489e-05
   0.0133931   -0.0107793            0  -0.00164518
  0.00492753 -5.12489e-05   0.00164518            0
Repeater1[0]<--->HoM1[0]
REAL
   0.463079 -0.00208087  -0.0017314    0.408258
-0.00208087    0.048811 -0.00433866   0.0187984
 -0.0017314 -0.00433866   0.0413016  0.00650565
   0.408258   0.0187984  0.00650565    0.446809
IMAGINARY
          0 -0.00877513 -0.00611463 -0.00421215
 0.00877513           0   0.0164387 -0.00673885
 0.00611463  -0.0164387           0   0.0241993
 0.00421215  0.00673885  -0.0241993           0
EndNode1[0]<--->Repeater1[0]
REAL
   0.445333 0.000625782  -0.0108873    0.409081
0.000625782   0.0546667  0.00581282  0.00900998
 -0.0108873  0.00581282   0.0453333  -0.0125156
   0.409081  0.00900998  -0.0125156    0.454667
IMAGINARY
          0   0.0185458 -0.00208918   0.0252373
 -0.0185458           0  0.00542937  0.00404997
 0.00208918 -0.00542937           0  -0.0231209
 -0.0252373 -0.00404997   0.0231209           0
EndNode2[0]<--->HoM1[0]
REAL
   0.435356  0.00296479  0.00491481    0.410503
 0.00296479   0.0540897 -0.00210615 -0.00491481
 0.00491481 -0.00210615   0.0435356  -0.0156874
   0.410503 -0.00491481  -0.0156874    0.467018
IMAGINARY
          0  0.00393522  -0.0188523 -0.00269504
-0.00393522           0  -0.0376379 -0.00174699
  0.0188523   0.0376379           0   0.0141671
 0.00269504  0.00174699  -0.0141671           0
Repeater1[0]<--->EndNode1[0]
REAL
   0.445333  -0.0108873 0.000625782    0.409081
 -0.0108873   0.0453333  0.00581282  -0.0125156
0.000625782  0.00581282   0.0546667  0.00900998
   0.409081  -0.0125156  0.00900998    0.454667
IMAGINARY
          0 -0.00208918   0.0185458   0.0252373
 0.00208918           0 -0.00542937  -0.0231209
 -0.0185458  0.00542937           0  0.00404997
 -0.0252373   0.0231209 -0.00404997           0
Repeater1[0]<--->HoM1[0]
REAL
   0.435356  0.00491481  0.00296479    0.410503
 0.00491481   0.0435356 -0.00210615  -0.0156874
 0.00296479 -0.00210615   0.0540897 -0.00491481
   0.410503  -0.0156874 -0.00491481    0.467018
IMAGINARY
          0  -0.0188523  0.00393522 -0.00269504
  0.0188523           0   0.0376379   0.0141671
-0.00393522  -0.0376379           0 -0.00174699
 0.00269504  -0.0141671  0.00174699           0
EndNode1[0]<--->Repeater1[0]
REAL
   0.460701 -0.00543275  -0.0168638    0.407029
-0.00543275   0.0519952 -0.00878756  -0.0107744
 -0.0168638 -0.00878756   0.0459492  -0.0134115
   0.407029  -0.0107744  -0.0134115    0.441354
IMAGINARY
          0  0.00983159  0.00911458   0.0230625
-0.00983159           0  0.00449656 -0.00911458
-0.00911458 -0.00449656           0 -0.00217853
 -0.0230625  0.00911458  0.00217853           0
EndNode2[0]<--->HoM1[0]
REAL
   0.444596  0.00291652  0.00577787    0.410404
 0.00291652   0.0533516 -0.00593033  -0.0015457
 0.00577787 -0.00593033   0.0478796 -0.00956706
   0.410404  -0.0015457 -0.00956706    0.454172
IMAGINARY
          0  0.00746189  -0.0046965  0.00345182
-0.00746189           0   0.0142249   -0.023856
  0.0046965  -0.0142249           0   0.0144505
-0.00345182    0.023856  -0.0144505           0
Repeater1[0]<--->EndNode1[0]
REAL
   0.460701  -0.0168638 -0.00543275    0.407029
 -0.0168638   0.0459492 -0.00878756  -0.0134115
-0.00543275 -0.00878756   0.0519952  -0.0107744
   0.407029  -0.0134115  -0.0107744    0.441354
IMAGINARY
          0  0.00911458  0.00983159   0.0230625
-0.00911458           0 -0.00449656 -0.00217853
-0.00983159  0.00449656           0 -0.00911458
 -0.0230625  0.00217853  0.00911458           0
Repeater1[0]<--->HoM1[0]
REAL
   0.444596  0.00577787  0.00291652    0.410404
 0.00577787   0.0478796 -0.00593033 -0.00956706
 0.00291652 -0.00593033   0.0533516  -0.0015457
   0.410404 -0.00956706  -0.0015457    0.454172
IMAGINARY
          0  -0.0046965  0.00746189  0.00345182
  0.0046965           0  -0.0142249   0.0144505
-0.00746189   0.0142249           0   -0.023856
-0.00345182  -0.0144505    0.023856           0
EndNode1[0]<--->Repeater1[0]
REAL
    0.438735    0.0121072    0.0222958     0.392549
   0.0121072    0.0540184   0.00212092 -0.000722149
   0.0222958   0.00212092    0.0513834  -0.00449303
    0.392549 -0.000722149  -0.00449303     0.455863
IMAGINARY
          0   0.0130199 -0.00251217 -0.00807125
 -0.0130199           0  -0.0250952  -0.0138606
 0.00251217   0.0250952           0 -0.00294434
 0.00807125   0.0138606  0.00294434           0
EndNode2[0]<--->HoM1[0]
REAL
   0.442708  -0.0157822 -0.00427988    0.402362
 -0.0157822   0.0416667  0.00322306 -0.00236905
-0.00427988  0.00322306   0.0494792 -0.00815394
   0.402362 -0.00236905 -0.00815394    0.466146
IMAGINARY
          0  -0.0144474  0.00204125  -0.0107066
  0.0144474           0 -0.00116985    0.018254
-0.00204125  0.00116985           0 -0.00584785
  0.0107066   -0.018254  0.00584785           0
Repeater1[0]<--->EndNode1[0]
REAL
    0.438735    0.0222958    0.0121072     0.392549
   0.0222958    0.0513834   0.00212092  -0.00449303
   0.0121072   0.00212092    0.0540184 -0.000722149
    0.392549  -0.00449303 -0.000722149     0.455863
IMAGINARY
          0 -0.00251217   0.0130199 -0.00807125
 0.00251217           0   0.0250952 -0.00294434
 -0.0130199  -0.0250952           0  -0.0138606
 0.00807125  0.00294434   0.0138606           0
Repeater1[0]<--->HoM1[0]
REAL
   0.442708 -0.00427988  -0.0157822    0.402362
-0.00427988   0.0494792  0.00322306 -0.00815394
 -0.0157822  0.00322306   0.0416667 -0.00236905
   0.402362 -0.00815394 -0.00236905    0.466146
IMAGINARY
          0  0.00204125  -0.0144474  -0.0107066
-0.00204125           0  0.00116985 -0.00584785
  0.0144474 -0.00116985           0    0.018254
  0.0107066  0.00584785   -0.018254           0
EndNode1[0]<--->Repeater1[0]
REAL
  0.451444  0.0125371 0.00610812   0.402165
 0.0125371  0.0275591 -0.0124212  0.0118406
0.00610812 -0.0124212  0.0551181  0.0207963
  0.402165  0.0118406  0.0207963   0.465879
IMAGINARY
          0  -0.0100554  0.00998087    0.017294
  0.0100554           0 -0.00725382   0.0235277
-0.00998087  0.00725382           0 -0.00374225
  -0.017294  -0.0235277  0.00374225           0
EndNode2[0]<--->HoM1[0]
REAL
   0.476923 -0.00842964 -0.00631102    0.393179
-0.00842964        0.05  0.00226993   0.0106161
-0.00631102  0.00226993   0.0410256  0.00166457
   0.393179   0.0106161  0.00166457    0.432051
IMAGINARY
          0   0.0193866 -0.00942614  -0.0154503
 -0.0193866           0  0.00200603  0.00682874
 0.00942614 -0.00200603           0  -0.0167892
  0.0154503 -0.00682874   0.0167892           0
Repeater1[0]<--->EndNode1[0]
REAL
  0.451444 0.00610812  0.0125371   0.402165
0.00610812  0.0551181 -0.0124212  0.0207963
 0.0125371 -0.0124212  0.0275591  0.0118406
  0.402165  0.0207963  0.0118406   0.465879
IMAGINARY
          0  0.00998087  -0.0100554    0.017294
-0.00998087           0  0.00725382 -0.00374225
  0.0100554 -0.00725382           0   0.0235277
  -0.017294  0.00374225  -0.0235277           0
Repeater1[0]<--->HoM1[0]
REAL
   0.476923 -0.00631102 -0.00842964    0.393179
-0.00631102   0.0410256  0.00226993  0.00166457
-0.00842964  0.00226993        0.05   0.0106161
   0.393179  0.00166457   0.0106161    0.432051
IMAGINARY
          0 -0.00942614   0.0193866  -0.0154503
 0.00942614           0 -0.00200603  -0.0167892
 -0.0193866  0.00200603           0  0.00682874
  0.0154503   0.0167892 -0.00682874           0
EndNode1[0]<--->Repeater1[0]
REAL
   0.421185  -0.0115634  0.00381843     0.41485
 -0.0115634   0.0567465  -1.485e-05  -0.0230492
 0.00381843  -1.485e-05   0.0592686 -0.00766733
    0.41485  -0.0230492 -0.00766733    0.462799
IMAGINARY
          0  -0.0327048   0.0193642 -0.00145564
  0.0327048           0  0.00710182 -0.00179663
 -0.0193642 -0.00710182           0 -0.00783572
 0.00145564  0.00179663  0.00783572           0
EndNode2[0]<--->HoM1[0]
REAL
   0.461935   0.0135578  0.00619255    0.407837
  0.0135578        0.04 0.000798641    0.009452
 0.00619255 0.000798641   0.0374194 0.000835172
   0.407837    0.009452 0.000835172    0.460645
IMAGINARY
          0   0.0167794  0.00131462   0.0151699
 -0.0167794           0  0.00228646  0.00333346
-0.00131462 -0.00228646           0  -0.0161154
 -0.0151699 -0.00333346   0.0161154           0
Repeater1[0]<--->EndNode1[0]
REAL
   0.421185  0.00381843  -0.0115634     0.41485
 0.00381843   0.0592686  -1.485e-05 -0.00766733
 -0.0115634  -1.485e-05   0.0567465  -0.0230492
    0.41485 -0.00766733  -0.0230492    0.462799
IMAGINARY
          0   0.0193642  -0.0327048 -0.00145564
 -0.0193642           0 -0.00710182 -0.00783572
  0.0327048  0.00710182           0 -0.00179663
 0.00145564  0.00783572  0.00179663           0
Repeater1[0]<--->HoM1[0]
REAL
   0.461935  0.00619255   0.0135578    0.407837
 0.00619255   0.0374194 0.000798641 0.000835172
  0.0135578 0.000798641        0.04    0.009452
   0.407837 0.000835172    0.009452    0.460645
IMAGINARY
          0  0.00131462   0.0167794   0.0151699
-0.00131462           0 -0.00228646  -0.0161154
 -0.0167794  0.00228646           0  0.00333346
 -0.0151699   0.0161154 -0.00333346           0
EndNode1[0]<--->Repeater1[0]
REAL
    0.451657 -0.000687765   0.00547135     0.407591
-0.000687765    0.0469613    0.0038479  -0.00731637
  0.00547135    0.0038479    0.0483425    0.0111429
    0.407591  -0.00731637    0.0111429     0.453039
IMAGINARY
          0 -0.00266464  -0.0020569  0.00206347
 0.00266464           0  -0.0132037 -0.00462759
  0.0020569   0.0132037           0  0.00667534
-0.00206347  0.00462759 -0.00667534           0
EndNode2[0]<--->HoM1[0]
REAL
   0.418367   -0.022459  0.00274652    0.392883
  -0.022459   0.0548469  0.00109644  -0.0132177
 0.00274652  0.00109644   0.0382653 0.000207679
   0.392883  -0.0132177 0.000207679     0.48852
IMAGINARY
           0  -0.00777359 -0.000865792  -0.00475543
  0.00777359            0   0.00475543    0.0171631
 0.000865792  -0.00475543            0   -0.0176501
  0.00475543   -0.0171631    0.0176501            0
Repeater1[0]<--->EndNode1[0]
REAL
    0.451657   0.00547135 -0.000687765     0.407591
  0.00547135    0.0483425    0.0038479    0.0111429
-0.000687765    0.0038479    0.0469613  -0.00731637
    0.407591    0.0111429  -0.00731637     0.453039
IMAGINARY
          0  -0.0020569 -0.00266464  0.00206347
  0.0020569           0   0.0132037  0.00667534
 0.00266464  -0.0132037           0 -0.00462759
-0.00206347 -0.00667534  0.00462759           0
Repeater1[0]<--->HoM1[0]
REAL
   0.418367  0.00274652   -0.022459    0.392883
 0.00274652   0.0382653  0.00109644 0.000207679
  -0.022459  0.00109644   0.0548469  -0.0132177
   0.392883 0.000207679  -0.0132177     0.48852
IMAGINARY
           0 -0.000865792  -0.00777359  -0.00475543
 0.000865792            0  -0.00475543   -0.0176501
  0.00777359   0.00475543            0    0.0171631
  0.00475543    0.0176501   -0.0171631            0
EndNode1[0]<--->Repeater1[0]
REAL
  0.453836  0.0209259  -0.010551     0.3929
 0.0209259  0.0546164 0.00254284 0.00787004
 -0.010551 0.00254284  0.0481144 0.00588377
    0.3929 0.00787004 0.00588377   0.443433
IMAGINARY
           0   0.00165651    0.0137664    0.0104775
 -0.00165651            0   0.00578266   -0.0183899
  -0.0137664  -0.00578266            0 -0.000996009
  -0.0104775    0.0183899  0.000996009            0
EndNode2[0]<--->HoM1[0]
REAL
   0.440051 -0.00818546  -0.0129365    0.414798
-0.00818546    0.059949 -0.00186895  -0.0174065
 -0.0129365 -0.00186895   0.0510204   -0.014242
   0.414798  -0.0174065   -0.014242     0.44898
IMAGINARY
          0  -0.0112273 -0.00283257 -0.00851884
  0.0112273           0   0.0215212  0.00156994
 0.00283257  -0.0215212           0  0.00743939
 0.00851884 -0.00156994 -0.00743939           0
Repeater1[0]<--->EndNode1[0]
REAL
  0.453836  -0.010551  0.0209259     0.3929
 -0.010551  0.0481144 0.00254284 0.00588377
 0.0209259 0.00254284  0.0546164 0.00787004
    0.3929 0.00588377 0.00787004   0.443433
IMAGINARY
           0    0.0137664   0.00165651    0.0104775
  -0.0137664            0  -0.00578266 -0.000996009
 -0.00165651   0.00578266            0   -0.0183899
  -0.0104775  0.000996009    0.0183899            0
Repeater1[0]<--->HoM1[0]
REAL
   0.440051  -0.0129365 -0.00818546    0.414798
 -0.0129365   0.0510204 -0.00186895   -0.014242
-0.00818546 -0.00186895    0.059949  -0.0174065
   0.414798   -0.014242  -0.0174065     0.44898
IMAGINARY
          0 -0.00283257  -0.0112273 -0.00851884
 0.00283257           0  -0.0215212  0.00743939
  0.0112273   0.0215212           0  0.00156994
 0.00851884 -0.00743939 -0.00156994           0
EndNode1[0]<--->Repeater1[0]
REAL
   0.448622   0.0129008   0.0076185    0.406372
  0.0129008   0.0413534 -0.00868608 -0.00579146
  0.0076185 -0.00868608   0.0526316  0.00354254
   0.406372 -0.00579146  0.00354254    0.457393
IMAGINARY
           0    0.0104593   -0.0165106    0.0148163
  -0.0104593            0  0.000455966  -0.00601192
   0.0165106 -0.000455966            0  -0.00595482
  -0.0148163   0.00601192   0.00595482            0
EndNode2[0]<--->HoM1[0]
REAL
    0.43758  0.00817308   0.0114534    0.403232
 0.00817308    0.045045 -0.00900164   0.0101812
  0.0114534 -0.00900164   0.0592021   0.0158654
   0.403232   0.0101812   0.0158654    0.458172
IMAGINARY
          0  -0.0106909  -0.0054994  0.00106556
  0.0106909           0   0.0029667   0.0187973
  0.0054994  -0.0029667           0  -0.0238835
-0.00106556  -0.0187973   0.0238835           0
Repeater1[0]<--->EndNode1[0]
REAL
   0.448622   0.0076185   0.0129008    0.406372
  0.0076185   0.0526316 -0.00868608  0.00354254
  0.0129008 -0.00868608   0.0413534 -0.00579146
   0.406372  0.00354254 -0.00579146    0.457393
IMAGINARY
           0   -0.0165106    0.0104593    0.0148163
   0.0165106            0 -0.000455966  -0.00595482
  -0.0104593  0.000455966            0  -0.00601192
  -0.0148163   0.00595482   0.00601192            0
Repeater1[0]<--->HoM1[0]
REAL
    0.43758   0.0114534  0.00817308    0.403232
  0.0114534   0.0592021 -0.00900164   0.0158654
 0.00817308 -0.00900164    0.045045   0.0101812
   0.403232   0.0158654   0.0101812    0.458172
IMAGINARY
          0  -0.0054994  -0.0106909  0.00106556
  0.0054994           0  -0.0029667  -0.0238835
  0.0106909   0.0029667           0   0.0187973
-0.00106556   0.0238835  -0.0187973           0
EndNode1[0]<--->Repeater1[0]
REAL
   0.451108  0.00526035   0.0082205    0.411339
 0.00526035   0.0508475 -0.00404583   0.0146472
  0.0082205 -0.00404583    0.041721  0.00401035
   0.411339   0.0146472  0.00401035    0.456323
IMAGINARY
          0  -0.0125092  0.00289161 -0.00643523
  0.0125092           0  -0.0026087 -0.00801982
-0.00289161   0.0026087           0  0.00738103
 0.00643523  0.00801982 -0.00738103           0
EndNode2[0]<--->HoM1[0]
REAL
  0.431937 -0.0216436 -0.0192858   0.404667
-0.0216436  0.0458115  0.0036249 0.00546669
-0.0192858  0.0036249  0.0471204  0.0166184
  0.404667 0.00546669  0.0166184   0.475131
IMAGINARY
           0   0.00258697  -0.00327239   -0.0123232
 -0.00258697            0  -0.00185203 -0.000633864
  0.00327239   0.00185203            0   -0.0169099
   0.0123232  0.000633864    0.0169099            0
Repeater1[0]<--->EndNode1[0]
REAL
   0.451108   0.0082205  0.00526035    0.411339
  0.0082205    0.041721 -0.00404583  0.00401035
 0.00526035 -0.00404583   0.0508475   0.0146472
   0.411339  0.00401035   0.0146472    0.456323
IMAGINARY
          0  0.00289161  -0.0125092 -0.00643523
-0.00289161           0   0.0026087  0.00738103
  0.0125092  -0.0026087           0 -0.00801982
 0.00643523 -0.00738103  0.00801982           0
Repeater1[0]<--->HoM1[0]
REAL
  0.431937 -0.0192858 -0.0216436   0.404667
-0.0192858  0.0471204  0.0036249  0.0166184
-0.0216436  0.0036249  0.0458115 0.00546669
  0.404667  0.0166184 0.00546669   0.475131
IMAGINARY
           0  -0.00327239   0.00258697   -0.0123232
  0.00327239            0   0.00185203   -0.0169099
 -0.00258697  -0.00185203            0 -0.000633864
   0.0123232    0.0169099  0.000633864            0
EndNode1[0]<--->Repeater1[0]
REAL
   0.450578 -0.00366676  -0.0062258    0.398605
-0.00366676   0.0526316  0.00710196 -0.00494045
 -0.0062258  0.00710196   0.0487805 -0.00501811
   0.398605 -0.00494045 -0.00501811     0.44801
IMAGINARY
          0  0.00833742 -0.00178996   0.0136064
-0.00833742           0  0.00577347  -0.0106283
 0.00178996 -0.00577347           0  -0.0129126
 -0.0136064   0.0106283   0.0129126           0
EndNode2[0]<--->HoM1[0]
REAL
 0.444717 0.0179943 0.0047935  0.398271
0.0179943  0.041769 0.0124438 0.0334718
0.0047935 0.0124438  0.044226  0.012618
 0.398271 0.0334718  0.012618  0.469287
IMAGINARY
           0 -4.70371e-06   -0.0113097     0.011934
 4.70371e-06            0    0.0173248   0.00343565
   0.0113097   -0.0173248            0   0.00656638
   -0.011934  -0.00343565  -0.00656638            0
Repeater1[0]<--->EndNode1[0]
REAL
   0.450578  -0.0062258 -0.00366676    0.398605
 -0.0062258   0.0487805  0.00710196 -0.00501811
-0.00366676  0.00710196   0.0526316 -0.00494045
   0.398605 -0.00501811 -0.00494045     0.44801
IMAGINARY
          0 -0.00178996  0.00833742   0.0136064
 0.00178996           0 -0.00577347  -0.0129126
-0.00833742  0.00577347           0  -0.0106283
 -0.0136064   0.0129126   0.0106283           0
Repeater1[0]<--->HoM1[0]
REAL
 0.444717 0.0047935 0.0179943  0.398271
0.0047935  0.044226 0.0124438  0.012618
0.0179943 0.0124438  0.041769 0.0334718
 0.398271  0.012618 0.0334718  0.469287
IMAGINARY
           0   -0.0113097 -4.70371e-06     0.011934
   0.0113097            0   -0.0173248   0.00656638
 4.70371e-06    0.0173248            0   0.00343565
   -0.011934  -0.00656638  -0.00343565            0
EndNode1[0]<--->Repeater1[0]
REAL
   0.473684  0.00158826  0.00290777    0.394649
 0.00158826   0.0513158 -0.00272232   0.0166235
 0.00290777 -0.00272232   0.0460526 -0.00940076
   0.394649   0.0166235 -0.00940076    0.428947
IMAGINARY
           0   0.00188131   0.00622968   0.00879967
 -0.00188131            0  0.000583708  -0.00435233
 -0.00622968 -0.000583708            0    0.0012476
 -0.00879967   0.00435233   -0.0012476            0
EndNode2[0]<--->HoM1[0]
REAL
   0.422879  0.00961871 -0.00202828    0.403854
 0.00961871   0.0526992  -0.0054654   0.0175177
-0.00202828  -0.0054654   0.0462725  -0.0040425
   0.403854   0.0175177  -0.0040425    0.478149
IMAGINARY
           0  -0.00184653   0.00995795    0.0118847
  0.00184653            0  8.34214e-05  -0.00366072
 -0.00995795 -8.34214e-05            0   -0.0044507
  -0.0118847   0.00366072    0.0044507            0
Repeater1[0]<--->EndNode1[0]
REAL
   0.473684  0.00290777  0.00158826    0.394649
 0.00290777   0.0460526 -0.00272232 -0.00940076
 0.00158826 -0.00272232   0.0513158   0.0166235
   0.394649 -0.00940076   0.0166235    0.428947
IMAGINARY
           0   0.00622968   0.00188131   0.00879967
 -0.00622968            0 -0.000583708    0.0012476
 -0.00188131  0.000583708            0  -0.00435233
 -0.00879967   -0.0012476   0.00435233            0
Repeater1[0]<--->HoM1[0]
REAL
   0.422879 -0.00202828  0.00961871    0.403854
-0.00202828   0.0462725  -0.0054654  -0.0040425
 0.00961871  -0.0054654   0.0526992   0.0175177
   0.403854  -0.0040425   0.0175177    0.478149
IMAGINARY
           0   0.00995795  -0.00184653    0.0118847
 -0.00995795            0 -8.34214e-05   -0.0044507
  0.00184653  8.34214e-05            0  -0.00366072
  -0.0118847    0.0044507   0.00366072            0
EndNode1[0]<--->Repeater1[0]
REAL
   0.455263  -0.0150927 -0.00536222    0.395296
 -0.0150927   0.0434211  0.00640746  0.00732814
-0.00536222  0.00640746   0.0539474 2.06331e-05
   0.395296  0.00732814 2.06331e-05    0.447368
IMAGINARY
          0  -0.0073635   0.0145179  0.00794155
  0.0073635           0  0.00794155   0.0125824
 -0.0145179 -0.00794155           0  -0.0143167
-0.00794155  -0.0125824   0.0143167           0
EndNode2[0]<--->HoM1[0]
REAL
    0.422843   0.00192029 -0.000407714     0.393397
  0.00192029    0.0595383   0.00246408    0.0117562
-0.000407714   0.00246408    0.0498177    0.0120984
    0.393397    0.0117562    0.0120984     0.467801
IMAGINARY
           0    0.0124759  -0.00817695    0.0034518
  -0.0124759            0   -0.0027982 -0.000364446
  0.00817695    0.0027982            0    0.0105202
  -0.0034518  0.000364446   -0.0105202            0
Repeater1[0]<--->EndNode1[0]
REAL
   0.455263 -0.00536222  -0.0150927    0.395296
-0.00536222   0.0539474  0.00640746 2.06331e-05
 -0.0150927  0.00640746   0.0434211  0.00732814
   0.395296 2.06331e-05  0.00732814    0.447368
IMAGINARY
          0   0.0145179  -0.0073635  0.00794155
 -0.0145179           0 -0.00794155  -0.0143167
  0.0073635  0.00794155           0   0.0125824
-0.00794155   0.0143167  -0.0125824           0
Repeater1[0]<--->HoM1[0]
REAL
    0.422843 -0.000407714   0.00192029     0.393397
-0.000407714    0.0498177   0.00246408    0.0120984
  0.00192029   0.00246408    0.0595383    0.0117562
    0.393397    0.0120984    0.0117562     0.467801
IMAGINARY
           0  -0.00817695    0.0124759    0.0034518
  0.00817695            0    0.0027982    0.0105202
  -0.0124759   -0.0027982            0 -0.000364446
  -0.0034518   -0.0105202  0.000364446            0
EndNode1[0]<--->Repeater1[0]
REAL
    0.422306   -0.0140275   -0.0115237     0.400201
  -0.0140275    0.0614035   0.00392481 -0.000612249
  -0.0115237   0.00392481    0.0438596    0.0128139
    0.400201 -0.000612249    0.0128139     0.472431
IMAGINARY
          0 -0.00104395  -0.0113465 -0.00148324
 0.00104395           0  0.00341872 -0.00993008
  0.0113465 -0.00341872           0   0.0223205
 0.00148324  0.00993008  -0.0223205           0
EndNode2[0]<--->HoM1[0]
REAL
    0.438931 -0.000965721   -0.0179018     0.407121
-0.000965721    0.0547074   0.00242089    0.0197605
  -0.0179018   0.00242089    0.0318066    0.0015853
    0.407121    0.0197605    0.0015853     0.474555
IMAGINARY
          0 -0.00202106 -0.00374656  -0.0276694
 0.00202106           0 -0.00640741   0.0168014
 0.00374656  0.00640741           0  0.00332654
  0.0276694  -0.0168014 -0.00332654           0
Repeater1[0]<--->EndNode1[0]
REAL
    0.422306   -0.0115237   -0.0140275     0.400201
  -0.0115237    0.0438596   0.00392481    0.0128139
  -0.0140275   0.00392481    0.0614035 -0.000612249
    0.400201    0.0128139 -0.000612249     0.472431
IMAGINARY
          0  -0.0113465 -0.00104395 -0.00148324
  0.0113465           0 -0.00341872   0.0223205
 0.00104395  0.00341872           0 -0.00993008
 0.00148324  -0.0223205  0.00993008           0
Repeater1[0]<--->HoM1[0]
REAL
    0.438931   -0.0179018 -0.000965721     0.407121
  -0.0179018    0.0318066   0.00242089    0.0015853
-0.000965721   0.00242089    0.0547074    0.0197605
    0.407121    0.0015853    0.0197605     0.474555
IMAGINARY
          0 -0.00374656 -0.00202106  -0.0276694
 0.00374656           0  0.00640741  0.00332654
 0.00202106 -0.00640741           0   0.0168014
  0.0276694 -0.00332654  -0.0168014           0
EndNode1[0]<--->Repeater1[0]
REAL
   0.448953  -0.0058458  0.00582147    0.395642
 -0.0058458   0.0471204 -0.00301538   0.0155239
 0.00582147 -0.00301538   0.0445026   0.0129609
   0.395642   0.0155239   0.0129609    0.459424
IMAGINARY
          0  -0.0181512  0.00924644 -0.00230756
  0.0181512           0   0.0183951   -0.019625
-0.00924644  -0.0183951           0   0.0224247
 0.00230756    0.019625  -0.0224247           0
EndNode2[0]<--->HoM1[0]
REAL
   0.428385   0.0223581 -0.00389775    0.398222
  0.0223581   0.0598958  -0.0164875  0.00455478
-0.00389775  -0.0164875   0.0507812   0.0150926
   0.398222  0.00455478   0.0150926    0.460938
IMAGINARY
          0  0.00304448  -0.0064098   0.0109267
-0.00304448           0   0.0204084 -0.00904138
  0.0064098  -0.0204084           0  0.00128185
 -0.0109267  0.00904138 -0.00128185           0
Repeater1[0]<--->EndNode1[0]
REAL
   0.448953  0.00582147  -0.0058458    0.395642
 0.00582147   0.0445026 -0.00301538   0.0129609
 -0.0058458 -0.00301538   0.0471204   0.0155239
   0.395642   0.0129609   0.0155239    0.459424
IMAGINARY
          0  0.00924644  -0.0181512 -0.00230756
-0.00924644           0  -0.0183951   0.0224247
  0.0181512   0.0183951           0   -0.019625
 0.00230756  -0.0224247    0.019625           0
Repeater1[0]<--->HoM1[0]
REAL
   0.428385 -0.00389775   0.0223581    0.398222
-0.00389775   0.0507812  -0.0164875   0.0150926
  0.0223581  -0.0164875   0.0598958  0.00455478
   0.398222   0.0150926  0.00455478    0.460938
IMAGINARY
          0  -0.0064098  0.00304448   0.0109267
  0.0064098           0  -0.0204084  0.00128185
-0.00304448   0.0204084           0 -0.00904138
 -0.0109267 -0.00128185  0.00904138           0
EndNode1[0]<--->Repeater1[0]
REAL
   0.461741 -0.00874961  -0.0059079    0.382843
-0.00874961   0.0488127   0.0117023 -0.00197089
 -0.0059079   0.0117023   0.0448549  -0.0100383
   0.382843 -0.00197089  -0.0100383    0.444591
IMAGINARY
           0  0.000896244 -0.000421668    0.0102992
-0.000896244            0    0.0201807   0.00646194
 0.000421668   -0.0201807            0   0.00648631
  -0.0102992  -0.00646194  -0.00648631            0
EndNode2[0]<--->HoM1[0]
REAL
    0.467363   0.00471793    0.0108991     0.407108
  0.00471793    0.0600522 -0.000938156  -0.00961374
   0.0108991 -0.000938156      0.04047  0.000423455
    0.407108  -0.00961374  0.000423455     0.432115
IMAGINARY
          0   0.0140428   0.0163481  -0.0166932
 -0.0140428           0   -0.011047 -0.00676951
 -0.0163481    0.011047           0  0.00958424
  0.0166932  0.00676951 -0.00958424           0
Repeater1[0]<--->EndNode1[0]
REAL
   0.461741  -0.0059079 -0.00874961    0.382843
 -0.0059079   0.0448549   0.0117023  -0.0100383
-0.00874961   0.0117023   0.0488127 -0.00197089
   0.382843  -0.0100383 -0.00197089    0.444591
IMAGINARY
           0 -0.000421668  0.000896244    0.0102992
 0.000421668            0   -0.0201807   0.00648631
-0.000896244    0.0201807            0   0.00646194
  -0.0102992  -0.00648631  -0.00646194            0
Repeater1[0]<--->HoM1[0]
REAL
    0.467363    0.0108991   0.00471793     0.407108
   0.0108991      0.04047 -0.000938156  0.000423455
  0.00471793 -0.000938156    0.0600522  -0.00961374
    0.407108  0.000423455  -0.00961374     0.432115
IMAGINARY
          0   0.0163481   0.0140428  -0.0166932
 -0.0163481           0    0.011047  0.00958424
 -0.0140428   -0.011047           0 -0.00676951
  0.0166932 -0.00958424  0.00676951           0
EndNode1[0]<--->Repeater1[0]
REAL
   0.452957   0.0263296  0.00507955    0.418201
  0.0263296   0.0456989 -0.00647468   0.0192946
 0.00507955 -0.00647468   0.0537634 -0.00590803
   0.418201   0.0192946 -0.00590803    0.447581
IMAGINARY
           0  -0.00139184   0.00360206  0.000838101
  0.00139184            0  -0.00531953   0.00548885
 -0.00360206   0.00531953            0   -0.0128939
-0.000838101  -0.00548885    0.0128939            0
EndNode2[0]<--->HoM1[0]
REAL
  0.450758  0.0177664 0.00318342    0.40215
 0.0177664  0.0416667 -0.0104718  0.0159711
0.00318342 -0.0104718  0.0618687 0.00403015
   0.40215  0.0159711 0.00403015   0.445707
IMAGINARY
          0  -0.0213348   0.0054987 -0.00200043
  0.0213348           0   0.0127243  0.00421004
 -0.0054987  -0.0127243           0 -0.00536426
 0.00200043 -0.00421004  0.00536426           0
Repeater1[0]<--->EndNode1[0]
REAL
   0.452957  0.00507955   0.0263296    0.418201
 0.00507955   0.0537634 -0.00647468 -0.00590803
  0.0263296 -0.00647468   0.0456989   0.0192946
   0.418201 -0.00590803   0.0192946    0.447581
IMAGINARY
           0   0.00360206  -0.00139184  0.000838101
 -0.00360206            0   0.00531953   -0.0128939
  0.00139184  -0.00531953            0   0.00548885
-0.000838101    0.0128939  -0.00548885            0
Repeater1[0]<--->HoM1[0]
REAL
  0.450758 0.00318342  0.0177664    0.40215
0.00318342  0.0618687 -0.0104718 0.00403015
 0.0177664 -0.0104718  0.0416667  0.0159711
   0.40215 0.00403015  0.0159711   0.445707
IMAGINARY
          0   0.0054987  -0.0213348 -0.00200043
 -0.0054987           0  -0.0127243 -0.00536426
  0.0213348   0.0127243           0  0.00421004
 0.00200043  0.00536426 -0.00421004           0
EndNode1[0]<--->Repeater1[0]
REAL
   0.459569  -0.0403425  -0.0161397    0.400519
 -0.0403425   0.0363881  0.00725391  -0.0161397
 -0.0161397  0.00725391   0.0431267 -0.00774713
   0.400519  -0.0161397 -0.00774713    0.460916
IMAGINARY
          0  0.00160019 -0.00431737   0.0280481
-0.00160019           0  -0.0267822  -0.0128364
 0.00431737   0.0267822           0  0.00284708
 -0.0280481   0.0128364 -0.00284708           0
EndNode2[0]<--->HoM1[0]
REAL
   0.456384   0.0134757  0.00528465    0.401602
  0.0134757   0.0505689  -0.0188089   0.0121717
 0.00528465  -0.0188089   0.0379267 -0.00848815
   0.401602   0.0121717 -0.00848815     0.45512
IMAGINARY
           0  -0.00669368   0.00425349 -0.000162338
  0.00669368            0   -0.0248377   -0.0138812
 -0.00425349    0.0248377            0   0.00348444
 0.000162338    0.0138812  -0.00348444            0
Repeater1[0]<--->EndNode1[0]
REAL
   0.459569  -0.0161397  -0.0403425    0.400519
 -0.0161397   0.0431267  0.00725391 -0.00774713
 -0.0403425  0.00725391   0.0363881  -0.0161397
   0.400519 -0.00774713  -0.0161397    0.460916
IMAGINARY
          0 -0.00431737  0.00160019   0.0280481
 0.00431737           0   0.0267822  0.00284708
-0.00160019  -0.0267822           0  -0.0128364
 -0.0280481 -0.00284708   0.0128364           0
Repeater1[0]<--->HoM1[0]
REAL
   0.456384  0.00528465   0.0134757    0.401602
 0.00528465   0.0379267  -0.0188089 -0.00848815
  0.0134757  -0.0188089   0.0505689   0.0121717
   0.401602 -0.00848815   0.0121717     0.45512
IMAGINARY
           0   0.00425349  -0.00669368 -0.000162338
 -0.00425349            0    0.0248377   0.00348444
  0.00669368   -0.0248377            0   -0.0138812
 0.000162338  -0.00348444    0.0138812            0
EndNode1[0]<--->Repeater1[0]
REAL
  0.428758  0.0238827  0.0266345    0.40723
 0.0238827  0.0522876 0.00813507 -0.0058012
 0.0266345 0.00813507  0.0366013 0.00346107
   0.40723 -0.0058012 0.00346107   0.482353
IMAGINARY
           0   0.00387681      -0.0123   0.00339789
 -0.00387681            0   -0.0494684   -0.0232756
      0.0123    0.0494684            0  0.000651004
 -0.00339789    0.0232756 -0.000651004            0
EndNode2[0]<--->HoM1[0]
REAL
   0.456604  -0.0226341  -0.0211279    0.396231
 -0.0226341   0.0528302   0.0131979 3.61049e-05
 -0.0211279   0.0131979   0.0427673 0.000301637
   0.396231 3.61049e-05 0.000301637    0.447799
IMAGINARY
           0  0.000895356  -0.00498425  -0.00390551
-0.000895356            0  -0.00907347    0.0101256
  0.00498425   0.00907347            0  -0.00732209
  0.00390551   -0.0101256   0.00732209            0
Repeater1[0]<--->EndNode1[0]
REAL
  0.428758  0.0266345  0.0238827    0.40723
 0.0266345  0.0366013 0.00813507 0.00346107
 0.0238827 0.00813507  0.0522876 -0.0058012
   0.40723 0.00346107 -0.0058012   0.482353
IMAGINARY
           0      -0.0123   0.00387681   0.00339789
      0.0123            0    0.0494684  0.000651004
 -0.00387681   -0.0494684            0   -0.0232756
 -0.00339789 -0.000651004    0.0232756            0
Repeater1[0]<--->HoM1[0]
REAL
   0.456604  -0.0211279  -0.0226341    0.396231
 -0.0211279   0.0427673   0.0131979 0.000301637
 -0.0226341   0.0131979   0.0528302 3.61049e-05
   0.396231 0.000301637 3.61049e-05    0.447799
IMAGINARY
           0  -0.00498425  0.000895356  -0.00390551
  0.00498425            0   0.00907347  -0.00732209
-0.000895356  -0.00907347            0    0.0101256
  0.00390551   0.00732209   -0.0101256            0
EndNode1[0]<--->Repeater1[0]
REAL
    0.45367  0.00922698   -0.015681    0.405182
 0.00922698    0.055355   0.0105119 -0.00442274
  -0.015681   0.0105119   0.0529483  -0.0254397
   0.405182 -0.00442274  -0.0254397    0.438026
IMAGINARY
           0    0.0047281    0.0124299   -0.0108079
  -0.0047281            0 -0.000498627  -0.00862276
  -0.0124299  0.000498627            0   0.00796225
   0.0108079   0.00862276  -0.00796225            0
EndNode2[0]<--->HoM1[0]
REAL
  0.451407 -0.0130164  0.0012963   0.403133
-0.0130164  0.0588235 0.00559725 0.00796296
 0.0012963 0.00559725  0.0549872  0.0156619
  0.403133 0.00796296  0.0156619   0.434783
IMAGINARY
          0  -0.0040556  0.00290922  -0.0109878
  0.0040556           0 -0.00249104 -0.00874579
-0.00290922  0.00249104           0  0.00340709
  0.0109878  0.00874579 -0.00340709           0
Repeater1[0]<--->EndNode1[0]
REAL
    0.45367   -0.015681  0.00922698    0.405182
  -0.015681   0.0529483   0.0105119  -0.0254397
 0.00922698   0.0105119    0.055355 -0.00442274
   0.405182  -0.0254397 -0.00442274    0.438026
IMAGINARY
           0    0.0124299    0.0047281   -0.0108079
  -0.0124299            0  0.000498627   0.00796225
  -0.0047281 -0.000498627            0  -0.00862276
   0.0108079  -0.00796225   0.00862276            0
Repeater1[0]<--->HoM1[0]
REAL
  0.451407  0.0012963 -0.0130164   0.403133
 0.0012963  0.0549872 0.00559725  0.0156619
-0.0130164 0.00559725  0.0588235 0.00796296
  0.403133  0.0156619 0.00796296   0.434783
IMAGINARY
          0  0.00290922  -0.0040556  -0.0109878
-0.00290922           0  0.00249104  0.00340709
  0.0040556 -0.00249104           0 -0.00874579
  0.0109878 -0.00340709  0.00874579           0
EndNode1[0]<--->Repeater1[0]
REAL
    0.48005 -0.00408466  -0.0039529    0.395491
-0.00408466   0.0523691   0.0131383  0.00649097
 -0.0039529   0.0131383   0.0399002    0.016775
   0.395491  0.00649097    0.016775    0.427681
IMAGINARY
          0  0.00261394   0.0121119  -0.0110872
-0.00261394           0  -0.0017005    0.027995
 -0.0121119   0.0017005           0  -0.0346995
  0.0110872   -0.027995   0.0346995           0
EndNode2[0]<--->HoM1[0]
REAL
    0.452618  -0.00626518   -0.0300544     0.406697
 -0.00626518    0.0461347 -0.000938153   0.00387642
  -0.0300544 -0.000938153    0.0548628   -0.0199128
    0.406697   0.00387642   -0.0199128     0.446384
IMAGINARY
           0   0.00668301   -0.0077822    0.0143556
 -0.00668301            0  -0.00156792   0.00285609
   0.0077822   0.00156792            0 -0.000525376
  -0.0143556  -0.00285609  0.000525376            0
Repeater1[0]<--->EndNode1[0]
REAL
    0.48005  -0.0039529 -0.00408466    0.395491
 -0.0039529   0.0399002   0.0131383    0.016775
-0.00408466   0.0131383   0.0523691  0.00649097
   0.395491    0.016775  0.00649097    0.427681
IMAGINARY
          0   0.0121119  0.00261394  -0.0110872
 -0.0121119           0   0.0017005  -0.0346995
-0.00261394  -0.0017005           0    0.027995
  0.0110872   0.0346995   -0.027995           0
Repeater1[0]<--->HoM1[0]
REAL
    0.452618   -0.0300544  -0.00626518     0.406697
  -0.0300544    0.0548628 -0.000938153   -0.0199128
 -0.00626518 -0.000938153    0.0461347   0.00387642
    0.406697   -0.0199128   0.00387642     0.446384
IMAGINARY
           0   -0.0077822   0.00668301    0.0143556
   0.0077822            0   0.00156792 -0.000525376
 -0.00668301  -0.00156792            0   0.00285609
  -0.0143556  0.000525376  -0.00285609            0
EndNode1[0]<--->Repeater1[0]
REAL
   0.458385  0.00537197   0.0130422    0.395602
 0.00537197   0.0658385 0.000450955   0.0185367
  0.0130422 0.000450955   0.0347826   0.0117333
   0.395602   0.0185367   0.0117333    0.440994
IMAGINARY
           0   0.00844226  -0.00741497   -0.0171662
 -0.00844226            0   0.00150044   0.00938089
  0.00741497  -0.00150044            0  7.67478e-05
   0.0171662  -0.00938089 -7.67478e-05            0
EndNode2[0]<--->HoM1[0]
REAL
   0.451138 -0.00803445  -0.0149383     0.41024
-0.00803445   0.0441767  0.00820427   0.0155657
 -0.0149383  0.00820427   0.0508701   0.0124259
    0.41024   0.0155657   0.0124259    0.453815
IMAGINARY
          0  0.00443653 -0.00911735 -0.00319693
-0.00443653           0 -0.00319693   0.0116619
 0.00911735  0.00319693           0  0.00701385
 0.00319693  -0.0116619 -0.00701385           0
Repeater1[0]<--->EndNode1[0]
REAL
   0.458385   0.0130422  0.00537197    0.395602
  0.0130422   0.0347826 0.000450955   0.0117333
 0.00537197 0.000450955   0.0658385   0.0185367
   0.395602   0.0117333   0.0185367    0.440994
IMAGINARY
           0  -0.00741497   0.00844226   -0.0171662
  0.00741497            0  -0.00150044  7.67478e-05
 -0.00844226   0.00150044            0   0.00938089
   0.0171662 -7.67478e-05  -0.00938089            0
Repeater1[0]<--->HoM1[0]
REAL
   0.451138  -0.0149383 -0.00803445     0.41024
 -0.0149383   0.0508701  0.00820427   0.0124259
-0.00803445  0.00820427   0.0441767   0.0155657
    0.41024   0.0124259   0.0155657    0.453815
IMAGINARY
          0 -0.00911735  0.00443653 -0.00319693
 0.00911735           0  0.00319693  0.00701385
-0.00443653 -0.00319693           0   0.0116619
 0.00319693 -0.00701385  -0.0116619           0
EndNode1[0]<--->Repeater1[0]
REAL
    0.43758   0.0365202   -0.013896    0.403201
  0.0365202   0.0682111 0.000457697   0.0419448
  -0.013896 0.000457697    0.041184  0.00982122
   0.403201   0.0419448  0.00982122    0.453024
IMAGINARY
          0  0.00289912  -0.0133669  -0.0294907
-0.00289912           0   0.0115146  0.00463868
  0.0133669  -0.0115146           0 -0.00165224
  0.0294907 -0.00463868  0.00165224           0
EndNode2[0]<--->HoM1[0]
REAL
  0.431193 -0.0118706 0.00634113   0.388815
-0.0118706  0.0406291 -0.0118305 0.00820913
0.00634113 -0.0118305  0.0537353  0.0171616
  0.388815 0.00820913  0.0171616   0.474443
IMAGINARY
          0  -0.0149988  0.00998298   0.0241087
  0.0149988           0 -0.00647643   0.0087267
-0.00998298  0.00647643           0  0.00790199
 -0.0241087  -0.0087267 -0.00790199           0
Repeater1[0]<--->EndNode1[0]
REAL
    0.43758   -0.013896   0.0365202    0.403201
  -0.013896    0.041184 0.000457697  0.00982122
  0.0365202 0.000457697   0.0682111   0.0419448
   0.403201  0.00982122   0.0419448    0.453024
IMAGINARY
          0  -0.0133669  0.00289912  -0.0294907
  0.0133669           0  -0.0115146 -0.00165224
-0.00289912   0.0115146           0  0.00463868
  0.0294907  0.00165224 -0.00463868           0
Repeater1[0]<--->HoM1[0]
REAL
  0.431193 0.00634113 -0.0118706   0.388815
0.00634113  0.0537353 -0.0118305  0.0171616
-0.0118706 -0.0118305  0.0406291 0.00820913
  0.388815  0.0171616 0.00820913   0.474443
IMAGINARY
          0  0.00998298  -0.0149988   0.0241087
-0.00998298           0  0.00647643  0.00790199
  0.0149988 -0.00647643           0   0.0087267
 -0.0241087 -0.00790199  -0.0087267           0
EndNode1[0]<--->Repeater1[0]
REAL
    0.443618 -0.000920997   0.00524694     0.414946
-0.000920997    0.0520446   0.00294608  -0.00279596
  0.00524694   0.00294608    0.0458488   0.00214649
    0.414946  -0.00279596   0.00214649     0.458488
IMAGINARY
          0  0.00239695 -0.00265608   0.0177165
-0.00239695           0  -0.0203412 -1.0582e-05
 0.00265608   0.0203412           0   0.0189364
 -0.0177165  1.0582e-05  -0.0189364           0
EndNode2[0]<--->HoM1[0]
REAL
  0.459144  0.0118657 0.00419808   0.400579
 0.0118657  0.0337224  0.0144211  0.0283019
0.00419808  0.0144211  0.0453956 0.00813433
  0.400579  0.0283019 0.00813433   0.461738
IMAGINARY
           0  0.000398719  -0.00347159   0.00050818
-0.000398719            0    0.0150584    0.0079994
  0.00347159   -0.0150584            0    0.0131847
 -0.00050818   -0.0079994   -0.0131847            0
Repeater1[0]<--->EndNode1[0]
REAL
    0.443618   0.00524694 -0.000920997     0.414946
  0.00524694    0.0458488   0.00294608   0.00214649
-0.000920997   0.00294608    0.0520446  -0.00279596
    0.414946   0.00214649  -0.00279596     0.458488
IMAGINARY
          0 -0.00265608  0.00239695   0.0177165
 0.00265608           0   0.0203412   0.0189364
-0.00239695  -0.0203412           0 -1.0582e-05
 -0.0177165  -0.0189364  1.0582e-05           0
Repeater1[0]<--->HoM1[0]
REAL
  0.459144 0.00419808  0.0118657   0.400579
0.00419808  0.0453956  0.0144211 0.00813433
 0.0118657  0.0144211  0.0337224  0.0283019
  0.400579 0.00813433  0.0283019   0.461738
IMAGINARY
           0  -0.00347159  0.000398719   0.00050818
  0.00347159            0   -0.0150584    0.0131847
-0.000398719    0.0150584            0    0.0079994
 -0.00050818   -0.0131847   -0.0079994            0
EndNode1[0]<--->Repeater1[0]
REAL
    0.448622 -0.000659541   -0.0134348      0.39735
-0.000659541    0.0463659   -0.0161492   0.00299095
  -0.0134348   -0.0161492    0.0588972  -0.00586787
     0.39735   0.00299095  -0.00586787     0.446115
IMAGINARY
           0   0.00405336   0.00508168   0.00959349
 -0.00405336            0  -0.00465522 -0.000494526
 -0.00508168   0.00465522            0   -0.0191254
 -0.00959349  0.000494526    0.0191254            0
EndNode2[0]<--->HoM1[0]
REAL
  0.441772 0.00231099 -0.0146234   0.407026
0.00231099  0.0468354 -0.0150352 0.00855542
-0.0146234 -0.0150352  0.0594937 0.00497056
  0.407026 0.00855542 0.00497056   0.451899
IMAGINARY
          0  -0.0180974  0.00117543  0.00739741
  0.0180974           0  -0.0217904   0.0087321
-0.00117543   0.0217904           0  0.00686886
-0.00739741  -0.0087321 -0.00686886           0
Repeater1[0]<--->EndNode1[0]
REAL
    0.448622   -0.0134348 -0.000659541      0.39735
  -0.0134348    0.0588972   -0.0161492  -0.00586787
-0.000659541   -0.0161492    0.0463659   0.00299095
     0.39735  -0.00586787   0.00299095     0.446115
IMAGINARY
           0   0.00508168   0.00405336   0.00959349
 -0.00508168            0   0.00465522   -0.0191254
 -0.00405336  -0.00465522            0 -0.000494526
 -0.00959349    0.0191254  0.000494526            0
Repeater1[0]<--->HoM1[0]
REAL
  0.441772 -0.0146234 0.00231099   0.407026
-0.0146234  0.0594937 -0.0150352 0.00497056
0.00231099 -0.0150352  0.0468354 0.00855542
  0.407026 0.00497056 0.00855542   0.451899
IMAGINARY
          0  0.00117543  -0.0180974  0.00739741
-0.00117543           0   0.0217904  0.00686886
  0.0180974  -0.0217904           0   0.0087321
-0.00739741 -0.00686886  -0.0087321           0
EndNode1[0]<--->Repeater1[0]
REAL
     0.455 -0.0122208 0.00159598   0.407854
-0.0122208     0.0575 0.00272557 0.00847959
0.00159598 0.00272557    0.04875  0.0159992
  0.407854 0.00847959  0.0159992    0.43875
IMAGINARY
          0  -0.0016449 -0.00289699 -0.00391339
  0.0016449           0  -0.0105097 -0.00223121
 0.00289699   0.0105097           0 -0.00604741
 0.00391339  0.00223121  0.00604741           0
EndNode2[0]<--->HoM1[0]
REAL
    0.45191   0.0139305   0.0188252    0.404712
  0.0139305   0.0566535   0.0039179 -0.00994194
  0.0188252   0.0039179   0.0487484  0.00256691
   0.404712 -0.00994194  0.00256691    0.442688
IMAGINARY
          0  0.00503318 -0.00170561 -0.00837281
-0.00503318           0   0.0102408  -0.0088764
 0.00170561  -0.0102408           0   0.0280356
 0.00837281   0.0088764  -0.0280356           0
Repeater1[0]<--->EndNode1[0]
REAL
     0.455 0.00159598 -0.0122208   0.407854
0.00159598    0.04875 0.00272557  0.0159992
-0.0122208 0.00272557     0.0575 0.00847959
  0.407854  0.0159992 0.00847959    0.43875
IMAGINARY
          0 -0.00289699  -0.0016449 -0.00391339
 0.00289699           0   0.0105097 -0.00604741
  0.0016449  -0.0105097           0 -0.00223121
 0.00391339  0.00604741  0.00223121           0
Repeater1[0]<--->HoM1[0]
REAL
    0.45191   0.0188252   0.0139305    0.404712
  0.0188252   0.0487484   0.0039179  0.00256691
  0.0139305   0.0039179   0.0566535 -0.00994194
   0.404712  0.00256691 -0.00994194    0.442688
IMAGINARY
          0 -0.00170561  0.00503318 -0.00837281
 0.00170561           0  -0.0102408   0.0280356
-0.00503318   0.0102408           0  -0.0088764
 0.00837281  -0.0280356   0.0088764           0
EndNode1[0]<--->Repeater1[0]
REAL
   0.434994 -0.00465349   -0.022992    0.404806
-0.00465349   0.0388821 -0.00560209  0.00044554
  -0.022992 -0.00560209   0.0583232  -0.0258505
   0.404806  0.00044554  -0.0258505    0.467801
IMAGINARY
           0   -0.0163153 -0.000998544  -0.00495338
   0.0163153            0   -0.0322261    -0.016788
 0.000998544    0.0322261            0    0.0130215
  0.00495338     0.016788   -0.0130215            0
EndNode2[0]<--->HoM1[0]
REAL
  0.436314  0.0141961  0.0165331   0.408834
 0.0141961  0.0392954 0.00246654  0.0217415
 0.0165331 0.00246654  0.0460705  0.0180032
  0.408834  0.0217415  0.0180032    0.47832
IMAGINARY
          0  -0.0162282    0.011193 -0.00108913
  0.0162282           0   0.0160677 -0.00432658
  -0.011193  -0.0160677           0  0.00561646
 0.00108913  0.00432658 -0.00561646           0
Repeater1[0]<--->EndNode1[0]
REAL
   0.434994   -0.022992 -0.00465349    0.404806
  -0.022992   0.0583232 -0.00560209  -0.0258505
-0.00465349 -0.00560209   0.0388821  0.00044554
   0.404806  -0.0258505  0.00044554    0.467801
IMAGINARY
           0 -0.000998544   -0.0163153  -0.00495338
 0.000998544            0    0.0322261    0.0130215
   0.0163153   -0.0322261            0    -0.016788
  0.00495338   -0.0130215     0.016788            0
Repeater1[0]<--->HoM1[0]
REAL
  0.436314  0.0165331  0.0141961   0.408834
 0.0165331  0.0460705 0.00246654  0.0180032
 0.0141961 0.00246654  0.0392954  0.0217415
  0.408834  0.0180032  0.0217415    0.47832
IMAGINARY
          0    0.011193  -0.0162282 -0.00108913
  -0.011193           0  -0.0160677  0.00561646
  0.0162282   0.0160677           0 -0.00432658
 0.00108913 -0.00561646  0.00432658           0
EndNode1[0]<--->Repeater1[0]
REAL
  0.482024  0.0221163  0.0198716   0.403674
 0.0221163  0.0426099 0.00301149  0.0205184
 0.0198716 0.00301149  0.0439414  0.0252374
  0.403674  0.0205184  0.0252374   0.431425
IMAGINARY
          0  0.00445113  -0.0219578  0.00160888
-0.00445113           0  0.00718509 -0.00386998
  0.0219578 -0.00718509           0   0.0147542
-0.00160888  0.00386998  -0.0147542           0
EndNode2[0]<--->HoM1[0]
REAL
   0.446499 5.04683e-06  0.00988051    0.409186
5.04683e-06   0.0369881  0.00878249  -0.0281097
 0.00988051  0.00878249   0.0554822  0.00129704
   0.409186  -0.0281097  0.00129704     0.46103
IMAGINARY
          0    0.010982  -0.0258898   0.0111283
  -0.010982           0  0.00263316  -0.0057387
  0.0258898 -0.00263316           0   0.0287219
 -0.0111283   0.0057387  -0.0287219           0
Repeater1[0]<--->EndNode1[0]
REAL
  0.482024  0.0198716  0.0221163   0.403674
 0.0198716  0.0439414 0.00301149  0.0252374
 0.0221163 0.00301149  0.0426099  0.0205184
  0.403674  0.0252374  0.0205184   0.431425
IMAGINARY
          0  -0.0219578  0.00445113  0.00160888
  0.0219578           0 -0.00718509   0.0147542
-0.00445113  0.00718509           0 -0.00386998
-0.00160888  -0.0147542  0.00386998           0
Repeater1[0]<--->HoM1[0]
REAL
   0.446499  0.00988051 5.04683e-06    0.409186
 0.00988051   0.0554822  0.00878249  0.00129704
5.04683e-06  0.00878249   0.0369881  -0.0281097
   0.409186  0.00129704  -0.0281097     0.46103
IMAGINARY
          0  -0.0258898    0.010982   0.0111283
  0.0258898           0 -0.00263316   0.0287219
  -0.010982  0.00263316           0  -0.0057387
 -0.0111283  -0.0287219   0.0057387           0
EndNode1[0]<--->Repeater1[0]
REAL
   0.435724  0.00428222 -0.00553113     0.39038
 0.00428222    0.052774  -0.0175321   0.0194384
-0.00553113  -0.0175321   0.0473613  0.00167805
    0.39038   0.0194384  0.00167805    0.464141
IMAGINARY
          0 -0.00815782 -0.00168465   0.0142735
 0.00815782           0  -0.0155111   0.0166003
 0.00168465   0.0155111           0 -0.00286682
 -0.0142735  -0.0166003  0.00286682           0
EndNode2[0]<--->HoM1[0]
REAL
    0.43038  0.00800672   0.0247327    0.416869
 0.00800672   0.0531646 -0.00729503 -0.00611565
  0.0247327 -0.00729503   0.0544304   0.0132699
   0.416869 -0.00611565   0.0132699    0.462025
IMAGINARY
           0   0.00514976  -0.00772202  0.000218652
 -0.00514976            0    0.0162649  9.93825e-06
  0.00772202   -0.0162649            0   0.00384767
-0.000218652 -9.93825e-06  -0.00384767            0
Repeater1[0]<--->EndNode1[0]
REAL
   0.435724 -0.00553113  0.00428222     0.39038
-0.00553113   0.0473613  -0.0175321  0.00167805
 0.00428222  -0.0175321    0.052774   0.0194384
    0.39038  0.00167805   0.0194384    0.464141
IMAGINARY
          0 -0.00168465 -0.00815782   0.0142735
 0.00168465           0   0.0155111 -0.00286682
 0.00815782  -0.0155111           0   0.0166003
 -0.0142735  0.00286682  -0.0166003           0
Repeater1[0]<--->HoM1[0]
REAL
    0.43038   0.0247327  0.00800672    0.416869
  0.0247327   0.0544304 -0.00729503   0.0132699
 0.00800672 -0.00729503   0.0531646 -0.00611565
   0.416869   0.0132699 -0.00611565    0.462025
IMAGINARY
           0  -0.00772202   0.00514976  0.000218652
  0.00772202            0   -0.0162649   0.00384767
 -0.00514976    0.0162649            0  9.93825e-06
-0.000218652  -0.00384767 -9.93825e-06            0
EndNode1[0]<--->Repeater1[0]
REAL
   0.464619   0.0011242  -0.0242536    0.398006
  0.0011242   0.0373832 -0.00367593    0.022965
 -0.0242536 -0.00367593   0.0400534  -0.0204541
   0.398006    0.022965  -0.0204541    0.457944
IMAGINARY
          0   0.0210598 -0.00865461  0.00677074
 -0.0210598           0    0.010739  -0.0165718
 0.00865461   -0.010739           0  0.00157927
-0.00677074   0.0165718 -0.00157927           0
EndNode2[0]<--->HoM1[0]
REAL
   0.440447  -0.0343917  0.00804665    0.391133
 -0.0343917   0.0669975 -0.00607533  -0.0150709
 0.00804665 -0.00607533   0.0620347   0.0120417
   0.391133  -0.0150709   0.0120417    0.430521
IMAGINARY
           0  -0.00635809   0.00699261 -0.000978777
  0.00635809            0  0.000354557  -0.00318551
 -0.00699261 -0.000354557            0   0.00382002
 0.000978777   0.00318551  -0.00382002            0
Repeater1[0]<--->EndNode1[0]
REAL
   0.464619  -0.0242536   0.0011242    0.398006
 -0.0242536   0.0400534 -0.00367593  -0.0204541
  0.0011242 -0.00367593   0.0373832    0.022965
   0.398006  -0.0204541    0.022965    0.457944
IMAGINARY
          0 -0.00865461   0.0210598  0.00677074
 0.00865461           0   -0.010739  0.00157927
 -0.0210598    0.010739           0  -0.0165718
-0.00677074 -0.00157927   0.0165718           0
Repeater1[0]<--->HoM1[0]
REAL
   0.440447  0.00804665  -0.0343917    0.391133
 0.00804665   0.0620347 -0.00607533   0.0120417
 -0.0343917 -0.00607533   0.0669975  -0.0150709
   0.391133   0.0120417  -0.0150709    0.430521
IMAGINARY
           0   0.00699261  -0.00635809 -0.000978777
 -0.00699261            0 -0.000354557   0.00382002
  0.00635809  0.000354557            0  -0.00318551
 0.000978777  -0.00382002   0.00318551            0
