EndNode1[0]<--->Repeater1[0]
REAL
  0.257653 -0.0116755 0.00159853  0.0712352
-0.0116755   0.241071  0.0171486  0.0122904
0.00159853  0.0171486   0.241071  0.0104129
 0.0712352  0.0122904  0.0104129   0.260204
IMAGINARY
          0  -0.0224101  -0.0179748  -0.0121241
  0.0224101           0   0.0264454  0.00715748
  0.0179748  -0.0264454           0   0.0200063
  0.0121241 -0.00715748  -0.0200063           0
EndNode2[0]<--->HoM1[0]
REAL
  0.283163 -0.0131774  -0.010151  0.0567872
-0.0131774   0.229592  0.0445921  0.0218751
 -0.010151  0.0445921   0.202806  0.0152464
 0.0567872  0.0218751  0.0152464   0.284439
IMAGINARY
          0  -0.0273905 -0.00707254  0.00556442
  0.0273905           0  -0.0037194 -0.00897368
 0.00707254   0.0037194           0  0.00749321
-0.00556442  0.00897368 -0.00749321           0
Repeater1[0]<--->EndNode1[0]
REAL
  0.257653 0.00159853 -0.0116755  0.0712352
0.00159853   0.241071  0.0171486  0.0104129
-0.0116755  0.0171486   0.241071  0.0122904
 0.0712352  0.0104129  0.0122904   0.260204
IMAGINARY
          0  -0.0179748  -0.0224101  -0.0121241
  0.0179748           0  -0.0264454   0.0200063
  0.0224101   0.0264454           0  0.00715748
  0.0121241  -0.0200063 -0.00715748           0
Repeater1[0]<--->HoM1[0]
REAL
  0.283163  -0.010151 -0.0131774  0.0567872
 -0.010151   0.202806  0.0445921  0.0152464
-0.0131774  0.0445921   0.229592  0.0218751
 0.0567872  0.0152464  0.0218751   0.284439
IMAGINARY
          0 -0.00707254  -0.0273905  0.00556442
 0.00707254           0   0.0037194  0.00749321
  0.0273905  -0.0037194           0 -0.00897368
-0.00556442 -0.00749321  0.00897368           0
EndNode1[0]<--->Repeater1[0]
REAL
   0.288181   0.0143405 -0.00121419   0.0727196
  0.0143405    0.237716   0.0283034  0.00888682
-0.00121419   0.0283034    0.217795   0.0112349
  0.0727196  0.00888682   0.0112349    0.256308
IMAGINARY
          0 -0.00437976  -0.0119708  0.00141579
 0.00437976           0  0.00390336 -0.00452665
  0.0119708 -0.00390336           0 -0.00577252
-0.00141579  0.00452665  0.00577252           0
EndNode2[0]<--->HoM1[0]
REAL
   0.270026 -0.00981003  -0.0074124   0.0843775
-0.00981003    0.217054   0.0330467   0.0074124
 -0.0074124   0.0330467    0.241602 0.000971644
  0.0843775   0.0074124 0.000971644    0.271318
IMAGINARY
           0   -0.0198333  0.000312836  -0.00795219
   0.0198333            0  -0.00352741   0.00665801
-0.000312836   0.00352741            0   0.00272306
  0.00795219  -0.00665801  -0.00272306            0
Repeater1[0]<--->EndNode1[0]
REAL
   0.288181 -0.00121419   0.0143405   0.0727196
-0.00121419    0.217795   0.0283034   0.0112349
  0.0143405   0.0283034    0.237716  0.00888682
  0.0727196   0.0112349  0.00888682    0.256308
IMAGINARY
          0  -0.0119708 -0.00437976  0.00141579
  0.0119708           0 -0.00390336 -0.00577252
 0.00437976  0.00390336           0 -0.00452665
-0.00141579  0.00577252  0.00452665           0
Repeater1[0]<--->HoM1[0]
REAL
   0.270026  -0.0074124 -0.00981003   0.0843775
 -0.0074124    0.241602   0.0330467 0.000971644
-0.00981003   0.0330467    0.217054   0.0074124
  0.0843775 0.000971644   0.0074124    0.271318
IMAGINARY
           0  0.000312836   -0.0198333  -0.00795219
-0.000312836            0   0.00352741   0.00272306
   0.0198333  -0.00352741            0   0.00665801
  0.00795219  -0.00272306  -0.00665801            0
EndNode1[0]<--->Repeater1[0]
REAL
    0.277487   -0.0230825   -0.0131307    0.0591481
  -0.0230825     0.213351    0.0350365 -0.000143662
  -0.0131307    0.0350365     0.225131  -0.00662677
   0.0591481 -0.000143662  -0.00662677     0.284031
IMAGINARY
         0 -0.0171468 -0.0119844 -0.0129391
 0.0171468          0 -0.0013112 -0.0146654
 0.0119844  0.0013112          0 -0.0158481
 0.0129391  0.0146654  0.0158481          0
EndNode2[0]<--->HoM1[0]
REAL
   0.235135   0.0174076 -0.00186413   0.0842853
  0.0174076    0.255405   0.0418016 -0.00124146
-0.00186413   0.0418016    0.255405   0.0130272
  0.0842853 -0.00124146   0.0130272    0.254054
IMAGINARY
          0  -0.0162145   0.0229483   0.0168973
  0.0162145           0  0.00601378   0.0090778
 -0.0229483 -0.00601378           0 -0.00012538
 -0.0168973  -0.0090778  0.00012538           0
Repeater1[0]<--->EndNode1[0]
REAL
    0.277487   -0.0131307   -0.0230825    0.0591481
  -0.0131307     0.225131    0.0350365  -0.00662677
  -0.0230825    0.0350365     0.213351 -0.000143662
   0.0591481  -0.00662677 -0.000143662     0.284031
IMAGINARY
         0 -0.0119844 -0.0171468 -0.0129391
 0.0119844          0  0.0013112 -0.0158481
 0.0171468 -0.0013112          0 -0.0146654
 0.0129391  0.0158481  0.0146654          0
Repeater1[0]<--->HoM1[0]
REAL
   0.235135 -0.00186413   0.0174076   0.0842853
-0.00186413    0.255405   0.0418016   0.0130272
  0.0174076   0.0418016    0.255405 -0.00124146
  0.0842853   0.0130272 -0.00124146    0.254054
IMAGINARY
          0   0.0229483  -0.0162145   0.0168973
 -0.0229483           0 -0.00601378 -0.00012538
  0.0162145  0.00601378           0   0.0090778
 -0.0168973  0.00012538  -0.0090778           0
EndNode1[0]<--->Repeater1[0]
REAL
  0.260274 -0.0195166 -0.0102871  0.0751177
-0.0195166   0.228767   0.048308 0.00650876
-0.0102871   0.048308   0.224658 -0.0207857
 0.0751177 0.00650876 -0.0207857   0.286301
IMAGINARY
          0  -0.0180224   0.0102691 -0.00123153
  0.0180224           0 -0.00985222 -0.00758809
 -0.0102691  0.00985222           0  -0.0101277
 0.00123153  0.00758809   0.0101277           0
EndNode2[0]<--->HoM1[0]
REAL
   0.277705 0.000925273 -0.00127391     0.10065
0.000925273    0.237288   0.0309289 0.000632062
-0.00127391   0.0309289    0.221643  0.00228397
    0.10065 0.000632062  0.00228397    0.263364
IMAGINARY
           0   0.00453439   -0.0280422 -8.88644e-05
 -0.00453439            0  -0.00849766   -0.0137904
   0.0280422   0.00849766            0    0.0107379
 8.88644e-05    0.0137904   -0.0107379            0
Repeater1[0]<--->EndNode1[0]
REAL
  0.260274 -0.0102871 -0.0195166  0.0751177
-0.0102871   0.224658   0.048308 -0.0207857
-0.0195166   0.048308   0.228767 0.00650876
 0.0751177 -0.0207857 0.00650876   0.286301
IMAGINARY
          0   0.0102691  -0.0180224 -0.00123153
 -0.0102691           0  0.00985222  -0.0101277
  0.0180224 -0.00985222           0 -0.00758809
 0.00123153   0.0101277  0.00758809           0
Repeater1[0]<--->HoM1[0]
REAL
   0.277705 -0.00127391 0.000925273     0.10065
-0.00127391    0.221643   0.0309289  0.00228397
0.000925273   0.0309289    0.237288 0.000632062
    0.10065  0.00228397 0.000632062    0.263364
IMAGINARY
           0   -0.0280422   0.00453439 -8.88644e-05
   0.0280422            0   0.00849766    0.0107379
 -0.00453439  -0.00849766            0   -0.0137904
 8.88644e-05   -0.0107379    0.0137904            0
EndNode1[0]<--->Repeater1[0]
REAL
   0.266922 -0.00067187  -0.0213861   0.0800975
-0.00067187    0.240102   0.0664434   0.0144679
 -0.0213861   0.0664434    0.232439  -0.0200828
  0.0800975   0.0144679  -0.0200828    0.260536
IMAGINARY
           0   0.00163054   0.00806881  0.000864242
 -0.00163054            0  -0.00457711   -0.0165213
 -0.00806881   0.00457711            0   0.00422121
-0.000864242    0.0165213  -0.00422121            0
EndNode2[0]<--->HoM1[0]
REAL
  0.300401 -0.0216966 0.00761745   0.058914
-0.0216966   0.238985  0.0210352 0.00634194
0.00761745  0.0210352   0.217623  0.0267728
  0.058914 0.00634194  0.0267728   0.242991
IMAGINARY
           0     0.037264   0.00754972    0.0148906
   -0.037264            0   0.00903886     0.010127
 -0.00754972  -0.00903886            0  0.000614787
  -0.0148906    -0.010127 -0.000614787            0
Repeater1[0]<--->EndNode1[0]
REAL
   0.266922  -0.0213861 -0.00067187   0.0800975
 -0.0213861    0.232439   0.0664434  -0.0200828
-0.00067187   0.0664434    0.240102   0.0144679
  0.0800975  -0.0200828   0.0144679    0.260536
IMAGINARY
           0   0.00806881   0.00163054  0.000864242
 -0.00806881            0   0.00457711   0.00422121
 -0.00163054  -0.00457711            0   -0.0165213
-0.000864242  -0.00422121    0.0165213            0
Repeater1[0]<--->HoM1[0]
REAL
  0.300401 0.00761745 -0.0216966   0.058914
0.00761745   0.217623  0.0210352  0.0267728
-0.0216966  0.0210352   0.238985 0.00634194
  0.058914  0.0267728 0.00634194   0.242991
IMAGINARY
           0   0.00754972     0.037264    0.0148906
 -0.00754972            0  -0.00903886  0.000614787
   -0.037264   0.00903886            0     0.010127
  -0.0148906 -0.000614787    -0.010127            0
EndNode1[0]<--->Repeater1[0]
REAL
   0.269802 0.000899817 -0.00871033   0.0946923
0.000899817    0.215347   0.0441604 -0.00628315
-0.00871033   0.0441604    0.237624  0.00887854
  0.0946923 -0.00628315  0.00887854    0.277228
IMAGINARY
          0   0.0139183   0.0122491 -0.00980258
 -0.0139183           0 -0.00538896  0.00769772
 -0.0122491  0.00538896           0   0.0113476
 0.00980258 -0.00769772  -0.0113476           0
EndNode2[0]<--->HoM1[0]
REAL
    0.25187   0.0148031 -0.00229615   0.0690519
  0.0148031    0.230673   0.0564357  -0.0035556
-0.00229615   0.0564357     0.22818  0.00795376
  0.0690519  -0.0035556  0.00795376    0.289277
IMAGINARY
          0  0.00192285 -0.00164685  0.00999833
-0.00192285           0  -0.0271086   0.0049669
 0.00164685   0.0271086           0  0.00936534
-0.00999833  -0.0049669 -0.00936534           0
Repeater1[0]<--->EndNode1[0]
REAL
   0.269802 -0.00871033 0.000899817   0.0946923
-0.00871033    0.237624   0.0441604  0.00887854
0.000899817   0.0441604    0.215347 -0.00628315
  0.0946923  0.00887854 -0.00628315    0.277228
IMAGINARY
          0   0.0122491   0.0139183 -0.00980258
 -0.0122491           0  0.00538896   0.0113476
 -0.0139183 -0.00538896           0  0.00769772
 0.00980258  -0.0113476 -0.00769772           0
Repeater1[0]<--->HoM1[0]
REAL
    0.25187 -0.00229615   0.0148031   0.0690519
-0.00229615     0.22818   0.0564357  0.00795376
  0.0148031   0.0564357    0.230673  -0.0035556
  0.0690519  0.00795376  -0.0035556    0.289277
IMAGINARY
          0 -0.00164685  0.00192285  0.00999833
 0.00164685           0   0.0271086  0.00936534
-0.00192285  -0.0271086           0   0.0049669
-0.00999833 -0.00936534  -0.0049669           0
EndNode1[0]<--->Repeater1[0]
REAL
   0.265789 -0.00587923 -0.00255509   0.0650583
-0.00587923    0.222368   0.0374894  0.00319203
-0.00255509   0.0374894    0.242105   0.0116117
  0.0650583  0.00319203   0.0116117    0.269737
IMAGINARY
          0  -0.0254648   0.0218214   0.0224832
  0.0254648           0  0.00661018  -0.0105432
 -0.0218214 -0.00661018           0  0.00290844
 -0.0224832   0.0105432 -0.00290844           0
EndNode2[0]<--->HoM1[0]
REAL
   0.285156   0.0184624  -0.0258526   0.0830065
  0.0184624    0.227865   0.0572996 -0.00348416
 -0.0258526   0.0572996    0.220052 -0.00698285
  0.0830065 -0.00348416 -0.00698285    0.266927
IMAGINARY
          0  0.00284484  -0.0082363   0.0214059
-0.00284484           0   0.0249859 -0.00204648
  0.0082363  -0.0249859           0  -0.0118423
 -0.0214059  0.00204648   0.0118423           0
Repeater1[0]<--->EndNode1[0]
REAL
   0.265789 -0.00255509 -0.00587923   0.0650583
-0.00255509    0.242105   0.0374894   0.0116117
-0.00587923   0.0374894    0.222368  0.00319203
  0.0650583   0.0116117  0.00319203    0.269737
IMAGINARY
          0   0.0218214  -0.0254648   0.0224832
 -0.0218214           0 -0.00661018  0.00290844
  0.0254648  0.00661018           0  -0.0105432
 -0.0224832 -0.00290844   0.0105432           0
Repeater1[0]<--->HoM1[0]
REAL
   0.285156  -0.0258526   0.0184624   0.0830065
 -0.0258526    0.220052   0.0572996 -0.00698285
  0.0184624   0.0572996    0.227865 -0.00348416
  0.0830065 -0.00698285 -0.00348416    0.266927
IMAGINARY
          0  -0.0082363  0.00284484   0.0214059
  0.0082363           0  -0.0249859  -0.0118423
-0.00284484   0.0249859           0 -0.00204648
 -0.0214059   0.0118423  0.00204648           0
EndNode1[0]<--->Repeater1[0]
REAL
  0.256705 -0.0333832 0.00287549   0.075461
-0.0333832   0.201788     0.0365 -0.0202608
0.00287549     0.0365   0.270754 -0.0271175
  0.075461 -0.0202608 -0.0271175   0.270754
IMAGINARY
           0    0.0171365   0.00283294   0.00159746
  -0.0171365            0  0.000973237    0.0179463
 -0.00283294 -0.000973237            0    0.0049414
 -0.00159746   -0.0179463   -0.0049414            0
EndNode2[0]<--->HoM1[0]
REAL
   0.257862  0.00615862 -0.00426058   0.0762772
 0.00615862    0.241509   0.0432033  -0.0165186
-0.00426058   0.0432033    0.247799  0.00552969
  0.0762772  -0.0165186  0.00552969     0.25283
IMAGINARY
           0   0.00118075   0.00745701   -0.0251772
 -0.00118075            0  0.000114586   0.00616167
 -0.00745701 -0.000114586            0    0.0111409
   0.0251772  -0.00616167   -0.0111409            0
Repeater1[0]<--->EndNode1[0]
REAL
  0.256705 0.00287549 -0.0333832   0.075461
0.00287549   0.270754     0.0365 -0.0271175
-0.0333832     0.0365   0.201788 -0.0202608
  0.075461 -0.0271175 -0.0202608   0.270754
IMAGINARY
           0   0.00283294    0.0171365   0.00159746
 -0.00283294            0 -0.000973237    0.0049414
  -0.0171365  0.000973237            0    0.0179463
 -0.00159746   -0.0049414   -0.0179463            0
Repeater1[0]<--->HoM1[0]
REAL
   0.257862 -0.00426058  0.00615862   0.0762772
-0.00426058    0.247799   0.0432033  0.00552969
 0.00615862   0.0432033    0.241509  -0.0165186
  0.0762772  0.00552969  -0.0165186     0.25283
IMAGINARY
           0   0.00745701   0.00118075   -0.0251772
 -0.00745701            0 -0.000114586    0.0111409
 -0.00118075  0.000114586            0   0.00616167
   0.0251772   -0.0111409  -0.00616167            0
EndNode1[0]<--->Repeater1[0]
REAL
   0.298201 -0.00255265  0.00287707    0.073334
-0.00255265    0.236504   0.0309825 -0.00887228
 0.00287707   0.0309825    0.191517   0.0013536
   0.073334 -0.00887228   0.0013536    0.273779
IMAGINARY
          0  0.00936786   0.0120282 -0.00828734
-0.00936786           0  0.00437089 -0.00633917
 -0.0120282 -0.00437089           0 -0.00747152
 0.00828734  0.00633917  0.00747152           0
EndNode2[0]<--->HoM1[0]
REAL
     0.2657   0.0249185  0.00102599   0.0682135
  0.0249185    0.236715    0.031534 -0.00860174
 0.00102599    0.031534    0.237923  -0.0261811
  0.0682135 -0.00860174  -0.0261811    0.259662
IMAGINARY
          0  -0.0180809  -0.0106105  0.00165457
  0.0180809           0  -0.0265237    0.013828
  0.0106105   0.0265237           0 -0.00830258
-0.00165457   -0.013828  0.00830258           0
Repeater1[0]<--->EndNode1[0]
REAL
   0.298201  0.00287707 -0.00255265    0.073334
 0.00287707    0.191517   0.0309825   0.0013536
-0.00255265   0.0309825    0.236504 -0.00887228
   0.073334   0.0013536 -0.00887228    0.273779
IMAGINARY
          0   0.0120282  0.00936786 -0.00828734
 -0.0120282           0 -0.00437089 -0.00747152
-0.00936786  0.00437089           0 -0.00633917
 0.00828734  0.00747152  0.00633917           0
Repeater1[0]<--->HoM1[0]
REAL
     0.2657  0.00102599   0.0249185   0.0682135
 0.00102599    0.237923    0.031534  -0.0261811
  0.0249185    0.031534    0.236715 -0.00860174
  0.0682135  -0.0261811 -0.00860174    0.259662
IMAGINARY
          0  -0.0106105  -0.0180809  0.00165457
  0.0106105           0   0.0265237 -0.00830258
  0.0180809  -0.0265237           0    0.013828
-0.00165457  0.00830258   -0.013828           0
EndNode1[0]<--->Repeater1[0]
REAL
    0.262484   0.00661421  -0.00837062    0.0821875
  0.00661421     0.238156    0.0410564   0.00517777
 -0.00837062    0.0410564     0.245839 -0.000867085
   0.0821875   0.00517777 -0.000867085     0.253521
IMAGINARY
          0   0.0196418    0.021429   0.0026224
 -0.0196418           0  -0.0132607 -0.00986089
  -0.021429   0.0132607           0    0.016348
 -0.0026224  0.00986089   -0.016348           0
EndNode2[0]<--->HoM1[0]
REAL
   0.261034  -0.0151563   -0.021742   0.0810759
 -0.0151563    0.250946   0.0370146  0.00541033
  -0.021742   0.0370146    0.221942 -0.00871302
  0.0810759  0.00541033 -0.00871302    0.266078
IMAGINARY
          0 -0.00734518 -0.00197641  0.00537082
 0.00734518           0 -0.00925683  -0.0178192
 0.00197641  0.00925683           0  -0.0098962
-0.00537082   0.0178192   0.0098962           0
Repeater1[0]<--->EndNode1[0]
REAL
    0.262484  -0.00837062   0.00661421    0.0821875
 -0.00837062     0.245839    0.0410564 -0.000867085
  0.00661421    0.0410564     0.238156   0.00517777
   0.0821875 -0.000867085   0.00517777     0.253521
IMAGINARY
          0    0.021429   0.0196418   0.0026224
  -0.021429           0   0.0132607    0.016348
 -0.0196418  -0.0132607           0 -0.00986089
 -0.0026224   -0.016348  0.00986089           0
Repeater1[0]<--->HoM1[0]
REAL
   0.261034   -0.021742  -0.0151563   0.0810759
  -0.021742    0.221942   0.0370146 -0.00871302
 -0.0151563   0.0370146    0.250946  0.00541033
  0.0810759 -0.00871302  0.00541033    0.266078
IMAGINARY
          0 -0.00197641 -0.00734518  0.00537082
 0.00197641           0  0.00925683  -0.0098962
 0.00734518 -0.00925683           0  -0.0178192
-0.00537082   0.0098962   0.0178192           0
EndNode1[0]<--->Repeater1[0]
REAL
   0.266985  0.00197422 -0.00552928    0.108429
 0.00197422    0.237187   0.0212974  -0.0029453
-0.00552928   0.0212974    0.252682   0.0182344
   0.108429  -0.0029453   0.0182344    0.243147
IMAGINARY
           0    0.0225002  3.13274e-05    0.0126159
  -0.0225002            0   0.00261589  -0.00673374
-3.13274e-05  -0.00261589            0   0.00296896
  -0.0126159   0.00673374  -0.00296896            0
EndNode2[0]<--->HoM1[0]
REAL
   0.24938 0.00587007  0.0164016  0.0704582
0.00587007   0.225806  0.0314971  0.0157213
 0.0164016  0.0314971   0.224566 -0.0114567
 0.0704582  0.0157213 -0.0114567   0.300248
IMAGINARY
           0   0.00022755 -0.000786056   -0.0226018
 -0.00022755            0  -0.00307056    0.0202666
 0.000786056   0.00307056            0  -0.00282495
   0.0226018   -0.0202666   0.00282495            0
Repeater1[0]<--->EndNode1[0]
REAL
   0.266985 -0.00552928  0.00197422    0.108429
-0.00552928    0.252682   0.0212974   0.0182344
 0.00197422   0.0212974    0.237187  -0.0029453
   0.108429   0.0182344  -0.0029453    0.243147
IMAGINARY
           0  3.13274e-05    0.0225002    0.0126159
-3.13274e-05            0  -0.00261589   0.00296896
  -0.0225002   0.00261589            0  -0.00673374
  -0.0126159  -0.00296896   0.00673374            0
Repeater1[0]<--->HoM1[0]
REAL
   0.24938  0.0164016 0.00587007  0.0704582
 0.0164016   0.224566  0.0314971 -0.0114567
0.00587007  0.0314971   0.225806  0.0157213
 0.0704582 -0.0114567  0.0157213   0.300248
IMAGINARY
           0 -0.000786056   0.00022755   -0.0226018
 0.000786056            0   0.00307056  -0.00282495
 -0.00022755  -0.00307056            0    0.0202666
   0.0226018   0.00282495   -0.0202666            0
EndNode1[0]<--->Repeater1[0]
REAL
   0.286885 -0.00772816 -0.00966495   0.0883734
-0.00772816    0.236339   0.0307976  0.00966495
-0.00966495   0.0307976    0.239071  -0.0155879
  0.0883734  0.00966495  -0.0155879    0.237705
IMAGINARY
          0 -0.00962346 -0.00563068  -0.0124737
 0.00962346           0     0.01907   0.0280549
 0.00563068    -0.01907           0   0.0126538
  0.0124737  -0.0280549  -0.0126538           0
EndNode2[0]<--->HoM1[0]
REAL
    0.265604    0.0269476   -0.0116355    0.0785114
   0.0269476     0.233732    0.0734223 -0.000795415
  -0.0116355    0.0734223     0.212483  -0.00899183
   0.0785114 -0.000795415  -0.00899183     0.288181
IMAGINARY
           0   -0.0057849   0.00731997  -0.00505358
   0.0057849            0 -0.000737923    0.0143085
 -0.00731997  0.000737923            0   0.00324037
  0.00505358   -0.0143085  -0.00324037            0
Repeater1[0]<--->EndNode1[0]
REAL
   0.286885 -0.00966495 -0.00772816   0.0883734
-0.00966495    0.239071   0.0307976  -0.0155879
-0.00772816   0.0307976    0.236339  0.00966495
  0.0883734  -0.0155879  0.00966495    0.237705
IMAGINARY
          0 -0.00563068 -0.00962346  -0.0124737
 0.00563068           0    -0.01907   0.0126538
 0.00962346     0.01907           0   0.0280549
  0.0124737  -0.0126538  -0.0280549           0
Repeater1[0]<--->HoM1[0]
REAL
    0.265604   -0.0116355    0.0269476    0.0785114
  -0.0116355     0.212483    0.0734223  -0.00899183
   0.0269476    0.0734223     0.233732 -0.000795415
   0.0785114  -0.00899183 -0.000795415     0.288181
IMAGINARY
           0   0.00731997   -0.0057849  -0.00505358
 -0.00731997            0  0.000737923   0.00324037
   0.0057849 -0.000737923            0    0.0143085
  0.00505358  -0.00324037   -0.0143085            0
EndNode1[0]<--->Repeater1[0]
REAL
   0.256579 -0.00628956  0.00592541    0.106201
-0.00628956    0.238158   0.0375486  -0.0134254
 0.00592541   0.0375486    0.218421  3.9557e-05
   0.106201  -0.0134254  3.9557e-05    0.286842
IMAGINARY
          0  -0.0143057   -0.010994 -0.00384139
  0.0143057           0  -0.0107475 -0.00973138
   0.010994   0.0107475           0 -0.00253369
 0.00384139  0.00973138  0.00253369           0
EndNode2[0]<--->HoM1[0]
REAL
   0.281209 -0.00616052 -0.00229083   0.0822012
-0.00616052    0.218134   0.0347653  0.00357618
-0.00229083   0.0347653    0.235217  -0.0156904
  0.0822012  0.00357618  -0.0156904     0.26544
IMAGINARY
          0  0.00810587 -0.00846771 -0.00134285
-0.00810587           0 -0.00309314 -0.00563485
 0.00846771  0.00309314           0  -0.0209264
 0.00134285  0.00563485   0.0209264           0
Repeater1[0]<--->EndNode1[0]
REAL
   0.256579  0.00592541 -0.00628956    0.106201
 0.00592541    0.218421   0.0375486  3.9557e-05
-0.00628956   0.0375486    0.238158  -0.0134254
   0.106201  3.9557e-05  -0.0134254    0.286842
IMAGINARY
          0   -0.010994  -0.0143057 -0.00384139
   0.010994           0   0.0107475 -0.00253369
  0.0143057  -0.0107475           0 -0.00973138
 0.00384139  0.00253369  0.00973138           0
Repeater1[0]<--->HoM1[0]
REAL
   0.281209 -0.00229083 -0.00616052   0.0822012
-0.00229083    0.235217   0.0347653  -0.0156904
-0.00616052   0.0347653    0.218134  0.00357618
  0.0822012  -0.0156904  0.00357618     0.26544
IMAGINARY
          0 -0.00846771  0.00810587 -0.00134285
 0.00846771           0  0.00309314  -0.0209264
-0.00810587 -0.00309314           0 -0.00563485
 0.00134285   0.0209264  0.00563485           0
EndNode1[0]<--->Repeater1[0]
REAL
   0.274172   0.0235811   0.0166884    0.107756
  0.0235811    0.198675   0.0280462 -0.00434276
  0.0166884   0.0280462     0.22649 -0.00259342
   0.107756 -0.00434276 -0.00259342    0.300662
IMAGINARY
          0  -0.0014108 -0.00105137  -0.0211274
  0.0014108           0   0.0145406  -0.0167352
 0.00105137  -0.0145406           0 -0.00583558
  0.0211274   0.0167352  0.00583558           0
EndNode2[0]<--->HoM1[0]
REAL
   0.258964  0.00375903  -0.0123464   0.0681314
 0.00375903    0.252324   0.0350627  -0.0109951
 -0.0123464   0.0350627    0.232404 -0.00621603
  0.0681314  -0.0109951 -0.00621603    0.256308
IMAGINARY
          0  -0.0113346  0.00122048 -0.00073636
  0.0113346           0  0.00445844 -0.00651148
-0.00122048 -0.00445844           0  0.00207535
 0.00073636  0.00651148 -0.00207535           0
Repeater1[0]<--->EndNode1[0]
REAL
   0.274172   0.0166884   0.0235811    0.107756
  0.0166884     0.22649   0.0280462 -0.00259342
  0.0235811   0.0280462    0.198675 -0.00434276
   0.107756 -0.00259342 -0.00434276    0.300662
IMAGINARY
          0 -0.00105137  -0.0014108  -0.0211274
 0.00105137           0  -0.0145406 -0.00583558
  0.0014108   0.0145406           0  -0.0167352
  0.0211274  0.00583558   0.0167352           0
Repeater1[0]<--->HoM1[0]
REAL
   0.258964  -0.0123464  0.00375903   0.0681314
 -0.0123464    0.232404   0.0350627 -0.00621603
 0.00375903   0.0350627    0.252324  -0.0109951
  0.0681314 -0.00621603  -0.0109951    0.256308
IMAGINARY
          0  0.00122048  -0.0113346 -0.00073636
-0.00122048           0 -0.00445844  0.00207535
  0.0113346  0.00445844           0 -0.00651148
 0.00073636 -0.00207535  0.00651148           0
EndNode1[0]<--->Repeater1[0]
REAL
    0.27327 -0.00435765 -0.00543478   0.0717199
-0.00435765     0.23031   0.0478454 -0.00543478
-0.00543478   0.0478454    0.217184   0.0125098
  0.0717199 -0.00543478   0.0125098    0.279236
IMAGINARY
           0   -0.0117562    -0.019366   -0.0312541
   0.0117562            0   0.00395717  0.000948543
    0.019366  -0.00395717            0    0.0151669
   0.0312541 -0.000948543   -0.0151669            0
EndNode2[0]<--->HoM1[0]
REAL
    0.2543 0.00131415 0.00277112  0.0819233
0.00131415   0.234644   0.031142 -0.0040274
0.00277112   0.031142   0.238329 0.00999239
 0.0819233 -0.0040274 0.00999239   0.272727
IMAGINARY
          0  0.00060442  0.00382788   0.0115832
-0.00060442           0   0.0161946 -0.00643204
-0.00382788  -0.0161946           0 -0.00451067
 -0.0115832  0.00643204  0.00451067           0
Repeater1[0]<--->EndNode1[0]
REAL
    0.27327 -0.00543478 -0.00435765   0.0717199
-0.00543478    0.217184   0.0478454   0.0125098
-0.00435765   0.0478454     0.23031 -0.00543478
  0.0717199   0.0125098 -0.00543478    0.279236
IMAGINARY
           0    -0.019366   -0.0117562   -0.0312541
    0.019366            0  -0.00395717    0.0151669
   0.0117562   0.00395717            0  0.000948543
   0.0312541   -0.0151669 -0.000948543            0
Repeater1[0]<--->HoM1[0]
REAL
    0.2543 0.00277112 0.00131415  0.0819233
0.00277112   0.238329   0.031142 0.00999239
0.00131415   0.031142   0.234644 -0.0040274
 0.0819233 0.00999239 -0.0040274   0.272727
IMAGINARY
          0  0.00382788  0.00060442   0.0115832
-0.00382788           0  -0.0161946 -0.00451067
-0.00060442   0.0161946           0 -0.00643204
 -0.0115832  0.00451067  0.00643204           0
EndNode1[0]<--->Repeater1[0]
REAL
   0.279099 -0.00287347  -0.0184704   0.0819561
-0.00287347    0.236546   0.0256734  0.00757124
 -0.0184704   0.0256734    0.215269   0.0137726
  0.0819561  0.00757124   0.0137726    0.269086
IMAGINARY
          0    0.015484 -0.00557239 -0.00668366
  -0.015484           0  0.00478733 -0.00620771
 0.00557239 -0.00478733           0 -0.00501285
 0.00668366  0.00620771  0.00501285           0
EndNode2[0]<--->HoM1[0]
REAL
   0.272379   0.0082636  0.00184811   0.0931651
  0.0082636    0.221228   0.0350877   0.0124022
 0.00184811   0.0350877    0.227621 -0.00888318
  0.0931651   0.0124022 -0.00888318    0.278772
IMAGINARY
          0  -0.0172394  0.00123938 -0.00355492
  0.0172394           0  -0.0181303 -0.00324205
-0.00123938   0.0181303           0  -0.0034549
 0.00355492  0.00324205   0.0034549           0
Repeater1[0]<--->EndNode1[0]
REAL
   0.279099  -0.0184704 -0.00287347   0.0819561
 -0.0184704    0.215269   0.0256734   0.0137726
-0.00287347   0.0256734    0.236546  0.00757124
  0.0819561   0.0137726  0.00757124    0.269086
IMAGINARY
          0 -0.00557239    0.015484 -0.00668366
 0.00557239           0 -0.00478733 -0.00501285
  -0.015484  0.00478733           0 -0.00620771
 0.00668366  0.00501285  0.00620771           0
Repeater1[0]<--->HoM1[0]
REAL
   0.272379  0.00184811   0.0082636   0.0931651
 0.00184811    0.227621   0.0350877 -0.00888318
  0.0082636   0.0350877    0.221228   0.0124022
  0.0931651 -0.00888318   0.0124022    0.278772
IMAGINARY
          0  0.00123938  -0.0172394 -0.00355492
-0.00123938           0   0.0181303  -0.0034549
  0.0172394  -0.0181303           0 -0.00324205
 0.00355492   0.0034549  0.00324205           0
EndNode1[0]<--->Repeater1[0]
REAL
   0.25596   0.011751 0.00827124  0.0633099
  0.011751   0.249686  0.0510518 -0.0189095
0.00827124  0.0510518    0.23463  0.0015469
 0.0633099 -0.0189095  0.0015469   0.259724
IMAGINARY
          0   0.0291336 -0.00902312   0.0138046
 -0.0291336           0 -0.00667098 -0.00194462
 0.00902312  0.00667098           0   0.0128019
 -0.0138046  0.00194462  -0.0128019           0
EndNode2[0]<--->HoM1[0]
REAL
   0.255599   0.0027661  -0.0070669   0.0701877
  0.0027661    0.230567   0.0624157 -0.00144892
 -0.0070669   0.0624157    0.246377 -0.00154956
  0.0701877 -0.00144892 -0.00154956    0.267457
IMAGINARY
          0 -0.00455218  0.00280039   0.0111009
 0.00455218           0 -0.00389255   0.0075623
-0.00280039  0.00389255           0  0.00973353
 -0.0111009  -0.0075623 -0.00973353           0
Repeater1[0]<--->EndNode1[0]
REAL
   0.25596 0.00827124   0.011751  0.0633099
0.00827124    0.23463  0.0510518  0.0015469
  0.011751  0.0510518   0.249686 -0.0189095
 0.0633099  0.0015469 -0.0189095   0.259724
IMAGINARY
          0 -0.00902312   0.0291336   0.0138046
 0.00902312           0  0.00667098   0.0128019
 -0.0291336 -0.00667098           0 -0.00194462
 -0.0138046  -0.0128019  0.00194462           0
Repeater1[0]<--->HoM1[0]
REAL
   0.255599  -0.0070669   0.0027661   0.0701877
 -0.0070669    0.246377   0.0624157 -0.00154956
  0.0027661   0.0624157    0.230567 -0.00144892
  0.0701877 -0.00154956 -0.00144892    0.267457
IMAGINARY
          0  0.00280039 -0.00455218   0.0111009
-0.00280039           0  0.00389255  0.00973353
 0.00455218 -0.00389255           0   0.0075623
 -0.0111009 -0.00973353  -0.0075623           0
EndNode1[0]<--->Repeater1[0]
REAL
   0.259823 0.000960683 -0.00617094   0.0600856
0.000960683    0.238276   0.0282261 -0.00941348
-0.00617094   0.0282261    0.242079 0.000338018
  0.0600856 -0.00941348 0.000338018    0.259823
IMAGINARY
          0 -0.00271643  0.00582269  -0.0131935
 0.00271643           0   0.0138505  0.00262984
-0.00582269  -0.0138505           0   0.0150701
  0.0131935 -0.00262984  -0.0150701           0
EndNode2[0]<--->HoM1[0]
REAL
  0.292892 -0.0196526 0.00196125  0.0367606
-0.0196526   0.199755   0.062726 0.00381539
0.00196125   0.062726   0.245098 -0.0105142
 0.0367606 0.00381539 -0.0105142   0.262255
IMAGINARY
          0  0.00103126   0.0076873  0.00464461
-0.00103126           0 -0.00275782   0.0049625
 -0.0076873  0.00275782           0 -0.00702327
-0.00464461  -0.0049625  0.00702327           0
Repeater1[0]<--->EndNode1[0]
REAL
   0.259823 -0.00617094 0.000960683   0.0600856
-0.00617094    0.242079   0.0282261 0.000338018
0.000960683   0.0282261    0.238276 -0.00941348
  0.0600856 0.000338018 -0.00941348    0.259823
IMAGINARY
          0  0.00582269 -0.00271643  -0.0131935
-0.00582269           0  -0.0138505   0.0150701
 0.00271643   0.0138505           0  0.00262984
  0.0131935  -0.0150701 -0.00262984           0
Repeater1[0]<--->HoM1[0]
REAL
  0.292892 0.00196125 -0.0196526  0.0367606
0.00196125   0.245098   0.062726 -0.0105142
-0.0196526   0.062726   0.199755 0.00381539
 0.0367606 -0.0105142 0.00381539   0.262255
IMAGINARY
          0   0.0076873  0.00103126  0.00464461
 -0.0076873           0  0.00275782 -0.00702327
-0.00103126 -0.00275782           0   0.0049625
-0.00464461  0.00702327  -0.0049625           0
EndNode1[0]<--->Repeater1[0]
REAL
   0.251269  -0.0215594   0.0332707   0.0869709
 -0.0215594    0.233503   0.0333995 -0.00813844
  0.0332707   0.0333995    0.242386   0.0189139
  0.0869709 -0.00813844   0.0189139    0.272843
IMAGINARY
          0   0.0246027 -0.00471284   0.0241797
 -0.0246027           0 -0.00260606 -0.00215529
 0.00471284  0.00260606           0   0.0193534
 -0.0241797  0.00215529  -0.0193534           0
EndNode2[0]<--->HoM1[0]
REAL
   0.260152 -0.00224433   0.0119144   0.0458586
-0.00224433    0.252538       0.051   0.0247349
  0.0119144       0.051     0.22335 -0.00560907
  0.0458586   0.0247349 -0.00560907    0.263959
IMAGINARY
          0  0.00590062   0.0117035 -0.00143288
-0.00590062           0    0.011036   0.0178595
 -0.0117035   -0.011036           0   0.0172356
 0.00143288  -0.0178595  -0.0172356           0
Repeater1[0]<--->EndNode1[0]
REAL
   0.251269   0.0332707  -0.0215594   0.0869709
  0.0332707    0.242386   0.0333995   0.0189139
 -0.0215594   0.0333995    0.233503 -0.00813844
  0.0869709   0.0189139 -0.00813844    0.272843
IMAGINARY
          0 -0.00471284   0.0246027   0.0241797
 0.00471284           0  0.00260606   0.0193534
 -0.0246027 -0.00260606           0 -0.00215529
 -0.0241797  -0.0193534  0.00215529           0
Repeater1[0]<--->HoM1[0]
REAL
   0.260152   0.0119144 -0.00224433   0.0458586
  0.0119144     0.22335       0.051 -0.00560907
-0.00224433       0.051    0.252538   0.0247349
  0.0458586 -0.00560907   0.0247349    0.263959
IMAGINARY
          0   0.0117035  0.00590062 -0.00143288
 -0.0117035           0   -0.011036   0.0172356
-0.00590062    0.011036           0   0.0178595
 0.00143288  -0.0172356  -0.0178595           0
EndNode1[0]<--->Repeater1[0]
REAL
   0.243902 -0.00601159 0.000367536   0.0747601
-0.00601159    0.243902   0.0596485  0.00097655
0.000367536   0.0596485    0.250321   0.0181084
  0.0747601  0.00097655   0.0181084    0.261874
IMAGINARY
           0   0.00231533    0.0324548  -0.00785199
 -0.00231533            0   0.00200023    -0.014715
  -0.0324548  -0.00200023            0 -0.000344242
  0.00785199     0.014715  0.000344242            0
EndNode2[0]<--->HoM1[0]
REAL
  0.274585  -0.011727  0.0015558  0.0652738
 -0.011727   0.226054   0.043587 -0.0243406
 0.0015558   0.043587   0.206897 -0.0021971
 0.0652738 -0.0243406 -0.0021971   0.292465
IMAGINARY
          0   0.0115567  0.00456371  0.00202592
 -0.0115567           0   0.0118814  -0.0105878
-0.00456371  -0.0118814           0   0.0077204
-0.00202592   0.0105878  -0.0077204           0
Repeater1[0]<--->EndNode1[0]
REAL
   0.243902 0.000367536 -0.00601159   0.0747601
0.000367536    0.250321   0.0596485   0.0181084
-0.00601159   0.0596485    0.243902  0.00097655
  0.0747601   0.0181084  0.00097655    0.261874
IMAGINARY
           0    0.0324548   0.00231533  -0.00785199
  -0.0324548            0  -0.00200023 -0.000344242
 -0.00231533   0.00200023            0    -0.014715
  0.00785199  0.000344242     0.014715            0
Repeater1[0]<--->HoM1[0]
REAL
  0.274585  0.0015558  -0.011727  0.0652738
 0.0015558   0.206897   0.043587 -0.0021971
 -0.011727   0.043587   0.226054 -0.0243406
 0.0652738 -0.0021971 -0.0243406   0.292465
IMAGINARY
          0  0.00456371   0.0115567  0.00202592
-0.00456371           0  -0.0118814   0.0077204
 -0.0115567   0.0118814           0  -0.0105878
-0.00202592  -0.0077204   0.0105878           0
EndNode1[0]<--->Repeater1[0]
REAL
   0.238402 -0.00442846  0.00294642   0.0787625
-0.00442846    0.271907   0.0314737  0.00230292
 0.00294642   0.0314737    0.253866  0.00311612
  0.0787625  0.00230292  0.00311612    0.235825
IMAGINARY
          0 -0.00469201  -0.0138355  -0.0195164
 0.00469201           0   0.0278391   0.0232932
  0.0138355  -0.0278391           0  0.00910563
  0.0195164  -0.0232932 -0.00910563           0
EndNode2[0]<--->HoM1[0]
REAL
   0.261394   0.0299412 -0.00779486    0.085774
  0.0299412    0.247989   0.0409106 -0.00972536
-0.00779486   0.0409106    0.230563  -0.0164641
   0.085774 -0.00972536  -0.0164641    0.260054
IMAGINARY
          0   0.0227189   0.0158039  0.00374401
 -0.0227189           0  0.00802798  -0.0164541
 -0.0158039 -0.00802798           0   -0.006464
-0.00374401   0.0164541    0.006464           0
Repeater1[0]<--->EndNode1[0]
REAL
   0.238402  0.00294642 -0.00442846   0.0787625
 0.00294642    0.253866   0.0314737  0.00311612
-0.00442846   0.0314737    0.271907  0.00230292
  0.0787625  0.00311612  0.00230292    0.235825
IMAGINARY
          0  -0.0138355 -0.00469201  -0.0195164
  0.0138355           0  -0.0278391  0.00910563
 0.00469201   0.0278391           0   0.0232932
  0.0195164 -0.00910563  -0.0232932           0
Repeater1[0]<--->HoM1[0]
REAL
   0.261394 -0.00779486   0.0299412    0.085774
-0.00779486    0.230563   0.0409106  -0.0164641
  0.0299412   0.0409106    0.247989 -0.00972536
   0.085774  -0.0164641 -0.00972536    0.260054
IMAGINARY
          0   0.0158039   0.0227189  0.00374401
 -0.0158039           0 -0.00802798   -0.006464
 -0.0227189  0.00802798           0  -0.0164541
-0.00374401    0.006464   0.0164541           0
EndNode1[0]<--->Repeater1[0]
REAL
  0.258108  0.0104938  0.0023488  0.0814687
 0.0104938    0.22027  0.0445476 0.00849131
 0.0023488  0.0445476   0.247297 -0.0104938
 0.0814687 0.00849131 -0.0104938   0.274324
IMAGINARY
           0   0.00657071   0.00687968  0.000679348
 -0.00657071            0  0.000679348    0.0100164
 -0.00687968 -0.000679348            0   0.00657071
-0.000679348   -0.0100164  -0.00657071            0
EndNode2[0]<--->HoM1[0]
REAL
  0.261968 -0.0252893 -0.0121473  0.0686263
-0.0252893   0.226064  0.0445691  0.0153815
-0.0121473  0.0445691    0.24867  0.0194678
 0.0686263  0.0153815  0.0194678   0.263298
IMAGINARY
          0   0.0111673   0.0116533 -0.00560811
 -0.0111673           0 -0.00805309  0.00200079
 -0.0116533  0.00805309           0   -0.017019
 0.00560811 -0.00200079    0.017019           0
Repeater1[0]<--->EndNode1[0]
REAL
  0.258108  0.0023488  0.0104938  0.0814687
 0.0023488   0.247297  0.0445476 -0.0104938
 0.0104938  0.0445476    0.22027 0.00849131
 0.0814687 -0.0104938 0.00849131   0.274324
IMAGINARY
           0   0.00687968   0.00657071  0.000679348
 -0.00687968            0 -0.000679348   0.00657071
 -0.00657071  0.000679348            0    0.0100164
-0.000679348  -0.00657071   -0.0100164            0
Repeater1[0]<--->HoM1[0]
REAL
  0.261968 -0.0121473 -0.0252893  0.0686263
-0.0121473    0.24867  0.0445691  0.0194678
-0.0252893  0.0445691   0.226064  0.0153815
 0.0686263  0.0194678  0.0153815   0.263298
IMAGINARY
          0   0.0116533   0.0111673 -0.00560811
 -0.0116533           0  0.00805309   -0.017019
 -0.0111673 -0.00805309           0  0.00200079
 0.00560811    0.017019 -0.00200079           0
EndNode1[0]<--->Repeater1[0]
REAL
  0.273885 0.00446099  0.0118192  0.0728882
0.00446099   0.257325  0.0605729   0.013085
 0.0118192  0.0605729   0.221656  0.0115032
 0.0728882   0.013085  0.0115032   0.247134
IMAGINARY
          0  -0.0215941  0.00464114 -0.00742626
  0.0215941           0 -0.00546034 -0.00956725
-0.00464114  0.00546034           0   0.0166679
 0.00742626  0.00956725  -0.0166679           0
EndNode2[0]<--->HoM1[0]
REAL
   0.25098  0.0309829 0.00984134  0.0887276
 0.0309829   0.270588  0.0382565  0.0152909
0.00984134  0.0382565   0.223529 0.00473138
 0.0887276  0.0152909 0.00473138   0.254902
IMAGINARY
          0  0.00583643  -0.0118057  -0.0146686
-0.00583643           0    0.011392   0.0151704
  0.0118057   -0.011392           0 -0.00920117
  0.0146686  -0.0151704  0.00920117           0
Repeater1[0]<--->EndNode1[0]
REAL
  0.273885  0.0118192 0.00446099  0.0728882
 0.0118192   0.221656  0.0605729  0.0115032
0.00446099  0.0605729   0.257325   0.013085
 0.0728882  0.0115032   0.013085   0.247134
IMAGINARY
          0  0.00464114  -0.0215941 -0.00742626
-0.00464114           0  0.00546034   0.0166679
  0.0215941 -0.00546034           0 -0.00956725
 0.00742626  -0.0166679  0.00956725           0
Repeater1[0]<--->HoM1[0]
REAL
   0.25098 0.00984134  0.0309829  0.0887276
0.00984134   0.223529  0.0382565 0.00473138
 0.0309829  0.0382565   0.270588  0.0152909
 0.0887276 0.00473138  0.0152909   0.254902
IMAGINARY
          0  -0.0118057  0.00583643  -0.0146686
  0.0118057           0   -0.011392 -0.00920117
-0.00583643    0.011392           0   0.0151704
  0.0146686  0.00920117  -0.0151704           0
EndNode1[0]<--->Repeater1[0]
REAL
   0.256082 -0.00505961  0.00985872   0.0748839
-0.00505961    0.231754   0.0447634  -0.0123776
 0.00985872   0.0447634    0.245839 -0.00753485
  0.0748839  -0.0123776 -0.00753485    0.266325
IMAGINARY
          0  0.00244939    0.021363  -0.0123315
-0.00244939           0   -0.013554  0.00741879
  -0.021363    0.013554           0  0.00759077
  0.0123315 -0.00741879 -0.00759077           0
EndNode2[0]<--->HoM1[0]
REAL
   0.239211  0.00636066 -0.00304854   0.0838163
 0.00636066    0.250308   0.0428327  -0.0141019
-0.00304854   0.0428327    0.252774  -0.0221918
  0.0838163  -0.0141019  -0.0221918    0.257707
IMAGINARY
          0  -0.0109844  0.00850723 -0.00412721
  0.0109844           0   0.0108592  0.00599466
-0.00850723  -0.0108592           0  0.00657082
 0.00412721 -0.00599466 -0.00657082           0
Repeater1[0]<--->EndNode1[0]
REAL
   0.256082  0.00985872 -0.00505961   0.0748839
 0.00985872    0.245839   0.0447634 -0.00753485
-0.00505961   0.0447634    0.231754  -0.0123776
  0.0748839 -0.00753485  -0.0123776    0.266325
IMAGINARY
          0    0.021363  0.00244939  -0.0123315
  -0.021363           0    0.013554  0.00759077
-0.00244939   -0.013554           0  0.00741879
  0.0123315 -0.00759077 -0.00741879           0
Repeater1[0]<--->HoM1[0]
REAL
   0.239211 -0.00304854  0.00636066   0.0838163
-0.00304854    0.252774   0.0428327  -0.0221918
 0.00636066   0.0428327    0.250308  -0.0141019
  0.0838163  -0.0221918  -0.0141019    0.257707
IMAGINARY
          0  0.00850723  -0.0109844 -0.00412721
-0.00850723           0  -0.0108592  0.00657082
  0.0109844   0.0108592           0  0.00599466
 0.00412721 -0.00657082 -0.00599466           0
EndNode1[0]<--->Repeater1[0]
REAL
    0.287706   -0.0153289 -0.000843484    0.0785776
  -0.0153289     0.220532    0.0419284  -0.00514853
-0.000843484    0.0419284     0.224335   -0.0159627
   0.0785776  -0.00514853   -0.0159627     0.267427
IMAGINARY
          0  -0.0156335  -0.0166201  -0.0264201
  0.0156335           0 -0.00858653  0.00353106
  0.0166201  0.00858653           0  -0.0105445
  0.0264201 -0.00353106   0.0105445           0
EndNode2[0]<--->HoM1[0]
REAL
   0.264822   0.0226392 -0.00740919   0.0937902
  0.0226392    0.235837    0.076235  -0.0278553
-0.00740919    0.076235    0.241107  -0.0301959
  0.0937902  -0.0278553  -0.0301959    0.258235
IMAGINARY
          0   0.0138001  0.00886166 -0.00827798
 -0.0138001           0  0.00291605  -0.0121126
-0.00886166 -0.00291605           0  0.00635594
 0.00827798   0.0121126 -0.00635594           0
Repeater1[0]<--->EndNode1[0]
REAL
    0.287706 -0.000843484   -0.0153289    0.0785776
-0.000843484     0.224335    0.0419284   -0.0159627
  -0.0153289    0.0419284     0.220532  -0.00514853
   0.0785776   -0.0159627  -0.00514853     0.267427
IMAGINARY
          0  -0.0166201  -0.0156335  -0.0264201
  0.0166201           0  0.00858653  -0.0105445
  0.0156335 -0.00858653           0  0.00353106
  0.0264201   0.0105445 -0.00353106           0
Repeater1[0]<--->HoM1[0]
REAL
   0.264822 -0.00740919   0.0226392   0.0937902
-0.00740919    0.241107    0.076235  -0.0301959
  0.0226392    0.076235    0.235837  -0.0278553
  0.0937902  -0.0301959  -0.0278553    0.258235
IMAGINARY
          0  0.00886166   0.0138001 -0.00827798
-0.00886166           0 -0.00291605  0.00635594
 -0.0138001  0.00291605           0  -0.0121126
 0.00827798 -0.00635594   0.0121126           0
EndNode1[0]<--->Repeater1[0]
REAL
   0.262958 -0.00426421 -0.00911008   0.0766512
-0.00426421    0.219975   0.0538398    0.014278
-0.00911008   0.0538398    0.226296 -0.00865568
  0.0766512    0.014278 -0.00865568    0.290771
IMAGINARY
          0    0.024114   -0.011943  0.00210392
  -0.024114           0 -0.00278605  0.00886041
   0.011943  0.00278605           0 -0.00253572
-0.00210392 -0.00886041  0.00253572           0
EndNode2[0]<--->HoM1[0]
REAL
  0.252415 -0.0149742 0.00679448  0.0773308
-0.0149742   0.243961  0.0373824 0.00816811
0.00679448  0.0373824   0.247585 0.00624599
 0.0773308 0.00816811 0.00624599   0.256039
IMAGINARY
          0 -0.00884033  0.00951203    0.017569
 0.00884033           0  0.00468236  -0.0198213
-0.00951203 -0.00468236           0 -0.00275761
  -0.017569   0.0198213  0.00275761           0
Repeater1[0]<--->EndNode1[0]
REAL
   0.262958 -0.00911008 -0.00426421   0.0766512
-0.00911008    0.226296   0.0538398 -0.00865568
-0.00426421   0.0538398    0.219975    0.014278
  0.0766512 -0.00865568    0.014278    0.290771
IMAGINARY
          0   -0.011943    0.024114  0.00210392
   0.011943           0  0.00278605 -0.00253572
  -0.024114 -0.00278605           0  0.00886041
-0.00210392  0.00253572 -0.00886041           0
Repeater1[0]<--->HoM1[0]
REAL
  0.252415 0.00679448 -0.0149742  0.0773308
0.00679448   0.247585  0.0373824 0.00624599
-0.0149742  0.0373824   0.243961 0.00816811
 0.0773308 0.00624599 0.00816811   0.256039
IMAGINARY
          0  0.00951203 -0.00884033    0.017569
-0.00951203           0 -0.00468236 -0.00275761
 0.00884033  0.00468236           0  -0.0198213
  -0.017569  0.00275761   0.0198213           0
EndNode1[0]<--->Repeater1[0]
REAL
   0.275676 -0.00189152   0.0267416   0.0676383
-0.00189152    0.233784   0.0568924  0.00267012
  0.0267416   0.0568924     0.22027  0.00376886
  0.0676383  0.00267012  0.00376886     0.27027
IMAGINARY
          0  -0.0163926  0.00717796 -0.00224072
  0.0163926           0 -0.00224072  -0.0217165
-0.00717796  0.00224072           0   0.0170248
 0.00224072   0.0217165  -0.0170248           0
EndNode2[0]<--->HoM1[0]
REAL
   0.267073  -0.0170438   0.0233407   0.0639241
 -0.0170438    0.242683   0.0360759 -0.00827221
  0.0233407   0.0360759    0.242683   0.0266329
  0.0639241 -0.00827221   0.0266329    0.247561
IMAGINARY
          0 -0.00827389  0.00885437    0.016584
 0.00827389           0  -0.0138959  0.00380386
-0.00885437   0.0138959           0   0.0120714
  -0.016584 -0.00380386  -0.0120714           0
Repeater1[0]<--->EndNode1[0]
REAL
   0.275676   0.0267416 -0.00189152   0.0676383
  0.0267416     0.22027   0.0568924  0.00376886
-0.00189152   0.0568924    0.233784  0.00267012
  0.0676383  0.00376886  0.00267012     0.27027
IMAGINARY
          0  0.00717796  -0.0163926 -0.00224072
-0.00717796           0  0.00224072   0.0170248
  0.0163926 -0.00224072           0  -0.0217165
 0.00224072  -0.0170248   0.0217165           0
Repeater1[0]<--->HoM1[0]
REAL
   0.267073   0.0233407  -0.0170438   0.0639241
  0.0233407    0.242683   0.0360759   0.0266329
 -0.0170438   0.0360759    0.242683 -0.00827221
  0.0639241   0.0266329 -0.00827221    0.247561
IMAGINARY
          0  0.00885437 -0.00827389    0.016584
-0.00885437           0   0.0138959   0.0120714
 0.00827389  -0.0138959           0  0.00380386
  -0.016584  -0.0120714 -0.00380386           0
EndNode1[0]<--->Repeater1[0]
REAL
  0.231275 0.00591445 -0.0109294  0.0705122
0.00591445   0.245729  0.0476696 0.00313714
-0.0109294  0.0476696   0.237845 -0.0137067
 0.0705122 0.00313714 -0.0137067   0.285151
IMAGINARY
          0   0.0132295  0.00247949   0.0204931
 -0.0132295           0   0.0156031  -0.0189769
-0.00247949  -0.0156031           0 -0.00434625
 -0.0204931   0.0189769  0.00434625           0
EndNode2[0]<--->HoM1[0]
REAL
   0.256991 -0.00308426  0.00207429   0.0746521
-0.00308426    0.245007   0.0431561   0.0143641
 0.00207429   0.0431561    0.226365  0.00719385
  0.0746521   0.0143641  0.00719385    0.271638
IMAGINARY
          0  0.00878754 -0.00259383  -0.0057961
-0.00878754           0  -0.0161746  0.00915551
 0.00259383   0.0161746           0   0.0069605
  0.0057961 -0.00915551  -0.0069605           0
Repeater1[0]<--->EndNode1[0]
REAL
  0.231275 -0.0109294 0.00591445  0.0705122
-0.0109294   0.237845  0.0476696 -0.0137067
0.00591445  0.0476696   0.245729 0.00313714
 0.0705122 -0.0137067 0.00313714   0.285151
IMAGINARY
          0  0.00247949   0.0132295   0.0204931
-0.00247949           0  -0.0156031 -0.00434625
 -0.0132295   0.0156031           0  -0.0189769
 -0.0204931  0.00434625   0.0189769           0
Repeater1[0]<--->HoM1[0]
REAL
   0.256991  0.00207429 -0.00308426   0.0746521
 0.00207429    0.226365   0.0431561  0.00719385
-0.00308426   0.0431561    0.245007   0.0143641
  0.0746521  0.00719385   0.0143641    0.271638
IMAGINARY
          0 -0.00259383  0.00878754  -0.0057961
 0.00259383           0   0.0161746   0.0069605
-0.00878754  -0.0161746           0  0.00915551
  0.0057961  -0.0069605 -0.00915551           0
EndNode1[0]<--->Repeater1[0]
REAL
   0.263087 0.000903741   0.0106611   0.0647224
0.000903741    0.244295   0.0355298  -0.0075085
  0.0106611   0.0355298    0.249664  0.00603195
  0.0647224  -0.0075085  0.00603195    0.242953
IMAGINARY
          0 -0.00649365  0.00633838 -0.00786542
 0.00649365           0  -0.0103164  -0.0069595
-0.00633838   0.0103164           0  -0.0115188
 0.00786542   0.0069595   0.0115188           0
EndNode2[0]<--->HoM1[0]
REAL
 0.256705  0.023261 0.0200837 0.0780129
 0.023261  0.223499 0.0672313 0.0133353
0.0200837 0.0672313  0.237548 0.0178701
0.0780129 0.0133353 0.0178701  0.282248
IMAGINARY
          0   0.0280485  0.00441629  0.00799192
 -0.0280485           0  0.00735335  -0.0246319
-0.00441629 -0.00735335           0   0.0123827
-0.00799192   0.0246319  -0.0123827           0
Repeater1[0]<--->EndNode1[0]
REAL
   0.263087   0.0106611 0.000903741   0.0647224
  0.0106611    0.249664   0.0355298  0.00603195
0.000903741   0.0355298    0.244295  -0.0075085
  0.0647224  0.00603195  -0.0075085    0.242953
IMAGINARY
          0  0.00633838 -0.00649365 -0.00786542
-0.00633838           0   0.0103164  -0.0115188
 0.00649365  -0.0103164           0  -0.0069595
 0.00786542   0.0115188   0.0069595           0
Repeater1[0]<--->HoM1[0]
REAL
 0.256705 0.0200837  0.023261 0.0780129
0.0200837  0.237548 0.0672313 0.0178701
 0.023261 0.0672313  0.223499 0.0133353
0.0780129 0.0178701 0.0133353  0.282248
IMAGINARY
          0  0.00441629   0.0280485  0.00799192
-0.00441629           0 -0.00735335   0.0123827
 -0.0280485  0.00735335           0  -0.0246319
-0.00799192  -0.0123827   0.0246319           0
EndNode1[0]<--->Repeater1[0]
REAL
    0.274769    0.0116602   -0.0123164    0.0620131
   0.0116602     0.228534    0.0439719 -0.000152468
  -0.0123164    0.0439719      0.21004    0.0307338
   0.0620131 -0.000152468    0.0307338     0.286658
IMAGINARY
          0 -0.00392614  0.00515464 -0.00829156
 0.00392614           0  -0.0127276  0.00515464
-0.00515464   0.0127276           0 -0.00638314
 0.00829156 -0.00515464  0.00638314           0
EndNode2[0]<--->HoM1[0]
REAL
   0.267231  -0.0149651  0.00387333   0.0859687
 -0.0149651    0.243047    0.043661 -0.00706618
 0.00387333    0.043661    0.255139  0.00921794
  0.0859687 -0.00706618  0.00921794    0.234583
IMAGINARY
           0  -0.00373014  0.000480552  -0.00346293
  0.00373014            0   -0.0139068  -0.00560876
-0.000480552    0.0139068            0    0.0101404
  0.00346293   0.00560876   -0.0101404            0
Repeater1[0]<--->EndNode1[0]
REAL
    0.274769   -0.0123164    0.0116602    0.0620131
  -0.0123164      0.21004    0.0439719    0.0307338
   0.0116602    0.0439719     0.228534 -0.000152468
   0.0620131    0.0307338 -0.000152468     0.286658
IMAGINARY
          0  0.00515464 -0.00392614 -0.00829156
-0.00515464           0   0.0127276 -0.00638314
 0.00392614  -0.0127276           0  0.00515464
 0.00829156  0.00638314 -0.00515464           0
Repeater1[0]<--->HoM1[0]
REAL
   0.267231  0.00387333  -0.0149651   0.0859687
 0.00387333    0.255139    0.043661  0.00921794
 -0.0149651    0.043661    0.243047 -0.00706618
  0.0859687  0.00921794 -0.00706618    0.234583
IMAGINARY
           0  0.000480552  -0.00373014  -0.00346293
-0.000480552            0    0.0139068    0.0101404
  0.00373014   -0.0139068            0  -0.00560876
  0.00346293   -0.0101404   0.00560876            0
EndNode1[0]<--->Repeater1[0]
REAL
   0.280206 -0.00702008 -0.00298638    0.060451
-0.00702008    0.232648   0.0461263 -0.00736685
-0.00298638   0.0461263    0.212082   0.0149373
   0.060451 -0.00736685   0.0149373    0.275064
IMAGINARY
          0  0.00315366  -0.0314567  -0.0185173
-0.00315366           0 -0.00204826  0.00348949
  0.0314567  0.00204826           0   0.0138995
  0.0185173 -0.00348949  -0.0138995           0
EndNode2[0]<--->HoM1[0]
REAL
   0.274172 -0.00242562  -0.0218938   0.0672074
-0.00242562    0.239735   0.0431502  0.00278156
 -0.0218938   0.0431502    0.221192 -0.00435613
  0.0672074  0.00278156 -0.00435613    0.264901
IMAGINARY
           0   -0.0152415    0.0274218  -0.00539386
   0.0152415            0  0.000935258   0.00573814
  -0.0274218 -0.000935258            0    0.0288956
  0.00539386  -0.00573814   -0.0288956            0
Repeater1[0]<--->EndNode1[0]
REAL
   0.280206 -0.00298638 -0.00702008    0.060451
-0.00298638    0.212082   0.0461263   0.0149373
-0.00702008   0.0461263    0.232648 -0.00736685
   0.060451   0.0149373 -0.00736685    0.275064
IMAGINARY
          0  -0.0314567  0.00315366  -0.0185173
  0.0314567           0  0.00204826   0.0138995
-0.00315366 -0.00204826           0  0.00348949
  0.0185173  -0.0138995 -0.00348949           0
Repeater1[0]<--->HoM1[0]
REAL
   0.274172  -0.0218938 -0.00242562   0.0672074
 -0.0218938    0.221192   0.0431502 -0.00435613
-0.00242562   0.0431502    0.239735  0.00278156
  0.0672074 -0.00435613  0.00278156    0.264901
IMAGINARY
           0    0.0274218   -0.0152415  -0.00539386
  -0.0274218            0 -0.000935258    0.0288956
   0.0152415  0.000935258            0   0.00573814
  0.00539386   -0.0288956  -0.00573814            0
EndNode1[0]<--->Repeater1[0]
REAL
   0.258235   0.0160968   0.0238746   0.0730502
  0.0160968    0.235837   0.0611603 -0.00150614
  0.0238746   0.0611603    0.243742   0.0141663
  0.0730502 -0.00150614   0.0141663    0.262187
IMAGINARY
          0 -0.00241253  -0.0291336   -0.011559
 0.00241253           0  -0.0128313  -0.0127938
  0.0291336   0.0128313           0  0.00428988
   0.011559   0.0127938 -0.00428988           0
EndNode2[0]<--->HoM1[0]
REAL
   0.273684  -0.0128021 -0.00354863   0.0674809
 -0.0128021    0.214474   0.0283164  0.00540277
-0.00354863   0.0283164    0.221053   0.0109479
  0.0674809  0.00540277   0.0109479    0.290789
IMAGINARY
          0   0.0231613  -0.0222747   0.0169741
 -0.0231613           0 -0.00793014 -0.00252948
  0.0222747  0.00793014           0   0.0238361
 -0.0169741  0.00252948  -0.0238361           0
Repeater1[0]<--->EndNode1[0]
REAL
   0.258235   0.0238746   0.0160968   0.0730502
  0.0238746    0.243742   0.0611603   0.0141663
  0.0160968   0.0611603    0.235837 -0.00150614
  0.0730502   0.0141663 -0.00150614    0.262187
IMAGINARY
          0  -0.0291336 -0.00241253   -0.011559
  0.0291336           0   0.0128313  0.00428988
 0.00241253  -0.0128313           0  -0.0127938
   0.011559 -0.00428988   0.0127938           0
Repeater1[0]<--->HoM1[0]
REAL
   0.273684 -0.00354863  -0.0128021   0.0674809
-0.00354863    0.221053   0.0283164   0.0109479
 -0.0128021   0.0283164    0.214474  0.00540277
  0.0674809   0.0109479  0.00540277    0.290789
IMAGINARY
          0  -0.0222747   0.0231613   0.0169741
  0.0222747           0  0.00793014   0.0238361
 -0.0231613 -0.00793014           0 -0.00252948
 -0.0169741  -0.0238361  0.00252948           0
EndNode1[0]<--->Repeater1[0]
REAL
    0.26544   0.0216477  0.00491447   0.0721991
  0.0216477    0.212878   0.0172617   0.0355267
 0.00491447   0.0172617    0.233903 -0.00694185
  0.0721991   0.0355267 -0.00694185    0.287779
IMAGINARY
          0  0.00923532 -0.00368862 -0.00151985
-0.00923532           0   0.0174841  0.00160239
 0.00368862  -0.0174841           0   0.0206673
 0.00151985 -0.00160239  -0.0206673           0
EndNode2[0]<--->HoM1[0]
REAL
   0.271907  0.00688308 -0.00827879   0.0741382
 0.00688308    0.265464   0.0382842   0.0138689
-0.00827879   0.0382842    0.186856 -0.00129302
  0.0741382   0.0138689 -0.00129302    0.275773
IMAGINARY
           0   0.00850726    0.0122462    0.0151424
 -0.00850726            0   0.00368111  0.000139691
  -0.0122462  -0.00368111            0   -0.0104629
  -0.0151424 -0.000139691    0.0104629            0
Repeater1[0]<--->EndNode1[0]
REAL
    0.26544  0.00491447   0.0216477   0.0721991
 0.00491447    0.233903   0.0172617 -0.00694185
  0.0216477   0.0172617    0.212878   0.0355267
  0.0721991 -0.00694185   0.0355267    0.287779
IMAGINARY
          0 -0.00368862  0.00923532 -0.00151985
 0.00368862           0  -0.0174841   0.0206673
-0.00923532   0.0174841           0  0.00160239
 0.00151985  -0.0206673 -0.00160239           0
Repeater1[0]<--->HoM1[0]
REAL
   0.271907 -0.00827879  0.00688308   0.0741382
-0.00827879    0.186856   0.0382842 -0.00129302
 0.00688308   0.0382842    0.265464   0.0138689
  0.0741382 -0.00129302   0.0138689    0.275773
IMAGINARY
           0    0.0122462   0.00850726    0.0151424
  -0.0122462            0  -0.00368111   -0.0104629
 -0.00850726   0.00368111            0  0.000139691
  -0.0151424    0.0104629 -0.000139691            0
EndNode1[0]<--->Repeater1[0]
REAL
   0.264634   0.0188912   0.0178849   0.0857787
  0.0188912    0.254878   0.0393869 -0.00927561
  0.0178849   0.0393869    0.243902   0.0042876
  0.0857787 -0.00927561   0.0042876    0.236585
IMAGINARY
          0 -0.00771812  0.00266496  -0.0020624
 0.00771812           0  -0.0104064   0.0102216
-0.00266496   0.0104064           0  0.00771812
  0.0020624  -0.0102216 -0.00771812           0
EndNode2[0]<--->HoM1[0]
REAL
    0.26242  -0.0106952   0.0127897   0.0775453
 -0.0106952    0.217834   0.0294066 -0.00877897
  0.0127897   0.0294066    0.248408   0.0120321
  0.0775453 -0.00877897   0.0120321    0.271338
IMAGINARY
           0    0.0211579   -0.0139258  -0.00508726
  -0.0211579            0    0.0126061 -0.000836755
   0.0139258   -0.0126061            0   0.00130679
  0.00508726  0.000836755  -0.00130679            0
Repeater1[0]<--->EndNode1[0]
REAL
   0.264634   0.0178849   0.0188912   0.0857787
  0.0178849    0.243902   0.0393869   0.0042876
  0.0188912   0.0393869    0.254878 -0.00927561
  0.0857787   0.0042876 -0.00927561    0.236585
IMAGINARY
          0  0.00266496 -0.00771812  -0.0020624
-0.00266496           0   0.0104064  0.00771812
 0.00771812  -0.0104064           0   0.0102216
  0.0020624 -0.00771812  -0.0102216           0
Repeater1[0]<--->HoM1[0]
REAL
    0.26242   0.0127897  -0.0106952   0.0775453
  0.0127897    0.248408   0.0294066   0.0120321
 -0.0106952   0.0294066    0.217834 -0.00877897
  0.0775453   0.0120321 -0.00877897    0.271338
IMAGINARY
           0   -0.0139258    0.0211579  -0.00508726
   0.0139258            0   -0.0126061   0.00130679
  -0.0211579    0.0126061            0 -0.000836755
  0.00508726  -0.00130679  0.000836755            0
EndNode1[0]<--->Repeater1[0]
REAL
   0.250663 -0.00684141  -0.0289589   0.0809669
-0.00684141    0.246684   0.0406891   0.0155831
 -0.0289589   0.0406891    0.237401  0.00493058
  0.0809669   0.0155831  0.00493058    0.265252
IMAGINARY
          0  -0.0130598  0.00943627    0.033771
  0.0130598           0  -0.0135178   0.0113971
-0.00943627   0.0135178           0  -0.0174958
  -0.033771  -0.0113971   0.0174958           0
EndNode2[0]<--->HoM1[0]
REAL
  0.303226  0.0159534 0.00410696  0.0950807
 0.0159534   0.236129  0.0401069 -0.0047538
0.00410696  0.0401069   0.206452  0.0247969
 0.0950807 -0.0047538  0.0247969   0.254194
IMAGINARY
          0   0.0222611    -0.01109  0.00943752
 -0.0222611           0 -0.00136299 -0.00199905
    0.01109  0.00136299           0   0.0091525
-0.00943752  0.00199905  -0.0091525           0
Repeater1[0]<--->EndNode1[0]
REAL
   0.250663  -0.0289589 -0.00684141   0.0809669
 -0.0289589    0.237401   0.0406891  0.00493058
-0.00684141   0.0406891    0.246684   0.0155831
  0.0809669  0.00493058   0.0155831    0.265252
IMAGINARY
          0  0.00943627  -0.0130598    0.033771
-0.00943627           0   0.0135178  -0.0174958
  0.0130598  -0.0135178           0   0.0113971
  -0.033771   0.0174958  -0.0113971           0
Repeater1[0]<--->HoM1[0]
REAL
  0.303226 0.00410696  0.0159534  0.0950807
0.00410696   0.206452  0.0401069  0.0247969
 0.0159534  0.0401069   0.236129 -0.0047538
 0.0950807  0.0247969 -0.0047538   0.254194
IMAGINARY
          0    -0.01109   0.0222611  0.00943752
    0.01109           0  0.00136299   0.0091525
 -0.0222611 -0.00136299           0 -0.00199905
-0.00943752  -0.0091525  0.00199905           0
EndNode1[0]<--->Repeater1[0]
REAL
  0.242236 -0.0119709 0.00487961  0.0792261
-0.0119709   0.224845  0.0263294  0.0145648
0.00487961  0.0263294   0.240994 0.00919312
 0.0792261  0.0145648 0.00919312   0.291925
IMAGINARY
          0     0.01429 -0.00899117 -0.00173853
   -0.01429           0  0.00173853  0.00269394
 0.00899117 -0.00173853           0  -0.0218467
 0.00173853 -0.00269394   0.0218467           0
EndNode2[0]<--->HoM1[0]
REAL
    0.265464 -1.90259e-05   0.00822979    0.0721788
-1.90259e-05     0.226804    0.0389323    0.0056591
  0.00822979    0.0389323     0.228093  -0.00275875
   0.0721788    0.0056591  -0.00275875     0.279639
IMAGINARY
          0  -0.0101043  0.00695043  0.00190428
  0.0101043           0  0.00129675  0.00282793
-0.00695043 -0.00129675           0  -0.0101043
-0.00190428 -0.00282793   0.0101043           0
Repeater1[0]<--->EndNode1[0]
REAL
  0.242236 0.00487961 -0.0119709  0.0792261
0.00487961   0.240994  0.0263294 0.00919312
-0.0119709  0.0263294   0.224845  0.0145648
 0.0792261 0.00919312  0.0145648   0.291925
IMAGINARY
          0 -0.00899117     0.01429 -0.00173853
 0.00899117           0 -0.00173853  -0.0218467
   -0.01429  0.00173853           0  0.00269394
 0.00173853   0.0218467 -0.00269394           0
Repeater1[0]<--->HoM1[0]
REAL
    0.265464   0.00822979 -1.90259e-05    0.0721788
  0.00822979     0.228093    0.0389323  -0.00275875
-1.90259e-05    0.0389323     0.226804    0.0056591
   0.0721788  -0.00275875    0.0056591     0.279639
IMAGINARY
          0  0.00695043  -0.0101043  0.00190428
-0.00695043           0 -0.00129675  -0.0101043
  0.0101043  0.00129675           0  0.00282793
-0.00190428   0.0101043 -0.00282793           0
EndNode1[0]<--->Repeater1[0]
REAL
   0.29776 0.00123565 0.00345211    0.06702
0.00123565   0.242424  0.0324698  0.0131295
0.00345211  0.0324698   0.206851  0.0051419
   0.06702  0.0131295  0.0051419   0.252964
IMAGINARY
          0  0.00253691  0.00240048   -0.026074
-0.00253691           0  0.00750807  -0.0134826
-0.00240048 -0.00750807           0  -0.0110115
   0.026074   0.0134826   0.0110115           0
EndNode2[0]<--->HoM1[0]
REAL
   0.294654   0.0144268  -0.0102134   0.0636605
  0.0144268    0.219035    0.030504   0.0141921
 -0.0102134    0.030504    0.235984 -0.00779546
  0.0636605   0.0141921 -0.00779546    0.250326
IMAGINARY
           0  0.000741247    0.0150071   0.00423954
-0.000741247            0   0.00491797   0.00621309
  -0.0150071  -0.00491797            0    0.0125214
 -0.00423954  -0.00621309   -0.0125214            0
Repeater1[0]<--->EndNode1[0]
REAL
   0.29776 0.00345211 0.00123565    0.06702
0.00345211   0.206851  0.0324698  0.0051419
0.00123565  0.0324698   0.242424  0.0131295
   0.06702  0.0051419  0.0131295   0.252964
IMAGINARY
          0  0.00240048  0.00253691   -0.026074
-0.00240048           0 -0.00750807  -0.0110115
-0.00253691  0.00750807           0  -0.0134826
   0.026074   0.0110115   0.0134826           0
Repeater1[0]<--->HoM1[0]
REAL
   0.294654  -0.0102134   0.0144268   0.0636605
 -0.0102134    0.235984    0.030504 -0.00779546
  0.0144268    0.030504    0.219035   0.0141921
  0.0636605 -0.00779546   0.0141921    0.250326
IMAGINARY
           0    0.0150071  0.000741247   0.00423954
  -0.0150071            0  -0.00491797    0.0125214
-0.000741247   0.00491797            0   0.00621309
 -0.00423954   -0.0125214  -0.00621309            0
EndNode1[0]<--->Repeater1[0]
REAL
   0.284314 -0.00398789  -0.0122442   0.0469874
-0.00398789     0.22549   0.0371835   0.0197819
 -0.0122442   0.0371835    0.226716    0.017807
  0.0469874   0.0197819    0.017807     0.26348
IMAGINARY
          0  0.00965093   0.0185657  0.00266749
-0.00965093           0 -0.00332452   0.0145226
 -0.0185657  0.00332452           0  0.00382946
-0.00266749  -0.0145226 -0.00382946           0
EndNode2[0]<--->HoM1[0]
REAL
   0.232859   0.0277411  0.00756543   0.0634231
  0.0277411    0.245796   0.0521648 -0.00162092
 0.00756543   0.0521648    0.252264 0.000660502
  0.0634231 -0.00162092 0.000660502    0.269082
IMAGINARY
          0    -0.00506   0.0091129  -0.0330469
    0.00506           0  0.00570313  0.00611889
 -0.0091129 -0.00570313           0  0.00439775
  0.0330469 -0.00611889 -0.00439775           0
Repeater1[0]<--->EndNode1[0]
REAL
   0.284314  -0.0122442 -0.00398789   0.0469874
 -0.0122442    0.226716   0.0371835    0.017807
-0.00398789   0.0371835     0.22549   0.0197819
  0.0469874    0.017807   0.0197819     0.26348
IMAGINARY
          0   0.0185657  0.00965093  0.00266749
 -0.0185657           0  0.00332452  0.00382946
-0.00965093 -0.00332452           0   0.0145226
-0.00266749 -0.00382946  -0.0145226           0
Repeater1[0]<--->HoM1[0]
REAL
   0.232859  0.00756543   0.0277411   0.0634231
 0.00756543    0.252264   0.0521648 0.000660502
  0.0277411   0.0521648    0.245796 -0.00162092
  0.0634231 0.000660502 -0.00162092    0.269082
IMAGINARY
          0   0.0091129    -0.00506  -0.0330469
 -0.0091129           0 -0.00570313  0.00439775
    0.00506  0.00570313           0  0.00611889
  0.0330469 -0.00439775 -0.00611889           0
EndNode1[0]<--->Repeater1[0]
REAL
  0.281407 -0.0108974  0.0119661  0.0844686
-0.0108974   0.234925  0.0463006 0.00213647
 0.0119661  0.0463006   0.203518  0.0224359
 0.0844686 0.00213647  0.0224359   0.280151
IMAGINARY
          0  -0.0135227  -0.0398588 -0.00826173
  0.0135227           0 -0.00700545   0.0245916
  0.0398588  0.00700545           0   0.0122505
 0.00826173  -0.0245916  -0.0122505           0
EndNode2[0]<--->HoM1[0]
REAL
  0.262438  0.0230733 -0.0021678  0.0919955
 0.0230733   0.225124  0.0348889  0.0172432
-0.0021678  0.0348889   0.228856 0.00079606
 0.0919955  0.0172432 0.00079606   0.283582
IMAGINARY
          0  -0.0013365  0.00473329 -0.00603558
  0.0013365           0 -0.00603558   0.0104951
-0.00473329  0.00603558           0  -0.0100848
 0.00603558  -0.0104951   0.0100848           0
Repeater1[0]<--->EndNode1[0]
REAL
  0.281407  0.0119661 -0.0108974  0.0844686
 0.0119661   0.203518  0.0463006  0.0224359
-0.0108974  0.0463006   0.234925 0.00213647
 0.0844686  0.0224359 0.00213647   0.280151
IMAGINARY
          0  -0.0398588  -0.0135227 -0.00826173
  0.0398588           0  0.00700545   0.0122505
  0.0135227 -0.00700545           0   0.0245916
 0.00826173  -0.0122505  -0.0245916           0
Repeater1[0]<--->HoM1[0]
REAL
  0.262438 -0.0021678  0.0230733  0.0919955
-0.0021678   0.228856  0.0348889 0.00079606
 0.0230733  0.0348889   0.225124  0.0172432
 0.0919955 0.00079606  0.0172432   0.283582
IMAGINARY
          0  0.00473329  -0.0013365 -0.00603558
-0.00473329           0  0.00603558  -0.0100848
  0.0013365 -0.00603558           0   0.0104951
 0.00603558   0.0100848  -0.0104951           0
EndNode1[0]<--->Repeater1[0]
REAL
   0.252983 -0.00809317 -0.00130208   0.0622442
-0.00809317     0.21957   0.0471308 -0.00130208
-0.00130208   0.0471308    0.260143   0.0185098
  0.0622442 -0.00130208   0.0185098    0.267303
IMAGINARY
           0    0.0209837    0.0106269   0.00542232
  -0.0209837            0  0.000859087   -0.0144052
  -0.0106269 -0.000859087            0    0.0042052
 -0.00542232    0.0144052   -0.0042052            0
EndNode2[0]<--->HoM1[0]
REAL
  0.256379 0.00919356   -0.00253  0.0745614
0.00919356   0.211422  0.0294486 0.00378313
  -0.00253  0.0294486   0.252734  -0.022978
 0.0745614 0.00378313  -0.022978   0.279465
IMAGINARY
          0  -0.0129839  0.00386211  0.00526547
  0.0129839           0 -0.00590404  -0.0289248
-0.00386211  0.00590404           0  -0.0058131
-0.00526547   0.0289248   0.0058131           0
Repeater1[0]<--->EndNode1[0]
REAL
   0.252983 -0.00130208 -0.00809317   0.0622442
-0.00130208    0.260143   0.0471308   0.0185098
-0.00809317   0.0471308     0.21957 -0.00130208
  0.0622442   0.0185098 -0.00130208    0.267303
IMAGINARY
           0    0.0106269    0.0209837   0.00542232
  -0.0106269            0 -0.000859087    0.0042052
  -0.0209837  0.000859087            0   -0.0144052
 -0.00542232   -0.0042052    0.0144052            0
Repeater1[0]<--->HoM1[0]
REAL
  0.256379   -0.00253 0.00919356  0.0745614
  -0.00253   0.252734  0.0294486  -0.022978
0.00919356  0.0294486   0.211422 0.00378313
 0.0745614  -0.022978 0.00378313   0.279465
IMAGINARY
          0  0.00386211  -0.0129839  0.00526547
-0.00386211           0  0.00590404  -0.0058131
  0.0129839 -0.00590404           0  -0.0289248
-0.00526547   0.0058131   0.0289248           0
EndNode1[0]<--->Repeater1[0]
REAL
   0.285714   0.0104362   0.0115031    0.059676
  0.0104362    0.240202    0.037037 0.000506997
  0.0115031    0.037037    0.208597 0.000309654
   0.059676 0.000506997 0.000309654    0.265487
IMAGINARY
           0    0.0093716  0.000592447   0.00696546
  -0.0093716            0  0.000684053  -0.00641392
-0.000592447 -0.000684053            0   0.00809283
 -0.00696546   0.00641392  -0.00809283            0
EndNode2[0]<--->HoM1[0]
REAL
  0.246134  0.0121173  0.0133784   0.076179
 0.0121173   0.252577  0.0303569  0.0147261
 0.0133784  0.0303569   0.219072 0.00422257
  0.076179  0.0147261 0.00422257   0.282216
IMAGINARY
           0   0.00888247 -0.000931057   -0.0079583
 -0.00888247            0    0.0206487     0.010365
 0.000931057   -0.0206487            0   -0.0115779
   0.0079583    -0.010365    0.0115779            0
Repeater1[0]<--->EndNode1[0]
REAL
   0.285714   0.0115031   0.0104362    0.059676
  0.0115031    0.208597    0.037037 0.000309654
  0.0104362    0.037037    0.240202 0.000506997
   0.059676 0.000309654 0.000506997    0.265487
IMAGINARY
           0  0.000592447    0.0093716   0.00696546
-0.000592447            0 -0.000684053   0.00809283
  -0.0093716  0.000684053            0  -0.00641392
 -0.00696546  -0.00809283   0.00641392            0
Repeater1[0]<--->HoM1[0]
REAL
  0.246134  0.0133784  0.0121173   0.076179
 0.0133784   0.219072  0.0303569 0.00422257
 0.0121173  0.0303569   0.252577  0.0147261
  0.076179 0.00422257  0.0147261   0.282216
IMAGINARY
           0 -0.000931057   0.00888247   -0.0079583
 0.000931057            0   -0.0206487   -0.0115779
 -0.00888247    0.0206487            0     0.010365
   0.0079583    0.0115779    -0.010365            0
EndNode1[0]<--->Repeater1[0]
REAL
 0.272277 0.0065872 0.0119181 0.0591721
0.0065872  0.222772 0.0468505 0.0112939
0.0119181 0.0468505  0.243812 0.0065872
0.0591721 0.0112939 0.0065872  0.261139
IMAGINARY
          0   0.0245749  -0.0134541 -0.00136322
 -0.0245749           0   0.0170095  -0.0209168
  0.0134541  -0.0170095           0 -0.00576813
 0.00136322   0.0209168  0.00576813           0
EndNode2[0]<--->HoM1[0]
REAL
   0.280795  0.00745661 -0.00832306   0.0898986
 0.00745661    0.225166   0.0515406  -0.0202129
-0.00832306   0.0515406    0.218543  0.00495034
  0.0898986  -0.0202129  0.00495034    0.275497
IMAGINARY
          0   0.0073354  0.00921895  0.00860683
 -0.0073354           0  -0.0213295  -0.0314262
-0.00921895   0.0213295           0 -0.00262476
-0.00860683   0.0314262  0.00262476           0
Repeater1[0]<--->EndNode1[0]
REAL
 0.272277 0.0119181 0.0065872 0.0591721
0.0119181  0.243812 0.0468505 0.0065872
0.0065872 0.0468505  0.222772 0.0112939
0.0591721 0.0065872 0.0112939  0.261139
IMAGINARY
          0  -0.0134541   0.0245749 -0.00136322
  0.0134541           0  -0.0170095 -0.00576813
 -0.0245749   0.0170095           0  -0.0209168
 0.00136322  0.00576813   0.0209168           0
Repeater1[0]<--->HoM1[0]
REAL
   0.280795 -0.00832306  0.00745661   0.0898986
-0.00832306    0.218543   0.0515406  0.00495034
 0.00745661   0.0515406    0.225166  -0.0202129
  0.0898986  0.00495034  -0.0202129    0.275497
IMAGINARY
          0  0.00921895   0.0073354  0.00860683
-0.00921895           0   0.0213295 -0.00262476
 -0.0073354  -0.0213295           0  -0.0314262
-0.00860683  0.00262476   0.0314262           0
EndNode1[0]<--->Repeater1[0]
REAL
  0.245566 -0.0114747 0.00792491  0.0752952
-0.0114747   0.240109  0.0481144  0.0111591
0.00792491  0.0481144   0.229195 0.00765793
 0.0752952  0.0111591 0.00765793    0.28513
IMAGINARY
          0  -0.0173743 -0.00421785   0.0118139
  0.0173743           0 -0.00265155   0.0149637
 0.00421785  0.00265155           0 -0.00348539
 -0.0118139  -0.0149637  0.00348539           0
EndNode2[0]<--->HoM1[0]
REAL
   0.277487 -0.00230966  -0.0313203   0.0843022
-0.00230966    0.231675   0.0346167  0.00564465
 -0.0313203   0.0346167    0.222513 0.000958311
  0.0843022  0.00564465 0.000958311    0.268325
IMAGINARY
          0  -0.0262071    0.037952  -0.0187649
  0.0262071           0 -0.00407777  0.00670204
  -0.037952  0.00407777           0  0.00922597
  0.0187649 -0.00670204 -0.00922597           0
Repeater1[0]<--->EndNode1[0]
REAL
  0.245566 0.00792491 -0.0114747  0.0752952
0.00792491   0.229195  0.0481144 0.00765793
-0.0114747  0.0481144   0.240109  0.0111591
 0.0752952 0.00765793  0.0111591    0.28513
IMAGINARY
          0 -0.00421785  -0.0173743   0.0118139
 0.00421785           0  0.00265155 -0.00348539
  0.0173743 -0.00265155           0   0.0149637
 -0.0118139  0.00348539  -0.0149637           0
Repeater1[0]<--->HoM1[0]
REAL
   0.277487  -0.0313203 -0.00230966   0.0843022
 -0.0313203    0.222513   0.0346167 0.000958311
-0.00230966   0.0346167    0.231675  0.00564465
  0.0843022 0.000958311  0.00564465    0.268325
IMAGINARY
          0    0.037952  -0.0262071  -0.0187649
  -0.037952           0  0.00407777  0.00922597
  0.0262071 -0.00407777           0  0.00670204
  0.0187649 -0.00922597 -0.00670204           0
EndNode1[0]<--->Repeater1[0]
REAL
    0.297845 -0.000187362   0.00819802    0.0733998
-0.000187362     0.217997    0.0556133  -0.00641443
  0.00819802    0.0556133      0.21166    0.0305084
   0.0733998  -0.00641443    0.0305084     0.272497
IMAGINARY
          0 -0.00975868  -0.0223104  -0.0225415
 0.00975868           0  -0.0165013    0.012429
  0.0223104   0.0165013           0     0.01437
  0.0225415   -0.012429    -0.01437           0
EndNode2[0]<--->HoM1[0]
REAL
   0.273082  -0.0052956  -0.0196232   0.0669894
 -0.0052956    0.217165   0.0399624 0.000906612
 -0.0196232   0.0399624     0.23277 -0.00807338
  0.0669894 0.000906612 -0.00807338    0.276983
IMAGINARY
          0 -0.00214272   0.0123259 -0.00397316
 0.00214272           0  0.00461337 -0.00372641
 -0.0123259 -0.00461337           0  0.00951372
 0.00397316  0.00372641 -0.00951372           0
Repeater1[0]<--->EndNode1[0]
REAL
    0.297845   0.00819802 -0.000187362    0.0733998
  0.00819802      0.21166    0.0556133    0.0305084
-0.000187362    0.0556133     0.217997  -0.00641443
   0.0733998    0.0305084  -0.00641443     0.272497
IMAGINARY
          0  -0.0223104 -0.00975868  -0.0225415
  0.0223104           0   0.0165013     0.01437
 0.00975868  -0.0165013           0    0.012429
  0.0225415    -0.01437   -0.012429           0
Repeater1[0]<--->HoM1[0]
REAL
   0.273082  -0.0196232  -0.0052956   0.0669894
 -0.0196232     0.23277   0.0399624 -0.00807338
 -0.0052956   0.0399624    0.217165 0.000906612
  0.0669894 -0.00807338 0.000906612    0.276983
IMAGINARY
          0   0.0123259 -0.00214272 -0.00397316
 -0.0123259           0 -0.00461337  0.00951372
 0.00214272  0.00461337           0 -0.00372641
 0.00397316 -0.00951372  0.00372641           0
EndNode1[0]<--->Repeater1[0]
REAL
   0.25641 -0.0130086 0.00899715   0.086531
-0.0130086   0.226923   0.047219  0.0185029
0.00899715   0.047219   0.239744  0.0092586
  0.086531  0.0185029  0.0092586   0.276923
IMAGINARY
          0    0.011777  0.00267608  0.00794758
  -0.011777           0 -0.00671908  0.00469492
-0.00267608  0.00671908           0 -0.00317749
-0.00794758 -0.00469492  0.00317749           0
EndNode2[0]<--->HoM1[0]
REAL
    0.289438    0.0110958    0.0235553    0.0800239
   0.0110958     0.222222    0.0448127 -0.000679438
   0.0235553    0.0448127     0.229081   0.00524406
   0.0800239 -0.000679438   0.00524406     0.259259
IMAGINARY
          0  -0.0205654 -0.00772751 -0.00773613
  0.0205654           0 -0.00521724   0.0070873
 0.00772751  0.00521724           0  0.00456025
 0.00773613  -0.0070873 -0.00456025           0
Repeater1[0]<--->EndNode1[0]
REAL
   0.25641 0.00899715 -0.0130086   0.086531
0.00899715   0.239744   0.047219  0.0092586
-0.0130086   0.047219   0.226923  0.0185029
  0.086531  0.0092586  0.0185029   0.276923
IMAGINARY
          0  0.00267608    0.011777  0.00794758
-0.00267608           0  0.00671908 -0.00317749
  -0.011777 -0.00671908           0  0.00469492
-0.00794758  0.00317749 -0.00469492           0
Repeater1[0]<--->HoM1[0]
REAL
    0.289438    0.0235553    0.0110958    0.0800239
   0.0235553     0.229081    0.0448127   0.00524406
   0.0110958    0.0448127     0.222222 -0.000679438
   0.0800239   0.00524406 -0.000679438     0.259259
IMAGINARY
          0 -0.00772751  -0.0205654 -0.00773613
 0.00772751           0  0.00521724  0.00456025
  0.0205654 -0.00521724           0   0.0070873
 0.00773613 -0.00456025  -0.0070873           0
EndNode1[0]<--->Repeater1[0]
REAL
    0.255484  -0.00992684 -0.000297351    0.0858637
 -0.00992684     0.227097    0.0392951  -0.00669121
-0.000297351    0.0392951     0.223226    0.0347045
   0.0858637  -0.00669121    0.0347045     0.294194
IMAGINARY
          0 -0.00616575 -0.00902778 -0.00844205
 0.00616575           0 -0.00103962 -0.00445261
 0.00902778  0.00103962           0 -0.00486366
 0.00844205  0.00445261  0.00486366           0
EndNode2[0]<--->HoM1[0]
REAL
  0.268556 0.00504406  0.0108603  0.0879316
0.00504406   0.226721  0.0192112 -0.0121358
 0.0108603  0.0192112   0.238866  0.0115376
 0.0879316 -0.0121358  0.0115376   0.265857
IMAGINARY
          0  -0.0116802   0.0109748   0.0122296
  0.0116802           0  -0.0134461   -0.031117
 -0.0109748   0.0134461           0 -0.00372264
 -0.0122296    0.031117  0.00372264           0
Repeater1[0]<--->EndNode1[0]
REAL
    0.255484 -0.000297351  -0.00992684    0.0858637
-0.000297351     0.223226    0.0392951    0.0347045
 -0.00992684    0.0392951     0.227097  -0.00669121
   0.0858637    0.0347045  -0.00669121     0.294194
IMAGINARY
          0 -0.00902778 -0.00616575 -0.00844205
 0.00902778           0  0.00103962 -0.00486366
 0.00616575 -0.00103962           0 -0.00445261
 0.00844205  0.00486366  0.00445261           0
Repeater1[0]<--->HoM1[0]
REAL
  0.268556  0.0108603 0.00504406  0.0879316
 0.0108603   0.238866  0.0192112  0.0115376
0.00504406  0.0192112   0.226721 -0.0121358
 0.0879316  0.0115376 -0.0121358   0.265857
IMAGINARY
          0   0.0109748  -0.0116802   0.0122296
 -0.0109748           0   0.0134461 -0.00372264
  0.0116802  -0.0134461           0   -0.031117
 -0.0122296  0.00372264    0.031117           0
EndNode1[0]<--->Repeater1[0]
REAL
  0.276942 -0.0196671 0.00946451  0.0838217
-0.0196671   0.233083  0.0356364 0.00285076
0.00946451  0.0356364   0.221805 0.00119423
 0.0838217 0.00285076 0.00119423    0.26817
IMAGINARY
           0   0.00866162  0.000896431   -0.0215369
 -0.00866162            0  -0.00864682   -0.0140379
-0.000896431   0.00864682            0  0.000725113
   0.0215369    0.0140379 -0.000725113            0
EndNode2[0]<--->HoM1[0]
REAL
   0.272011 -0.00476498 -0.00475022   0.0771366
-0.00476498    0.247043   0.0621039  0.00728187
-0.00475022   0.0621039    0.231275 0.000967508
  0.0771366  0.00728187 0.000967508    0.249671
IMAGINARY
         0  0.0209477  0.0114166  0.0191708
-0.0209477          0  0.0222383 -0.0212205
-0.0114166 -0.0222383          0  0.0084641
-0.0191708  0.0212205 -0.0084641          0
Repeater1[0]<--->EndNode1[0]
REAL
  0.276942 0.00946451 -0.0196671  0.0838217
0.00946451   0.221805  0.0356364 0.00119423
-0.0196671  0.0356364   0.233083 0.00285076
 0.0838217 0.00119423 0.00285076    0.26817
IMAGINARY
           0  0.000896431   0.00866162   -0.0215369
-0.000896431            0   0.00864682  0.000725113
 -0.00866162  -0.00864682            0   -0.0140379
   0.0215369 -0.000725113    0.0140379            0
Repeater1[0]<--->HoM1[0]
REAL
   0.272011 -0.00475022 -0.00476498   0.0771366
-0.00475022    0.231275   0.0621039 0.000967508
-0.00476498   0.0621039    0.247043  0.00728187
  0.0771366 0.000967508  0.00728187    0.249671
IMAGINARY
         0  0.0114166  0.0209477  0.0191708
-0.0114166          0 -0.0222383  0.0084641
-0.0209477  0.0222383          0 -0.0212205
-0.0191708 -0.0084641  0.0212205          0
EndNode1[0]<--->Repeater1[0]
REAL
   0.291781 0.000118429   -0.008726   0.0682539
0.000118429    0.210959    0.053469  -0.0256061
  -0.008726    0.053469    0.243836  -0.0282083
  0.0682539  -0.0256061  -0.0282083    0.253425
IMAGINARY
          0  0.00268817  -0.0137321  -0.0130732
-0.00268817           0   0.0195499  0.00432348
  0.0137321  -0.0195499           0  0.00268817
  0.0130732 -0.00432348 -0.00268817           0
EndNode2[0]<--->HoM1[0]
REAL
   0.254802  0.00336842 -0.00148314   0.0873087
 0.00336842     0.21767   0.0574282  -0.0195695
-0.00148314   0.0574282    0.216389 -0.00863158
  0.0873087  -0.0195695 -0.00863158     0.31114
IMAGINARY
          0  -0.0014391  0.00224936  -0.0155634
  0.0014391           0  -0.0148831  -0.0148656
-0.00224936   0.0148831           0 -0.00453699
  0.0155634   0.0148656  0.00453699           0
Repeater1[0]<--->EndNode1[0]
REAL
   0.291781   -0.008726 0.000118429   0.0682539
  -0.008726    0.243836    0.053469  -0.0282083
0.000118429    0.053469    0.210959  -0.0256061
  0.0682539  -0.0282083  -0.0256061    0.253425
IMAGINARY
          0  -0.0137321  0.00268817  -0.0130732
  0.0137321           0  -0.0195499  0.00268817
-0.00268817   0.0195499           0  0.00432348
  0.0130732 -0.00268817 -0.00432348           0
Repeater1[0]<--->HoM1[0]
REAL
   0.254802 -0.00148314  0.00336842   0.0873087
-0.00148314    0.216389   0.0574282 -0.00863158
 0.00336842   0.0574282     0.21767  -0.0195695
  0.0873087 -0.00863158  -0.0195695     0.31114
IMAGINARY
          0  0.00224936  -0.0014391  -0.0155634
-0.00224936           0   0.0148831 -0.00453699
  0.0014391  -0.0148831           0  -0.0148656
  0.0155634  0.00453699   0.0148656           0
EndNode1[0]<--->Repeater1[0]
REAL
   0.225931  0.00063483   0.0158009   0.0826458
 0.00063483    0.219512   0.0451458 -0.00587537
  0.0158009   0.0451458    0.249037   0.0142535
  0.0826458 -0.00587537   0.0142535     0.30552
IMAGINARY
          0   -0.016822  0.00305483 -0.00930528
   0.016822           0  0.00618418  -0.0230548
-0.00305483 -0.00618418           0   -0.020678
 0.00930528   0.0230548    0.020678           0
EndNode2[0]<--->HoM1[0]
REAL
    0.267275 -0.000799091  -0.00399775    0.0785071
-0.000799091     0.252934    0.0392535   0.00850225
 -0.00399775    0.0392535     0.233377    0.0143126
   0.0785071   0.00850225    0.0143126     0.246415
IMAGINARY
          0 -0.00812228   0.0024206  -0.0183296
 0.00812228           0  -0.0202308  -0.0094991
 -0.0024206   0.0202308           0 -0.00281724
  0.0183296   0.0094991  0.00281724           0
Repeater1[0]<--->EndNode1[0]
REAL
   0.225931   0.0158009  0.00063483   0.0826458
  0.0158009    0.249037   0.0451458   0.0142535
 0.00063483   0.0451458    0.219512 -0.00587537
  0.0826458   0.0142535 -0.00587537     0.30552
IMAGINARY
          0  0.00305483   -0.016822 -0.00930528
-0.00305483           0 -0.00618418   -0.020678
   0.016822  0.00618418           0  -0.0230548
 0.00930528    0.020678   0.0230548           0
Repeater1[0]<--->HoM1[0]
REAL
    0.267275  -0.00399775 -0.000799091    0.0785071
 -0.00399775     0.233377    0.0392535    0.0143126
-0.000799091    0.0392535     0.252934   0.00850225
   0.0785071    0.0143126   0.00850225     0.246415
IMAGINARY
          0   0.0024206 -0.00812228  -0.0183296
 -0.0024206           0   0.0202308 -0.00281724
 0.00812228  -0.0202308           0  -0.0094991
  0.0183296  0.00281724   0.0094991           0
EndNode1[0]<--->Repeater1[0]
REAL
   0.268323  -0.0140085 -0.00476372   0.0810594
 -0.0140085    0.221118   0.0490594  0.00674523
-0.00476372   0.0490594    0.243478  -0.0289242
  0.0810594  0.00674523  -0.0289242    0.267081
IMAGINARY
           0   -0.0270531 -0.000318027    0.0126556
   0.0270531            0  -0.00212932   -0.0143486
 0.000318027   0.00212932            0   0.00305313
  -0.0126556    0.0143486  -0.00305313            0
EndNode2[0]<--->HoM1[0]
REAL
   0.274769  0.00572163    0.014558   0.0664086
 0.00572163    0.261559   0.0517962 -0.00886902
   0.014558   0.0517962    0.224571  0.00249582
  0.0664086 -0.00886902  0.00249582    0.239102
IMAGINARY
           0  -9.4006e-06  -0.00631592  -0.00165714
  9.4006e-06            0   0.00743377    -0.021003
  0.00631592  -0.00743377            0 -0.000625923
  0.00165714     0.021003  0.000625923            0
Repeater1[0]<--->EndNode1[0]
REAL
   0.268323 -0.00476372  -0.0140085   0.0810594
-0.00476372    0.243478   0.0490594  -0.0289242
 -0.0140085   0.0490594    0.221118  0.00674523
  0.0810594  -0.0289242  0.00674523    0.267081
IMAGINARY
           0 -0.000318027   -0.0270531    0.0126556
 0.000318027            0   0.00212932   0.00305313
   0.0270531  -0.00212932            0   -0.0143486
  -0.0126556  -0.00305313    0.0143486            0
Repeater1[0]<--->HoM1[0]
REAL
   0.274769    0.014558  0.00572163   0.0664086
   0.014558    0.224571   0.0517962  0.00249582
 0.00572163   0.0517962    0.261559 -0.00886902
  0.0664086  0.00249582 -0.00886902    0.239102
IMAGINARY
           0  -0.00631592  -9.4006e-06  -0.00165714
  0.00631592            0  -0.00743377 -0.000625923
  9.4006e-06   0.00743377            0    -0.021003
  0.00165714  0.000625923     0.021003            0
