EndNode1[0]<--->Repeater1[0]
REAL
   0.408505 -0.00131358 -0.00278665    0.170053
-0.00131358   0.0721649  0.00562307   0.0014353
-0.00278665  0.00562307   0.0734536 -0.00814588
   0.170053   0.0014353 -0.00814588    0.445876
IMAGINARY
          0  0.00426689  0.00637584   0.0237344
-0.00426689           0   0.0191949  0.00637584
-0.00637584  -0.0191949           0   0.0178808
 -0.0237344 -0.00637584  -0.0178808           0
EndNode2[0]<--->HoM1[0]
REAL
   0.418087  -0.0211451 -0.00207409    0.148185
 -0.0211451   0.0733945  0.00523156 -0.00972715
-0.00207409  0.00523156   0.0720839  0.00064819
   0.148185 -0.00972715  0.00064819    0.436435
IMAGINARY
           0    0.0149839   -0.0167168 -0.000419871
  -0.0149839            0    0.0154952    0.0120188
   0.0167168   -0.0154952            0    -0.015655
 0.000419871   -0.0120188     0.015655            0
Repeater1[0]<--->EndNode1[0]
REAL
   0.408505 -0.00278665 -0.00131358    0.170053
-0.00278665   0.0734536  0.00562307 -0.00814588
-0.00131358  0.00562307   0.0721649   0.0014353
   0.170053 -0.00814588   0.0014353    0.445876
IMAGINARY
          0  0.00637584  0.00426689   0.0237344
-0.00637584           0  -0.0191949   0.0178808
-0.00426689   0.0191949           0  0.00637584
 -0.0237344  -0.0178808 -0.00637584           0
Repeater1[0]<--->HoM1[0]
REAL
   0.418087 -0.00207409  -0.0211451    0.148185
-0.00207409   0.0720839  0.00523156  0.00064819
 -0.0211451  0.00523156   0.0733945 -0.00972715
   0.148185  0.00064819 -0.00972715    0.436435
IMAGINARY
           0   -0.0167168    0.0149839 -0.000419871
   0.0167168            0   -0.0154952    -0.015655
  -0.0149839    0.0154952            0    0.0120188
 0.000419871     0.015655   -0.0120188            0
EndNode1[0]<--->Repeater1[0]
REAL
   0.446589   0.0091233  0.00647358    0.159113
  0.0091233   0.0785071  0.00711346 -0.00515432
 0.00647358  0.00711346   0.0630631  0.00670784
   0.159113 -0.00515432  0.00670784     0.41184
IMAGINARY
          0   0.0056595 -0.00108176  0.00287959
 -0.0056595           0  0.00354715   0.0184151
 0.00108176 -0.00354715           0  -0.0189928
-0.00287959  -0.0184151   0.0189928           0
EndNode2[0]<--->HoM1[0]
REAL
   0.421053   0.0192698   0.0158525    0.135708
  0.0192698   0.0667522 -0.00302826  -0.0178133
  0.0158525 -0.00302826   0.0629012 -0.00423715
   0.135708  -0.0178133 -0.00423715    0.449294
IMAGINARY
          0  -0.0062224  -0.0068913 -0.00124069
  0.0062224           0  0.00124069   0.0123858
  0.0068913 -0.00124069           0  -0.0198765
 0.00124069  -0.0123858   0.0198765           0
Repeater1[0]<--->EndNode1[0]
REAL
   0.446589  0.00647358   0.0091233    0.159113
 0.00647358   0.0630631  0.00711346  0.00670784
  0.0091233  0.00711346   0.0785071 -0.00515432
   0.159113  0.00670784 -0.00515432     0.41184
IMAGINARY
          0 -0.00108176   0.0056595  0.00287959
 0.00108176           0 -0.00354715  -0.0189928
 -0.0056595  0.00354715           0   0.0184151
-0.00287959   0.0189928  -0.0184151           0
Repeater1[0]<--->HoM1[0]
REAL
   0.421053   0.0158525   0.0192698    0.135708
  0.0158525   0.0629012 -0.00302826 -0.00423715
  0.0192698 -0.00302826   0.0667522  -0.0178133
   0.135708 -0.00423715  -0.0178133    0.449294
IMAGINARY
          0  -0.0068913  -0.0062224 -0.00124069
  0.0068913           0 -0.00124069  -0.0198765
  0.0062224  0.00124069           0   0.0123858
 0.00124069   0.0198765  -0.0123858           0
EndNode1[0]<--->Repeater1[0]
REAL
   0.440678 -0.00693045  -0.0262119    0.144182
-0.00693045   0.0664928   0.0081721  0.00405125
 -0.0262119   0.0081721    0.083442 5.23975e-06
   0.144182  0.00405125 5.23975e-06    0.409387
IMAGINARY
          0   0.0160076  -0.0100503 -0.00690451
 -0.0160076           0  0.00381428   0.0100503
  0.0100503 -0.00381428           0  -0.0017589
 0.00690451  -0.0100503   0.0017589           0
EndNode2[0]<--->HoM1[0]
REAL
   0.446154   0.0152128   0.0239547    0.176766
  0.0152128   0.0576923  0.00926607 -0.00479527
  0.0239547  0.00926607   0.0666667 -0.00841428
   0.176766 -0.00479527 -0.00841428    0.429487
IMAGINARY
          0     0.01201 -0.00716667  -0.0043143
   -0.01201           0  0.00697388   0.0221667
 0.00716667 -0.00697388           0    -0.01451
  0.0043143  -0.0221667     0.01451           0
Repeater1[0]<--->EndNode1[0]
REAL
   0.440678  -0.0262119 -0.00693045    0.144182
 -0.0262119    0.083442   0.0081721 5.23975e-06
-0.00693045   0.0081721   0.0664928  0.00405125
   0.144182 5.23975e-06  0.00405125    0.409387
IMAGINARY
          0  -0.0100503   0.0160076 -0.00690451
  0.0100503           0 -0.00381428  -0.0017589
 -0.0160076  0.00381428           0   0.0100503
 0.00690451   0.0017589  -0.0100503           0
Repeater1[0]<--->HoM1[0]
REAL
   0.446154   0.0239547   0.0152128    0.176766
  0.0239547   0.0666667  0.00926607 -0.00841428
  0.0152128  0.00926607   0.0576923 -0.00479527
   0.176766 -0.00841428 -0.00479527    0.429487
IMAGINARY
          0 -0.00716667     0.01201  -0.0043143
 0.00716667           0 -0.00697388    -0.01451
   -0.01201  0.00697388           0   0.0221667
  0.0043143     0.01451  -0.0221667           0
EndNode1[0]<--->Repeater1[0]
REAL
    0.46133 -0.00800862  -0.0374296    0.154572
-0.00800862    0.063772 -0.00406217 -0.00976428
 -0.0374296 -0.00406217   0.0583446  -0.0162261
   0.154572 -0.00976428  -0.0162261    0.416554
IMAGINARY
          0    -0.02019  -0.0075159   0.0189011
    0.02019           0 -0.00294361  -0.0212659
  0.0075159  0.00294361           0   0.0101498
 -0.0189011   0.0212659  -0.0101498           0
EndNode2[0]<--->HoM1[0]
REAL
     0.46729   -0.0147479  -0.00968165     0.147238
  -0.0147479    0.0507343   -0.0059879 -0.000318352
 -0.00968165   -0.0059879    0.0694259  -0.00400205
    0.147238 -0.000318352  -0.00400205      0.41255
IMAGINARY
          0  0.00640693 -0.00282224  -0.0211936
-0.00640693           0   -0.026335  0.00416633
 0.00282224    0.026335           0  0.00837802
  0.0211936 -0.00416633 -0.00837802           0
Repeater1[0]<--->EndNode1[0]
REAL
    0.46133  -0.0374296 -0.00800862    0.154572
 -0.0374296   0.0583446 -0.00406217  -0.0162261
-0.00800862 -0.00406217    0.063772 -0.00976428
   0.154572  -0.0162261 -0.00976428    0.416554
IMAGINARY
          0  -0.0075159    -0.02019   0.0189011
  0.0075159           0  0.00294361   0.0101498
    0.02019 -0.00294361           0  -0.0212659
 -0.0189011  -0.0101498   0.0212659           0
Repeater1[0]<--->HoM1[0]
REAL
     0.46729  -0.00968165   -0.0147479     0.147238
 -0.00968165    0.0694259   -0.0059879  -0.00400205
  -0.0147479   -0.0059879    0.0507343 -0.000318352
    0.147238  -0.00400205 -0.000318352      0.41255
IMAGINARY
          0 -0.00282224  0.00640693  -0.0211936
 0.00282224           0    0.026335  0.00837802
-0.00640693   -0.026335           0  0.00416633
  0.0211936 -0.00837802 -0.00416633           0
EndNode1[0]<--->Repeater1[0]
REAL
   0.459211 -0.00464988 -0.00033605    0.158559
-0.00464988   0.0684211  0.00973381  -0.0252737
-0.00033605  0.00973381   0.0684211   -0.028277
   0.158559  -0.0252737   -0.028277    0.403947
IMAGINARY
          0  -0.0101772  -0.0156153   0.0163874
  0.0101772           0   0.0105357 -0.00788337
  0.0156153  -0.0105357           0   0.0167046
 -0.0163874  0.00788337  -0.0167046           0
EndNode2[0]<--->HoM1[0]
REAL
    0.445107    0.0118607   0.00424939     0.163589
   0.0118607    0.0763723   -0.0101233   0.00936448
  0.00424939   -0.0101233     0.071599 -0.000722084
    0.163589   0.00936448 -0.000722084     0.406921
IMAGINARY
          0 -0.00099034 -0.00377959 -0.00880567
 0.00099034           0  -0.0153674   -0.010091
 0.00377959   0.0153674           0  -0.0128802
 0.00880567    0.010091   0.0128802           0
Repeater1[0]<--->EndNode1[0]
REAL
   0.459211 -0.00033605 -0.00464988    0.158559
-0.00033605   0.0684211  0.00973381   -0.028277
-0.00464988  0.00973381   0.0684211  -0.0252737
   0.158559   -0.028277  -0.0252737    0.403947
IMAGINARY
          0  -0.0156153  -0.0101772   0.0163874
  0.0156153           0  -0.0105357   0.0167046
  0.0101772   0.0105357           0 -0.00788337
 -0.0163874  -0.0167046  0.00788337           0
Repeater1[0]<--->HoM1[0]
REAL
    0.445107   0.00424939    0.0118607     0.163589
  0.00424939     0.071599   -0.0101233 -0.000722084
   0.0118607   -0.0101233    0.0763723   0.00936448
    0.163589 -0.000722084   0.00936448     0.406921
IMAGINARY
          0 -0.00377959 -0.00099034 -0.00880567
 0.00377959           0   0.0153674  -0.0128802
 0.00099034  -0.0153674           0   -0.010091
 0.00880567   0.0128802    0.010091           0
EndNode1[0]<--->Repeater1[0]
REAL
   0.40227  0.0249225 -0.0121795   0.170238
 0.0249225   0.075662 -0.0199723  0.0121795
-0.0121795 -0.0199723  0.0706179 0.00832221
  0.170238  0.0121795 0.00832221    0.45145
IMAGINARY
           0    0.0177558   -0.0046584   0.00758886
  -0.0177558            0  -0.00361008   0.00156051
   0.0046584   0.00361008            0  0.000211961
 -0.00758886  -0.00156051 -0.000211961            0
EndNode2[0]<--->HoM1[0]
REAL
   0.453567    0.010994 -0.00605568    0.116293
   0.010994   0.0713324 -0.00391118    0.014804
-0.00605568 -0.00391118   0.0713324 -0.00493742
   0.116293    0.014804 -0.00493742    0.403769
IMAGINARY
          0  0.00504883  -0.0136291   0.0175641
-0.00504883           0 -0.00553202   0.0174654
  0.0136291  0.00553202           0   0.0154115
 -0.0175641  -0.0174654  -0.0154115           0
Repeater1[0]<--->EndNode1[0]
REAL
   0.40227 -0.0121795  0.0249225   0.170238
-0.0121795  0.0706179 -0.0199723 0.00832221
 0.0249225 -0.0199723   0.075662  0.0121795
  0.170238 0.00832221  0.0121795    0.45145
IMAGINARY
           0   -0.0046584    0.0177558   0.00758886
   0.0046584            0   0.00361008  0.000211961
  -0.0177558  -0.00361008            0   0.00156051
 -0.00758886 -0.000211961  -0.00156051            0
Repeater1[0]<--->HoM1[0]
REAL
   0.453567 -0.00605568    0.010994    0.116293
-0.00605568   0.0713324 -0.00391118 -0.00493742
   0.010994 -0.00391118   0.0713324    0.014804
   0.116293 -0.00493742    0.014804    0.403769
IMAGINARY
          0  -0.0136291  0.00504883   0.0175641
  0.0136291           0  0.00553202   0.0154115
-0.00504883 -0.00553202           0   0.0174654
 -0.0175641  -0.0154115  -0.0174654           0
EndNode1[0]<--->Repeater1[0]
REAL
    0.416141   -0.0102414 -1.91312e-05     0.143536
  -0.0102414    0.0655738    0.0122432   0.00378798
-1.91312e-05    0.0122432    0.0668348    0.0114977
    0.143536   0.00378798    0.0114977      0.45145
IMAGINARY
           0    0.0017607  0.000608619   0.00679282
  -0.0017607            0   0.00234556   -0.0108127
-0.000608619  -0.00234556            0   -0.0119648
 -0.00679282    0.0108127    0.0119648            0
EndNode2[0]<--->HoM1[0]
REAL
   0.445431  -0.0287896  0.00251889    0.148944
 -0.0287896    0.069797   0.0164305 -0.00251889
 0.00251889   0.0164305   0.0748731   0.0145777
   0.148944 -0.00251889   0.0145777    0.409898
IMAGINARY
          0 -0.00279442  -0.0041035 -0.00613162
 0.00279442           0  0.00549629   0.0109341
  0.0041035 -0.00549629           0   0.0082589
 0.00613162  -0.0109341  -0.0082589           0
Repeater1[0]<--->EndNode1[0]
REAL
    0.416141 -1.91312e-05   -0.0102414     0.143536
-1.91312e-05    0.0668348    0.0122432    0.0114977
  -0.0102414    0.0122432    0.0655738   0.00378798
    0.143536    0.0114977   0.00378798      0.45145
IMAGINARY
           0  0.000608619    0.0017607   0.00679282
-0.000608619            0  -0.00234556   -0.0119648
  -0.0017607   0.00234556            0   -0.0108127
 -0.00679282    0.0119648    0.0108127            0
Repeater1[0]<--->HoM1[0]
REAL
   0.445431  0.00251889  -0.0287896    0.148944
 0.00251889   0.0748731   0.0164305   0.0145777
 -0.0287896   0.0164305    0.069797 -0.00251889
   0.148944   0.0145777 -0.00251889    0.409898
IMAGINARY
          0  -0.0041035 -0.00279442 -0.00613162
  0.0041035           0 -0.00549629   0.0082589
 0.00279442  0.00549629           0   0.0109341
 0.00613162  -0.0082589  -0.0109341           0
EndNode1[0]<--->Repeater1[0]
REAL
   0.423957  0.00328438   0.0119048    0.154556
 0.00328438   0.0619112 -0.00788059  -0.0282021
  0.0119048 -0.00788059   0.0794078  -0.0104552
   0.154556  -0.0282021  -0.0104552    0.434724
IMAGINARY
          0  -0.0153367  0.00177728 -0.00543332
  0.0153367           0  0.00347253  -0.0106605
-0.00177728 -0.00347253           0   -0.008775
 0.00543332   0.0106605    0.008775           0
EndNode2[0]<--->HoM1[0]
REAL
   0.467516  -0.0119875  0.00449542     0.16239
 -0.0119875   0.0598726   -0.001722  0.00193132
 0.00449542   -0.001722   0.0624204 -0.00472199
    0.16239  0.00193132 -0.00472199    0.410191
IMAGINARY
          0 -0.00746377  0.00686695  0.00378429
 0.00746377           0 -0.00704374  -0.0113369
-0.00686695  0.00704374           0  -0.0148862
-0.00378429   0.0113369   0.0148862           0
Repeater1[0]<--->EndNode1[0]
REAL
   0.423957   0.0119048  0.00328438    0.154556
  0.0119048   0.0794078 -0.00788059  -0.0104552
 0.00328438 -0.00788059   0.0619112  -0.0282021
   0.154556  -0.0104552  -0.0282021    0.434724
IMAGINARY
          0  0.00177728  -0.0153367 -0.00543332
-0.00177728           0 -0.00347253   -0.008775
  0.0153367  0.00347253           0  -0.0106605
 0.00543332    0.008775   0.0106605           0
Repeater1[0]<--->HoM1[0]
REAL
   0.467516  0.00449542  -0.0119875     0.16239
 0.00449542   0.0624204   -0.001722 -0.00472199
 -0.0119875   -0.001722   0.0598726  0.00193132
    0.16239 -0.00472199  0.00193132    0.410191
IMAGINARY
          0  0.00686695 -0.00746377  0.00378429
-0.00686695           0  0.00704374  -0.0148862
 0.00746377 -0.00704374           0  -0.0113369
-0.00378429   0.0148862   0.0113369           0
EndNode1[0]<--->Repeater1[0]
REAL
   0.430396   0.0178063 -0.00170447    0.157008
  0.0178063   0.0651341 -0.00205216  0.00358653
-0.00170447 -0.00205216   0.0574713 0.000386935
   0.157008  0.00358653 0.000386935    0.446999
IMAGINARY
           0   -0.0194072   0.00623512   -0.0132367
   0.0194072            0  0.000829774    0.0159125
 -0.00623512 -0.000829774            0    0.0106824
   0.0132367   -0.0159125   -0.0106824            0
EndNode2[0]<--->HoM1[0]
REAL
   0.439845  0.00289078   0.0207407    0.162606
 0.00289078    0.072445 -0.00796687  -0.0104314
  0.0207407 -0.00796687   0.0608021  -0.0106227
   0.162606  -0.0104314  -0.0106227    0.426908
IMAGINARY
           0 -0.000989192    0.0100333   0.00129444
 0.000989192            0   0.00707107    0.0147062
  -0.0100333  -0.00707107            0  -0.00161497
 -0.00129444   -0.0147062   0.00161497            0
Repeater1[0]<--->EndNode1[0]
REAL
   0.430396 -0.00170447   0.0178063    0.157008
-0.00170447   0.0574713 -0.00205216 0.000386935
  0.0178063 -0.00205216   0.0651341  0.00358653
   0.157008 0.000386935  0.00358653    0.446999
IMAGINARY
           0   0.00623512   -0.0194072   -0.0132367
 -0.00623512            0 -0.000829774    0.0106824
   0.0194072  0.000829774            0    0.0159125
   0.0132367   -0.0106824   -0.0159125            0
Repeater1[0]<--->HoM1[0]
REAL
   0.439845   0.0207407  0.00289078    0.162606
  0.0207407   0.0608021 -0.00796687  -0.0106227
 0.00289078 -0.00796687    0.072445  -0.0104314
   0.162606  -0.0106227  -0.0104314    0.426908
IMAGINARY
           0    0.0100333 -0.000989192   0.00129444
  -0.0100333            0  -0.00707107  -0.00161497
 0.000989192   0.00707107            0    0.0147062
 -0.00129444   0.00161497   -0.0147062            0
EndNode1[0]<--->Repeater1[0]
REAL
    0.425949 -0.000773083   -0.0103376     0.149668
-0.000773083    0.0856793   0.00480843   0.00340193
  -0.0103376   0.00480843    0.0905753   -0.0162509
    0.149668   0.00340193   -0.0162509     0.397797
IMAGINARY
          0  0.00697003 -0.00533777  -0.0164994
-0.00697003           0   0.0112084 -0.00734581
 0.00533777  -0.0112084           0  0.00304332
  0.0164994  0.00734581 -0.00304332           0
EndNode2[0]<--->HoM1[0]
REAL
   0.426799   0.0029077 -0.00738361    0.159406
  0.0029077   0.0756824 -0.00375176  0.00674829
-0.00738361 -0.00375176   0.0694789  -0.0124376
   0.159406  0.00674829  -0.0124376     0.42804
IMAGINARY
          0   0.0246411   0.0126856 -0.00734691
 -0.0246411           0  0.00537063  -0.0232119
 -0.0126856 -0.00537063           0  0.00430622
 0.00734691   0.0232119 -0.00430622           0
Repeater1[0]<--->EndNode1[0]
REAL
    0.425949   -0.0103376 -0.000773083     0.149668
  -0.0103376    0.0905753   0.00480843   -0.0162509
-0.000773083   0.00480843    0.0856793   0.00340193
    0.149668   -0.0162509   0.00340193     0.397797
IMAGINARY
          0 -0.00533777  0.00697003  -0.0164994
 0.00533777           0  -0.0112084  0.00304332
-0.00697003   0.0112084           0 -0.00734581
  0.0164994 -0.00304332  0.00734581           0
Repeater1[0]<--->HoM1[0]
REAL
   0.426799 -0.00738361   0.0029077    0.159406
-0.00738361   0.0694789 -0.00375176  -0.0124376
  0.0029077 -0.00375176   0.0756824  0.00674829
   0.159406  -0.0124376  0.00674829     0.42804
IMAGINARY
          0   0.0126856   0.0246411 -0.00734691
 -0.0126856           0 -0.00537063  0.00430622
 -0.0246411  0.00537063           0  -0.0232119
 0.00734691 -0.00430622   0.0232119           0
EndNode1[0]<--->Repeater1[0]
REAL
   0.397698   -0.021379  -0.0313928    0.169812
  -0.021379    0.056266  0.00271006   0.0119449
 -0.0313928  0.00271006     0.07289 -0.00183301
   0.169812   0.0119449 -0.00183301    0.473146
IMAGINARY
          0 -0.00719046  0.00398936  0.00249507
 0.00719046           0   0.0124206 -0.00398936
-0.00398936  -0.0124206           0 -0.00455888
-0.00249507  0.00398936  0.00455888           0
EndNode2[0]<--->HoM1[0]
REAL
   0.403004 0.000606177  -0.0287001    0.155479
0.000606177   0.0713392 -0.00535519  -0.0234091
 -0.0287001 -0.00535519   0.0700876  0.00187521
   0.155479  -0.0234091  0.00187521    0.455569
IMAGINARY
           0   -0.0114893  -0.00255956    0.0178556
   0.0114893            0   0.00278353 -0.000805176
  0.00255956  -0.00278353            0   0.00677865
  -0.0178556  0.000805176  -0.00677865            0
Repeater1[0]<--->EndNode1[0]
REAL
   0.397698  -0.0313928   -0.021379    0.169812
 -0.0313928     0.07289  0.00271006 -0.00183301
  -0.021379  0.00271006    0.056266   0.0119449
   0.169812 -0.00183301   0.0119449    0.473146
IMAGINARY
          0  0.00398936 -0.00719046  0.00249507
-0.00398936           0  -0.0124206 -0.00455888
 0.00719046   0.0124206           0 -0.00398936
-0.00249507  0.00455888  0.00398936           0
Repeater1[0]<--->HoM1[0]
REAL
   0.403004  -0.0287001 0.000606177    0.155479
 -0.0287001   0.0700876 -0.00535519  0.00187521
0.000606177 -0.00535519   0.0713392  -0.0234091
   0.155479  0.00187521  -0.0234091    0.455569
IMAGINARY
           0  -0.00255956   -0.0114893    0.0178556
  0.00255956            0  -0.00278353   0.00677865
   0.0114893   0.00278353            0 -0.000805176
  -0.0178556  -0.00677865  0.000805176            0
EndNode1[0]<--->Repeater1[0]
REAL
   0.400513   0.0183443 7.08239e-05    0.172633
  0.0183443    0.084724 -0.00337209   0.0355971
7.08239e-05 -0.00337209    0.071887   0.0238088
   0.172633   0.0355971   0.0238088    0.442875
IMAGINARY
           0   -0.0157854 -0.000378942   -0.0153072
   0.0157854            0   -0.0172229    0.0107322
 0.000378942    0.0172229            0    0.0151764
   0.0153072   -0.0107322   -0.0151764            0
EndNode2[0]<--->HoM1[0]
REAL
   0.435897  0.00125428  0.00125811    0.155057
 0.00125428   0.0705128   0.0111541 -0.00878205
 0.00125811   0.0111541   0.0705128  -0.0251941
   0.155057 -0.00878205  -0.0251941    0.423077
IMAGINARY
          0   0.0135009  -0.0118102 -0.00630544
 -0.0135009           0  -0.0149147   0.0069322
  0.0118102   0.0149147           0  0.00845036
 0.00630544  -0.0069322 -0.00845036           0
Repeater1[0]<--->EndNode1[0]
REAL
   0.400513 7.08239e-05   0.0183443    0.172633
7.08239e-05    0.071887 -0.00337209   0.0238088
  0.0183443 -0.00337209    0.084724   0.0355971
   0.172633   0.0238088   0.0355971    0.442875
IMAGINARY
           0 -0.000378942   -0.0157854   -0.0153072
 0.000378942            0    0.0172229    0.0151764
   0.0157854   -0.0172229            0    0.0107322
   0.0153072   -0.0151764   -0.0107322            0
Repeater1[0]<--->HoM1[0]
REAL
   0.435897  0.00125811  0.00125428    0.155057
 0.00125811   0.0705128   0.0111541  -0.0251941
 0.00125428   0.0111541   0.0705128 -0.00878205
   0.155057  -0.0251941 -0.00878205    0.423077
IMAGINARY
          0  -0.0118102   0.0135009 -0.00630544
  0.0118102           0   0.0149147  0.00845036
 -0.0135009  -0.0149147           0   0.0069322
 0.00630544 -0.00845036  -0.0069322           0
EndNode1[0]<--->Repeater1[0]
REAL
   0.396252 -0.00591513    -0.02109    0.164216
-0.00591513   0.0508701  0.00245098 -0.00764567
   -0.02109  0.00245098    0.085676   0.0065537
   0.164216 -0.00764567   0.0065537    0.467202
IMAGINARY
           0   0.00822022  -0.00298282  -0.00985299
 -0.00822022            0 -0.000627898  -0.00236477
  0.00298282  0.000627898            0   0.00113807
  0.00985299   0.00236477  -0.00113807            0
EndNode2[0]<--->HoM1[0]
REAL
   0.418449  -0.0024072 -0.00956574    0.133461
 -0.0024072   0.0561497   0.0169873   0.0127668
-0.00956574   0.0169873   0.0721925   -0.026402
   0.133461   0.0127668   -0.026402    0.453209
IMAGINARY
          0  0.00615337  -0.0252126  0.00581728
-0.00615337           0  -0.0083946  -0.0101799
  0.0252126   0.0083946           0  0.00864714
-0.00581728   0.0101799 -0.00864714           0
Repeater1[0]<--->EndNode1[0]
REAL
   0.396252    -0.02109 -0.00591513    0.164216
   -0.02109    0.085676  0.00245098   0.0065537
-0.00591513  0.00245098   0.0508701 -0.00764567
   0.164216   0.0065537 -0.00764567    0.467202
IMAGINARY
           0  -0.00298282   0.00822022  -0.00985299
  0.00298282            0  0.000627898   0.00113807
 -0.00822022 -0.000627898            0  -0.00236477
  0.00985299  -0.00113807   0.00236477            0
Repeater1[0]<--->HoM1[0]
REAL
   0.418449 -0.00956574  -0.0024072    0.133461
-0.00956574   0.0721925   0.0169873   -0.026402
 -0.0024072   0.0169873   0.0561497   0.0127668
   0.133461   -0.026402   0.0127668    0.453209
IMAGINARY
          0  -0.0252126  0.00615337  0.00581728
  0.0252126           0   0.0083946  0.00864714
-0.00615337  -0.0083946           0  -0.0101799
-0.00581728 -0.00864714   0.0101799           0
EndNode1[0]<--->Repeater1[0]
REAL
   0.406991  -0.0116027 -0.00879344    0.154611
 -0.0116027   0.0799001 -0.00823841 -0.00286459
-0.00879344 -0.00823841   0.0586767  0.00642134
   0.154611 -0.00286459  0.00642134    0.454432
IMAGINARY
           0   -0.0217675  0.000392136    0.0109796
   0.0217675            0    0.0076771   0.00724145
-0.000392136   -0.0076771            0    0.0204952
  -0.0109796  -0.00724145   -0.0204952            0
EndNode2[0]<--->HoM1[0]
REAL
   0.433661  -0.0148022   0.0129898    0.160813
 -0.0148022   0.0933661  -0.0146589 -0.00273343
  0.0129898  -0.0146589   0.0614251 -0.00827475
   0.160813 -0.00273343 -0.00827475    0.411548
IMAGINARY
           0 -0.000907112   -0.0003908   0.00915594
 0.000907112            0    0.0111586   -0.0241375
   0.0003908   -0.0111586            0  -0.00475327
 -0.00915594    0.0241375   0.00475327            0
Repeater1[0]<--->EndNode1[0]
REAL
   0.406991 -0.00879344  -0.0116027    0.154611
-0.00879344   0.0586767 -0.00823841  0.00642134
 -0.0116027 -0.00823841   0.0799001 -0.00286459
   0.154611  0.00642134 -0.00286459    0.454432
IMAGINARY
           0  0.000392136   -0.0217675    0.0109796
-0.000392136            0   -0.0076771    0.0204952
   0.0217675    0.0076771            0   0.00724145
  -0.0109796   -0.0204952  -0.00724145            0
Repeater1[0]<--->HoM1[0]
REAL
   0.433661   0.0129898  -0.0148022    0.160813
  0.0129898   0.0614251  -0.0146589 -0.00827475
 -0.0148022  -0.0146589   0.0933661 -0.00273343
   0.160813 -0.00827475 -0.00273343    0.411548
IMAGINARY
           0   -0.0003908 -0.000907112   0.00915594
   0.0003908            0   -0.0111586  -0.00475327
 0.000907112    0.0111586            0   -0.0241375
 -0.00915594   0.00475327    0.0241375            0
EndNode1[0]<--->Repeater1[0]
REAL
    0.453104  -0.00223386 -0.000307503     0.149075
 -0.00223386    0.0713342  -0.00208816 -0.000307503
-0.000307503  -0.00208816    0.0845443   -0.0119113
    0.149075 -0.000307503   -0.0119113     0.391017
IMAGINARY
           0  -0.00546767  -0.00222864 -0.000838827
  0.00546767            0  -0.00214091  -0.00423131
  0.00222864   0.00214091            0  -0.00874421
 0.000838827   0.00423131   0.00874421            0
EndNode2[0]<--->HoM1[0]
REAL
  0.437892 0.00489908 0.00562626   0.156485
0.00489908  0.0890841 -0.0174544  0.0160574
0.00562626 -0.0174544  0.0690088   0.010407
  0.156485  0.0160574   0.010407   0.404015
IMAGINARY
          0  -0.0120798   0.0103634  -0.0259993
  0.0120798           0  -0.0140796 -0.00490885
 -0.0103634   0.0140796           0   0.0126859
  0.0259993  0.00490885  -0.0126859           0
Repeater1[0]<--->EndNode1[0]
REAL
    0.453104 -0.000307503  -0.00223386     0.149075
-0.000307503    0.0845443  -0.00208816   -0.0119113
 -0.00223386  -0.00208816    0.0713342 -0.000307503
    0.149075   -0.0119113 -0.000307503     0.391017
IMAGINARY
           0  -0.00222864  -0.00546767 -0.000838827
  0.00222864            0   0.00214091  -0.00874421
  0.00546767  -0.00214091            0  -0.00423131
 0.000838827   0.00874421   0.00423131            0
Repeater1[0]<--->HoM1[0]
REAL
  0.437892 0.00562626 0.00489908   0.156485
0.00562626  0.0690088 -0.0174544   0.010407
0.00489908 -0.0174544  0.0890841  0.0160574
  0.156485   0.010407  0.0160574   0.404015
IMAGINARY
          0   0.0103634  -0.0120798  -0.0259993
 -0.0103634           0   0.0140796   0.0126859
  0.0120798  -0.0140796           0 -0.00490885
  0.0259993  -0.0126859  0.00490885           0
EndNode1[0]<--->Repeater1[0]
REAL
   0.421981 -0.00549962  -0.0148544    0.154942
-0.00549962   0.0841248  0.00824306 -0.00472783
 -0.0148544  0.00824306    0.063772  0.00941607
   0.154942 -0.00472783  0.00941607    0.430122
IMAGINARY
           0   0.00176899    0.0104608 -0.000633714
 -0.00176899            0    0.0342205   -0.0263532
  -0.0104608   -0.0342205            0   -0.0139939
 0.000633714    0.0263532    0.0139939            0
EndNode2[0]<--->HoM1[0]
REAL
   0.432364  0.00676644   0.0109209    0.166335
 0.00676644   0.0707965  -0.0112964   0.0187949
  0.0109209  -0.0112964   0.0594185 -0.00418246
   0.166335   0.0187949 -0.00418246    0.437421
IMAGINARY
           0   -0.0137303    0.0197368   0.00693958
   0.0137303            0    0.0109396  -0.00131579
  -0.0197368   -0.0109396            0 -0.000743336
 -0.00693958   0.00131579  0.000743336            0
Repeater1[0]<--->EndNode1[0]
REAL
   0.421981  -0.0148544 -0.00549962    0.154942
 -0.0148544    0.063772  0.00824306  0.00941607
-0.00549962  0.00824306   0.0841248 -0.00472783
   0.154942  0.00941607 -0.00472783    0.430122
IMAGINARY
           0    0.0104608   0.00176899 -0.000633714
  -0.0104608            0   -0.0342205   -0.0139939
 -0.00176899    0.0342205            0   -0.0263532
 0.000633714    0.0139939    0.0263532            0
Repeater1[0]<--->HoM1[0]
REAL
   0.432364   0.0109209  0.00676644    0.166335
  0.0109209   0.0594185  -0.0112964 -0.00418246
 0.00676644  -0.0112964   0.0707965   0.0187949
   0.166335 -0.00418246   0.0187949    0.437421
IMAGINARY
           0    0.0197368   -0.0137303   0.00693958
  -0.0197368            0   -0.0109396 -0.000743336
   0.0137303    0.0109396            0  -0.00131579
 -0.00693958  0.000743336   0.00131579            0
EndNode1[0]<--->Repeater1[0]
REAL
    0.390947   -0.0126536  -0.00532699     0.150079
  -0.0126536    0.0699588   0.00487703   0.00344494
 -0.00532699   0.00487703    0.0877915 -0.000520791
    0.150079   0.00344494 -0.000520791     0.451303
IMAGINARY
           0   -0.0100157    -0.018542 -0.000642554
   0.0100157            0   0.00124424    0.0134915
    0.018542  -0.00124424            0  -0.00387319
 0.000642554   -0.0134915   0.00387319            0
EndNode2[0]<--->HoM1[0]
REAL
   0.425065  -0.0129206  0.00533381    0.155555
 -0.0129206   0.0762274   0.0272701  -0.0274945
 0.00533381   0.0272701   0.0775194 0.000455211
   0.155555  -0.0274945 0.000455211    0.421189
IMAGINARY
          0   0.0133725  -0.0124051   0.0104171
 -0.0133725           0   -0.019508  0.00677302
  0.0124051    0.019508           0  0.00852988
 -0.0104171 -0.00677302 -0.00852988           0
Repeater1[0]<--->EndNode1[0]
REAL
    0.390947  -0.00532699   -0.0126536     0.150079
 -0.00532699    0.0877915   0.00487703 -0.000520791
  -0.0126536   0.00487703    0.0699588   0.00344494
    0.150079 -0.000520791   0.00344494     0.451303
IMAGINARY
           0    -0.018542   -0.0100157 -0.000642554
    0.018542            0  -0.00124424  -0.00387319
   0.0100157   0.00124424            0    0.0134915
 0.000642554   0.00387319   -0.0134915            0
Repeater1[0]<--->HoM1[0]
REAL
   0.425065  0.00533381  -0.0129206    0.155555
 0.00533381   0.0775194   0.0272701 0.000455211
 -0.0129206   0.0272701   0.0762274  -0.0274945
   0.155555 0.000455211  -0.0274945    0.421189
IMAGINARY
          0  -0.0124051   0.0133725   0.0104171
  0.0124051           0    0.019508  0.00852988
 -0.0133725   -0.019508           0  0.00677302
 -0.0104171 -0.00852988 -0.00677302           0
EndNode1[0]<--->Repeater1[0]
REAL
    0.405928    0.0390826  -0.00509429     0.154368
   0.0390826    0.0721649  -0.00375119    0.0223782
 -0.00509429  -0.00375119     0.068299 -0.000811006
    0.154368    0.0223782 -0.000811006     0.453608
IMAGINARY
          0 -0.00684369   0.0124659  0.00719707
 0.00684369           0  -0.0151126  0.00523859
 -0.0124659   0.0151126           0  -0.0303969
-0.00719707 -0.00523859   0.0303969           0
EndNode2[0]<--->HoM1[0]
REAL
   0.434954  0.00487028   0.0177996    0.144672
 0.00487028   0.0762155   0.0113789 -0.00951934
  0.0177996   0.0113789   0.0749014    -0.01952
   0.144672 -0.00951934    -0.01952    0.413929
IMAGINARY
          0  -0.0108116   0.0141245   0.0109487
  0.0108116           0 -0.00972317  -0.0062837
 -0.0141245  0.00972317           0 -0.00667936
 -0.0109487   0.0062837  0.00667936           0
Repeater1[0]<--->EndNode1[0]
REAL
    0.405928  -0.00509429    0.0390826     0.154368
 -0.00509429     0.068299  -0.00375119 -0.000811006
   0.0390826  -0.00375119    0.0721649    0.0223782
    0.154368 -0.000811006    0.0223782     0.453608
IMAGINARY
          0   0.0124659 -0.00684369  0.00719707
 -0.0124659           0   0.0151126  -0.0303969
 0.00684369  -0.0151126           0  0.00523859
-0.00719707   0.0303969 -0.00523859           0
Repeater1[0]<--->HoM1[0]
REAL
   0.434954   0.0177996  0.00487028    0.144672
  0.0177996   0.0749014   0.0113789    -0.01952
 0.00487028   0.0113789   0.0762155 -0.00951934
   0.144672    -0.01952 -0.00951934    0.413929
IMAGINARY
          0   0.0141245  -0.0108116   0.0109487
 -0.0141245           0  0.00972317 -0.00667936
  0.0108116 -0.00972317           0  -0.0062837
 -0.0109487  0.00667936   0.0062837           0
EndNode1[0]<--->Repeater1[0]
REAL
   0.463061  -0.0085681  0.00436121    0.159172
 -0.0085681   0.0659631 -0.00100916  -0.0158408
 0.00436121 -0.00100916   0.0527704 -0.00546251
   0.159172  -0.0158408 -0.00546251    0.418206
IMAGINARY
          0  0.00106461  -0.0141391   0.0316357
-0.00106461           0 -0.00594396 -0.00596469
  0.0141391  0.00594396           0  -0.0198714
 -0.0316357  0.00596469   0.0198714           0
EndNode2[0]<--->HoM1[0]
REAL
   0.456954   0.0191363 -0.00489282    0.146269
  0.0191363   0.0662252 -0.00707991  -0.0221342
-0.00489282 -0.00707991   0.0582781  -0.0177849
   0.146269  -0.0221342  -0.0177849    0.418543
IMAGINARY
          0  0.00825864   0.0151458   0.0129137
-0.00825864           0   0.0102821  0.00541821
 -0.0151458  -0.0102821           0  0.00760505
 -0.0129137 -0.00541821 -0.00760505           0
Repeater1[0]<--->EndNode1[0]
REAL
   0.463061  0.00436121  -0.0085681    0.159172
 0.00436121   0.0527704 -0.00100916 -0.00546251
 -0.0085681 -0.00100916   0.0659631  -0.0158408
   0.159172 -0.00546251  -0.0158408    0.418206
IMAGINARY
          0  -0.0141391  0.00106461   0.0316357
  0.0141391           0  0.00594396  -0.0198714
-0.00106461 -0.00594396           0 -0.00596469
 -0.0316357   0.0198714  0.00596469           0
Repeater1[0]<--->HoM1[0]
REAL
   0.456954 -0.00489282   0.0191363    0.146269
-0.00489282   0.0582781 -0.00707991  -0.0177849
  0.0191363 -0.00707991   0.0662252  -0.0221342
   0.146269  -0.0177849  -0.0221342    0.418543
IMAGINARY
          0   0.0151458  0.00825864   0.0129137
 -0.0151458           0  -0.0102821  0.00760505
-0.00825864   0.0102821           0  0.00541821
 -0.0129137 -0.00760505 -0.00541821           0
EndNode1[0]<--->Repeater1[0]
REAL
  0.441476  0.0255996  0.0159506   0.163532
 0.0255996   0.062341 -0.0155918 0.00839395
 0.0159506 -0.0155918  0.0648855 -0.0112425
  0.163532 0.00839395 -0.0112425   0.431298
IMAGINARY
          0  -0.0138593 -0.00354257  -0.0119974
  0.0138593           0   0.0119974 -0.00290073
 0.00354257  -0.0119974           0 -0.00418191
  0.0119974  0.00290073  0.00418191           0
EndNode2[0]<--->HoM1[0]
REAL
   0.458996  -0.0182755  -0.0169458    0.174474
 -0.0182755   0.0514076 -0.00481932 -0.00674175
 -0.0169458 -0.00481932   0.0832313  -0.0028513
   0.174474 -0.00674175  -0.0028513    0.406365
IMAGINARY
           0   0.00222367   -0.0238033  -0.00652296
 -0.00222367            0    0.0202046 -0.000186582
   0.0238033   -0.0202046            0 -0.000961044
  0.00652296  0.000186582  0.000961044            0
Repeater1[0]<--->EndNode1[0]
REAL
  0.441476  0.0159506  0.0255996   0.163532
 0.0159506  0.0648855 -0.0155918 -0.0112425
 0.0255996 -0.0155918   0.062341 0.00839395
  0.163532 -0.0112425 0.00839395   0.431298
IMAGINARY
          0 -0.00354257  -0.0138593  -0.0119974
 0.00354257           0  -0.0119974 -0.00418191
  0.0138593   0.0119974           0 -0.00290073
  0.0119974  0.00418191  0.00290073           0
Repeater1[0]<--->HoM1[0]
REAL
   0.458996  -0.0169458  -0.0182755    0.174474
 -0.0169458   0.0832313 -0.00481932  -0.0028513
 -0.0182755 -0.00481932   0.0514076 -0.00674175
   0.174474  -0.0028513 -0.00674175    0.406365
IMAGINARY
           0   -0.0238033   0.00222367  -0.00652296
   0.0238033            0   -0.0202046 -0.000961044
 -0.00222367    0.0202046            0 -0.000186582
  0.00652296  0.000961044  0.000186582            0
EndNode1[0]<--->Repeater1[0]
REAL
    0.44401 0.000135785  -0.0222278    0.151778
0.000135785   0.0716146   -0.029235 -0.00463984
 -0.0222278   -0.029235   0.0598958   0.0149363
   0.151778 -0.00463984   0.0149363    0.424479
IMAGINARY
          0  0.00421471   0.0113128   0.0214777
-0.00421471           0  0.00355437   0.0291936
 -0.0113128 -0.00355437           0 -0.00168306
 -0.0214777  -0.0291936  0.00168306           0
EndNode2[0]<--->HoM1[0]
REAL
    0.43083   0.0015233   -0.031948    0.125925
  0.0015233    0.057971  0.00941351 -0.00188662
  -0.031948  0.00941351   0.0645586  0.00348923
   0.125925 -0.00188662  0.00348923     0.44664
IMAGINARY
           0 -0.000861436    -0.006132   -0.0213391
 0.000861436            0   -0.0127816   -0.0105125
    0.006132    0.0127816            0    0.0175059
   0.0213391    0.0105125   -0.0175059            0
Repeater1[0]<--->EndNode1[0]
REAL
    0.44401  -0.0222278 0.000135785    0.151778
 -0.0222278   0.0598958   -0.029235   0.0149363
0.000135785   -0.029235   0.0716146 -0.00463984
   0.151778   0.0149363 -0.00463984    0.424479
IMAGINARY
          0   0.0113128  0.00421471   0.0214777
 -0.0113128           0 -0.00355437 -0.00168306
-0.00421471  0.00355437           0   0.0291936
 -0.0214777  0.00168306  -0.0291936           0
Repeater1[0]<--->HoM1[0]
REAL
    0.43083   -0.031948   0.0015233    0.125925
  -0.031948   0.0645586  0.00941351  0.00348923
  0.0015233  0.00941351    0.057971 -0.00188662
   0.125925  0.00348923 -0.00188662     0.44664
IMAGINARY
           0    -0.006132 -0.000861436   -0.0213391
    0.006132            0    0.0127816    0.0175059
 0.000861436   -0.0127816            0   -0.0105125
   0.0213391   -0.0175059    0.0105125            0
EndNode1[0]<--->Repeater1[0]
REAL
   0.419799 -0.00917484 -0.00924438    0.140237
-0.00917484   0.0714286   0.0166777   0.0212125
-0.00924438   0.0166777   0.0701754  0.00518548
   0.140237   0.0212125  0.00518548    0.438596
IMAGINARY
          0 -0.00349866 -0.00297238 -0.00122465
 0.00349866           0 -0.00880041   0.0100146
 0.00297238  0.00880041           0   0.0143821
 0.00122465  -0.0100146  -0.0143821           0
EndNode2[0]<--->HoM1[0]
REAL
   0.434517   0.0181153   0.0022323    0.151459
  0.0181153   0.0673195  -0.0160163   0.0116918
  0.0022323  -0.0160163   0.0783354 -0.00925453
   0.151459   0.0116918 -0.00925453    0.419829
IMAGINARY
          0 -0.00513522  0.00349136  0.00751893
 0.00513522           0  0.00208415   0.0122853
-0.00349136 -0.00208415           0 -0.00578711
-0.00751893  -0.0122853  0.00578711           0
Repeater1[0]<--->EndNode1[0]
REAL
   0.419799 -0.00924438 -0.00917484    0.140237
-0.00924438   0.0701754   0.0166777  0.00518548
-0.00917484   0.0166777   0.0714286   0.0212125
   0.140237  0.00518548   0.0212125    0.438596
IMAGINARY
          0 -0.00297238 -0.00349866 -0.00122465
 0.00297238           0  0.00880041   0.0143821
 0.00349866 -0.00880041           0   0.0100146
 0.00122465  -0.0143821  -0.0100146           0
Repeater1[0]<--->HoM1[0]
REAL
   0.434517   0.0022323   0.0181153    0.151459
  0.0022323   0.0783354  -0.0160163 -0.00925453
  0.0181153  -0.0160163   0.0673195   0.0116918
   0.151459 -0.00925453   0.0116918    0.419829
IMAGINARY
          0  0.00349136 -0.00513522  0.00751893
-0.00349136           0 -0.00208415 -0.00578711
 0.00513522  0.00208415           0   0.0122853
-0.00751893  0.00578711  -0.0122853           0
EndNode1[0]<--->Repeater1[0]
REAL
  0.439374  0.0178716 0.00731044    0.16218
 0.0178716  0.0691004  0.0135318  0.0177913
0.00731044  0.0135318   0.071708 -0.0158363
   0.16218  0.0177913 -0.0158363   0.419817
IMAGINARY
          0  -0.0218804  0.00583652 -0.00311404
  0.0218804           0    0.011886  0.00521999
-0.00583652   -0.011886           0  0.00345291
 0.00311404 -0.00521999 -0.00345291           0
EndNode2[0]<--->HoM1[0]
REAL
  0.412516 0.00117998  0.0023587   0.156405
0.00117998  0.0676884 -0.0190997 -0.0179027
 0.0023587 -0.0190997  0.0625798 -0.0115427
  0.156405 -0.0179027 -0.0115427   0.457216
IMAGINARY
          0  0.00444966   0.0128688   0.0175579
-0.00444966           0   0.0114187  -0.0179193
 -0.0128688  -0.0114187           0  -0.0183385
 -0.0175579   0.0179193   0.0183385           0
Repeater1[0]<--->EndNode1[0]
REAL
  0.439374 0.00731044  0.0178716    0.16218
0.00731044   0.071708  0.0135318 -0.0158363
 0.0178716  0.0135318  0.0691004  0.0177913
   0.16218 -0.0158363  0.0177913   0.419817
IMAGINARY
          0  0.00583652  -0.0218804 -0.00311404
-0.00583652           0   -0.011886  0.00345291
  0.0218804    0.011886           0  0.00521999
 0.00311404 -0.00345291 -0.00521999           0
Repeater1[0]<--->HoM1[0]
REAL
  0.412516  0.0023587 0.00117998   0.156405
 0.0023587  0.0625798 -0.0190997 -0.0115427
0.00117998 -0.0190997  0.0676884 -0.0179027
  0.156405 -0.0115427 -0.0179027   0.457216
IMAGINARY
          0   0.0128688  0.00444966   0.0175579
 -0.0128688           0  -0.0114187  -0.0183385
-0.00444966   0.0114187           0  -0.0179193
 -0.0175579   0.0183385   0.0179193           0
EndNode1[0]<--->Repeater1[0]
REAL
   0.452261   0.0196275  -0.0115974    0.168921
  0.0196275   0.0778894 -0.00769621    0.023162
 -0.0115974 -0.00769621   0.0703518 -0.00126019
   0.168921    0.023162 -0.00126019    0.399497
IMAGINARY
          0  -0.0151087  0.00328584  -0.0137858
  0.0151087           0  -0.0046474 -0.00701719
-0.00328584   0.0046474           0 -0.00354801
  0.0137858  0.00701719  0.00354801           0
EndNode2[0]<--->HoM1[0]
REAL
   0.43853 0.00565165 0.00962808   0.153799
0.00565165  0.0671736 -0.0202844 -0.0109905
0.00962808 -0.0202844  0.0697085 0.00252274
  0.153799 -0.0109905 0.00252274   0.424588
IMAGINARY
          0 -0.00696715  0.00313801  -0.0176533
 0.00696715           0   0.0214995 -0.00968251
-0.00313801  -0.0214995           0   0.0174384
  0.0176533  0.00968251  -0.0174384           0
Repeater1[0]<--->EndNode1[0]
REAL
   0.452261  -0.0115974   0.0196275    0.168921
 -0.0115974   0.0703518 -0.00769621 -0.00126019
  0.0196275 -0.00769621   0.0778894    0.023162
   0.168921 -0.00126019    0.023162    0.399497
IMAGINARY
          0  0.00328584  -0.0151087  -0.0137858
-0.00328584           0   0.0046474 -0.00354801
  0.0151087  -0.0046474           0 -0.00701719
  0.0137858  0.00354801  0.00701719           0
Repeater1[0]<--->HoM1[0]
REAL
   0.43853 0.00962808 0.00565165   0.153799
0.00962808  0.0697085 -0.0202844 0.00252274
0.00565165 -0.0202844  0.0671736 -0.0109905
  0.153799 0.00252274 -0.0109905   0.424588
IMAGINARY
          0  0.00313801 -0.00696715  -0.0176533
-0.00313801           0  -0.0214995   0.0174384
 0.00696715   0.0214995           0 -0.00968251
  0.0176533  -0.0174384  0.00968251           0
EndNode1[0]<--->Repeater1[0]
REAL
   0.409836  -0.0227056   -0.033752    0.154905
 -0.0227056   0.0587432  0.00830779 7.32909e-05
  -0.033752  0.00830779   0.0846995   0.0175243
   0.154905 7.32909e-05   0.0175243    0.446721
IMAGINARY
          0 -0.00421328 -0.00753004  -0.0107246
 0.00421328           0  0.00144082 -0.00163227
 0.00753004 -0.00144082           0 -0.00233122
  0.0107246  0.00163227  0.00233122           0
EndNode2[0]<--->HoM1[0]
REAL
  0.399746 0.00229104 0.00345902   0.138949
0.00229104  0.0685279 0.00629558 0.00682376
0.00345902 0.00629558  0.0748731 -0.0125738
  0.138949 0.00682376 -0.0125738   0.456853
IMAGINARY
          0  -0.0259907  0.00341686  0.00083896
  0.0259907           0  0.00480721    0.018792
-0.00341686 -0.00480721           0  0.00858375
-0.00083896   -0.018792 -0.00858375           0
Repeater1[0]<--->EndNode1[0]
REAL
   0.409836   -0.033752  -0.0227056    0.154905
  -0.033752   0.0846995  0.00830779   0.0175243
 -0.0227056  0.00830779   0.0587432 7.32909e-05
   0.154905   0.0175243 7.32909e-05    0.446721
IMAGINARY
          0 -0.00753004 -0.00421328  -0.0107246
 0.00753004           0 -0.00144082 -0.00233122
 0.00421328  0.00144082           0 -0.00163227
  0.0107246  0.00233122  0.00163227           0
Repeater1[0]<--->HoM1[0]
REAL
  0.399746 0.00345902 0.00229104   0.138949
0.00345902  0.0748731 0.00629558 -0.0125738
0.00229104 0.00629558  0.0685279 0.00682376
  0.138949 -0.0125738 0.00682376   0.456853
IMAGINARY
          0  0.00341686  -0.0259907  0.00083896
-0.00341686           0 -0.00480721  0.00858375
  0.0259907  0.00480721           0    0.018792
-0.00083896 -0.00858375   -0.018792           0
EndNode1[0]<--->Repeater1[0]
REAL
    0.394279   -0.0204684    0.0172224     0.165276
  -0.0204684    0.0771144    0.0027295 -0.000488785
   0.0172224    0.0027295    0.0845771  -0.00295866
    0.165276 -0.000488785  -0.00295866      0.44403
IMAGINARY
          0  0.00102713 -0.00771408  -0.0136125
-0.00102713           0 -0.00490603  0.00833213
 0.00771408  0.00490603           0  0.00947967
  0.0136125 -0.00833213 -0.00947967           0
EndNode2[0]<--->HoM1[0]
REAL
  0.440367   0.013028 0.00890948   0.167493
  0.013028  0.0891219 -0.0038805 -0.0167629
0.00890948 -0.0038805  0.0642202 0.00136994
  0.167493 -0.0167629 0.00136994   0.406291
IMAGINARY
           0   0.00122268 -0.000108119    0.0044018
 -0.00122268            0  -0.00811467   -0.0108033
 0.000108119   0.00811467            0  -0.00828302
  -0.0044018    0.0108033   0.00828302            0
Repeater1[0]<--->EndNode1[0]
REAL
    0.394279    0.0172224   -0.0204684     0.165276
   0.0172224    0.0845771    0.0027295  -0.00295866
  -0.0204684    0.0027295    0.0771144 -0.000488785
    0.165276  -0.00295866 -0.000488785      0.44403
IMAGINARY
          0 -0.00771408  0.00102713  -0.0136125
 0.00771408           0  0.00490603  0.00947967
-0.00102713 -0.00490603           0  0.00833213
  0.0136125 -0.00947967 -0.00833213           0
Repeater1[0]<--->HoM1[0]
REAL
  0.440367 0.00890948   0.013028   0.167493
0.00890948  0.0642202 -0.0038805 0.00136994
  0.013028 -0.0038805  0.0891219 -0.0167629
  0.167493 0.00136994 -0.0167629   0.406291
IMAGINARY
           0 -0.000108119   0.00122268    0.0044018
 0.000108119            0   0.00811467  -0.00828302
 -0.00122268  -0.00811467            0   -0.0108033
  -0.0044018   0.00828302    0.0108033            0
EndNode1[0]<--->Repeater1[0]
REAL
    0.393564  0.000522959 -0.000548175     0.147346
 0.000522959    0.0705446    0.0251536    0.0192982
-0.000548175    0.0251536    0.0816832     0.010727
    0.147346    0.0192982     0.010727     0.454208
IMAGINARY
          0   0.0411014  0.00172538  -0.0159065
 -0.0411014           0  -0.0165776  0.00421914
-0.00172538   0.0165776           0  -0.0179838
  0.0159065 -0.00421914   0.0179838           0
EndNode2[0]<--->HoM1[0]
REAL
    0.422836  0.000982167  -0.00262174     0.155489
 0.000982167    0.0652447  -0.00250863   -0.0232061
 -0.00262174  -0.00250863    0.0690088 -0.000319916
    0.155489   -0.0232061 -0.000319916     0.442911
IMAGINARY
          0    0.014399  0.00487646   0.0121697
  -0.014399           0  0.00449702  0.00487646
-0.00487646 -0.00449702           0  0.00575704
 -0.0121697 -0.00487646 -0.00575704           0
Repeater1[0]<--->EndNode1[0]
REAL
    0.393564 -0.000548175  0.000522959     0.147346
-0.000548175    0.0816832    0.0251536     0.010727
 0.000522959    0.0251536    0.0705446    0.0192982
    0.147346     0.010727    0.0192982     0.454208
IMAGINARY
          0  0.00172538   0.0411014  -0.0159065
-0.00172538           0   0.0165776  -0.0179838
 -0.0411014  -0.0165776           0  0.00421914
  0.0159065   0.0179838 -0.00421914           0
Repeater1[0]<--->HoM1[0]
REAL
    0.422836  -0.00262174  0.000982167     0.155489
 -0.00262174    0.0690088  -0.00250863 -0.000319916
 0.000982167  -0.00250863    0.0652447   -0.0232061
    0.155489 -0.000319916   -0.0232061     0.442911
IMAGINARY
          0  0.00487646    0.014399   0.0121697
-0.00487646           0 -0.00449702  0.00575704
  -0.014399  0.00449702           0  0.00487646
 -0.0121697 -0.00575704 -0.00487646           0
EndNode1[0]<--->Repeater1[0]
REAL
  0.431349  0.0014678  0.0100408   0.154136
 0.0014678  0.0680437  0.0121125 0.00940711
 0.0100408  0.0121125  0.0595383  0.0204895
  0.154136 0.00940711  0.0204895   0.441069
IMAGINARY
          0   -0.014144  -0.0139203  -0.0243962
   0.014144           0  0.00271601  -0.0022924
  0.0139203 -0.00271601           0  0.00960442
  0.0243962   0.0022924 -0.00960442           0
EndNode2[0]<--->HoM1[0]
REAL
   0.461538 -0.00499605   0.0114496    0.153202
-0.00499605   0.0580076    0.022295  0.00113321
  0.0114496    0.022295   0.0680958 -0.00758673
   0.153202  0.00113321 -0.00758673    0.412358
IMAGINARY
           0   -0.0165537 -0.000286255  -0.00505457
   0.0165537            0   -0.0112427  -0.00801515
 0.000286255    0.0112427            0  -0.00196483
  0.00505457   0.00801515   0.00196483            0
Repeater1[0]<--->EndNode1[0]
REAL
  0.431349  0.0100408  0.0014678   0.154136
 0.0100408  0.0595383  0.0121125  0.0204895
 0.0014678  0.0121125  0.0680437 0.00940711
  0.154136  0.0204895 0.00940711   0.441069
IMAGINARY
          0  -0.0139203   -0.014144  -0.0243962
  0.0139203           0 -0.00271601  0.00960442
   0.014144  0.00271601           0  -0.0022924
  0.0243962 -0.00960442   0.0022924           0
Repeater1[0]<--->HoM1[0]
REAL
   0.461538   0.0114496 -0.00499605    0.153202
  0.0114496   0.0680958    0.022295 -0.00758673
-0.00499605    0.022295   0.0580076  0.00113321
   0.153202 -0.00758673  0.00113321    0.412358
IMAGINARY
           0 -0.000286255   -0.0165537  -0.00505457
 0.000286255            0    0.0112427  -0.00196483
   0.0165537   -0.0112427            0  -0.00801515
  0.00505457   0.00196483   0.00801515            0
EndNode1[0]<--->Repeater1[0]
REAL
  0.435631 0.00280015 -0.0112236   0.153209
0.00280015  0.0702211   0.016367 0.00498915
-0.0112236   0.016367  0.0793238 -0.0202565
  0.153209 0.00498915 -0.0202565   0.414824
IMAGINARY
          0  0.00894274  0.00232203  -0.0153088
-0.00894274           0 -0.00782748   0.0121517
-0.00232203  0.00782748           0 -0.00236379
  0.0153088  -0.0121517  0.00236379           0
EndNode2[0]<--->HoM1[0]
REAL
   0.423457  0.00578423 -0.00489492    0.164511
 0.00578423   0.0851852  -0.0087953   0.0134363
-0.00489492  -0.0087953   0.0691358  -0.0051272
   0.164511   0.0134363  -0.0051272    0.422222
IMAGINARY
          0  0.00223394  0.00545418  0.00368545
-0.00223394           0  0.00628961 -0.00346215
-0.00545418 -0.00628961           0 -0.00953806
-0.00368545  0.00346215  0.00953806           0
Repeater1[0]<--->EndNode1[0]
REAL
  0.435631 -0.0112236 0.00280015   0.153209
-0.0112236  0.0793238   0.016367 -0.0202565
0.00280015   0.016367  0.0702211 0.00498915
  0.153209 -0.0202565 0.00498915   0.414824
IMAGINARY
          0  0.00232203  0.00894274  -0.0153088
-0.00232203           0  0.00782748 -0.00236379
-0.00894274 -0.00782748           0   0.0121517
  0.0153088  0.00236379  -0.0121517           0
Repeater1[0]<--->HoM1[0]
REAL
   0.423457 -0.00489492  0.00578423    0.164511
-0.00489492   0.0691358  -0.0087953  -0.0051272
 0.00578423  -0.0087953   0.0851852   0.0134363
   0.164511  -0.0051272   0.0134363    0.422222
IMAGINARY
          0  0.00545418  0.00223394  0.00368545
-0.00545418           0 -0.00628961 -0.00953806
-0.00223394  0.00628961           0 -0.00346215
-0.00368545  0.00953806  0.00346215           0
EndNode1[0]<--->Repeater1[0]
REAL
     0.44458    0.0141283 -0.000519234     0.142146
   0.0141283    0.0560292   0.00772435   -0.0149846
-0.000519234   0.00772435    0.0742996  -0.00766831
    0.142146   -0.0149846  -0.00766831     0.425091
IMAGINARY
          0 -0.00174863 -0.00252001  0.00496448
 0.00174863           0   0.0245244    0.011314
 0.00252001  -0.0245244           0  -0.0108142
-0.00496448   -0.011314   0.0108142           0
EndNode2[0]<--->HoM1[0]
REAL
   0.447165    0.011357  -0.0106762    0.162493
   0.011357    0.064433 -0.00158922 -0.00262167
 -0.0106762 -0.00158922   0.0579897 0.000611097
   0.162493 -0.00262167 0.000611097    0.430412
IMAGINARY
          0 -0.00648673 -0.00721375  0.00814014
 0.00648673           0  -0.0113911   0.0123817
 0.00721375   0.0113911           0   0.0142387
-0.00814014  -0.0123817  -0.0142387           0
Repeater1[0]<--->EndNode1[0]
REAL
     0.44458 -0.000519234    0.0141283     0.142146
-0.000519234    0.0742996   0.00772435  -0.00766831
   0.0141283   0.00772435    0.0560292   -0.0149846
    0.142146  -0.00766831   -0.0149846     0.425091
IMAGINARY
          0 -0.00252001 -0.00174863  0.00496448
 0.00252001           0  -0.0245244  -0.0108142
 0.00174863   0.0245244           0    0.011314
-0.00496448   0.0108142   -0.011314           0
Repeater1[0]<--->HoM1[0]
REAL
   0.447165  -0.0106762    0.011357    0.162493
 -0.0106762   0.0579897 -0.00158922 0.000611097
   0.011357 -0.00158922    0.064433 -0.00262167
   0.162493 0.000611097 -0.00262167    0.430412
IMAGINARY
          0 -0.00721375 -0.00648673  0.00814014
 0.00721375           0   0.0113911   0.0142387
 0.00648673  -0.0113911           0   0.0123817
-0.00814014  -0.0142387  -0.0123817           0
EndNode1[0]<--->Repeater1[0]
REAL
   0.411082  -0.0137164  0.00544316    0.123642
 -0.0137164    0.060567   0.0244625   -0.006628
 0.00544316   0.0244625   0.0708763 -0.00761059
   0.123642   -0.006628 -0.00761059    0.457474
IMAGINARY
          0 -0.00521317 -0.00339483   0.0091697
 0.00521317           0  -0.0163405 -0.00276112
 0.00339483   0.0163405           0   0.0017932
 -0.0091697  0.00276112  -0.0017932           0
EndNode2[0]<--->HoM1[0]
REAL
    0.437853   0.00362386    0.0206793     0.136598
  0.00362386    0.0677966 -0.000707466    0.0293857
   0.0206793 -0.000707466    0.0677966   0.00482868
    0.136598    0.0293857   0.00482868     0.426554
IMAGINARY
           0    0.0124515    0.0174524  0.000857306
  -0.0124515            0   0.00776338    0.0136356
  -0.0174524  -0.00776338            0  0.000501841
-0.000857306   -0.0136356 -0.000501841            0
Repeater1[0]<--->EndNode1[0]
REAL
   0.411082  0.00544316  -0.0137164    0.123642
 0.00544316   0.0708763   0.0244625 -0.00761059
 -0.0137164   0.0244625    0.060567   -0.006628
   0.123642 -0.00761059   -0.006628    0.457474
IMAGINARY
          0 -0.00339483 -0.00521317   0.0091697
 0.00339483           0   0.0163405   0.0017932
 0.00521317  -0.0163405           0 -0.00276112
 -0.0091697  -0.0017932  0.00276112           0
Repeater1[0]<--->HoM1[0]
REAL
    0.437853    0.0206793   0.00362386     0.136598
   0.0206793    0.0677966 -0.000707466   0.00482868
  0.00362386 -0.000707466    0.0677966    0.0293857
    0.136598   0.00482868    0.0293857     0.426554
IMAGINARY
           0    0.0174524    0.0124515  0.000857306
  -0.0174524            0  -0.00776338  0.000501841
  -0.0124515   0.00776338            0    0.0136356
-0.000857306 -0.000501841   -0.0136356            0
EndNode1[0]<--->Repeater1[0]
REAL
   0.416771  0.00640568 -0.00398323    0.155518
 0.00640568   0.0813517  0.00162458  -0.0130236
-0.00398323  0.00162458    0.068836 -0.00980704
   0.155518  -0.0130236 -0.00980704    0.433041
IMAGINARY
           0   0.00805764  -0.00867262   0.00210059
 -0.00805764            0    0.0176446 -0.000598085
  0.00867262   -0.0176446            0  -0.00125913
 -0.00210059  0.000598085   0.00125913            0
EndNode2[0]<--->HoM1[0]
REAL
   0.420026  -0.0110304  0.00266292    0.166456
 -0.0110304   0.0611183 0.000210704 -0.00808297
 0.00266292 0.000210704   0.0884265  0.00832039
   0.166456 -0.00808297  0.00832039    0.430429
IMAGINARY
           0    0.0144669   -0.0135053   0.00517515
  -0.0144669            0  -0.00457778  0.000230964
   0.0135053   0.00457778            0   -0.0113063
 -0.00517515 -0.000230964    0.0113063            0
Repeater1[0]<--->EndNode1[0]
REAL
   0.416771 -0.00398323  0.00640568    0.155518
-0.00398323    0.068836  0.00162458 -0.00980704
 0.00640568  0.00162458   0.0813517  -0.0130236
   0.155518 -0.00980704  -0.0130236    0.433041
IMAGINARY
           0  -0.00867262   0.00805764   0.00210059
  0.00867262            0   -0.0176446  -0.00125913
 -0.00805764    0.0176446            0 -0.000598085
 -0.00210059   0.00125913  0.000598085            0
Repeater1[0]<--->HoM1[0]
REAL
   0.420026  0.00266292  -0.0110304    0.166456
 0.00266292   0.0884265 0.000210704  0.00832039
 -0.0110304 0.000210704   0.0611183 -0.00808297
   0.166456  0.00832039 -0.00808297    0.430429
IMAGINARY
           0   -0.0135053    0.0144669   0.00517515
   0.0135053            0   0.00457778   -0.0113063
  -0.0144669  -0.00457778            0  0.000230964
 -0.00517515    0.0113063 -0.000230964            0
EndNode1[0]<--->Repeater1[0]
REAL
   0.391463   0.0134098 -0.00922191    0.140804
  0.0134098   0.0719512 0.000751465  0.00618425
-0.00922191 0.000751465   0.0804878    0.011499
   0.140804  0.00618425    0.011499    0.456098
IMAGINARY
          0  0.00114403   0.0292565   -0.004845
-0.00114403           0  -0.0101926  -0.0200942
 -0.0292565   0.0101926           0  -0.0168508
   0.004845   0.0200942   0.0168508           0
EndNode2[0]<--->HoM1[0]
REAL
   0.423773  -0.0041146 -0.00294118    0.158275
 -0.0041146   0.0749354  -0.0112164  0.00294118
-0.00294118  -0.0112164   0.0710594  -0.0105913
   0.158275  0.00294118  -0.0105913    0.430233
IMAGINARY
         0 -0.0100304 -0.0123601 -0.0257595
 0.0100304          0 -0.0111098  0.0236595
 0.0123601  0.0111098          0 -0.0125685
 0.0257595 -0.0236595  0.0125685          0
Repeater1[0]<--->EndNode1[0]
REAL
   0.391463 -0.00922191   0.0134098    0.140804
-0.00922191   0.0804878 0.000751465    0.011499
  0.0134098 0.000751465   0.0719512  0.00618425
   0.140804    0.011499  0.00618425    0.456098
IMAGINARY
          0   0.0292565  0.00114403   -0.004845
 -0.0292565           0   0.0101926  -0.0168508
-0.00114403  -0.0101926           0  -0.0200942
   0.004845   0.0168508   0.0200942           0
Repeater1[0]<--->HoM1[0]
REAL
   0.423773 -0.00294118  -0.0041146    0.158275
-0.00294118   0.0710594  -0.0112164  -0.0105913
 -0.0041146  -0.0112164   0.0749354  0.00294118
   0.158275  -0.0105913  0.00294118    0.430233
IMAGINARY
         0 -0.0123601 -0.0100304 -0.0257595
 0.0123601          0  0.0111098 -0.0125685
 0.0100304 -0.0111098          0  0.0236595
 0.0257595  0.0125685 -0.0236595          0
EndNode1[0]<--->Repeater1[0]
REAL
   0.427083  0.00777021  0.00473118    0.183346
 0.00777021   0.0755208   0.0132828 -0.00660384
 0.00473118   0.0132828   0.0742188  -0.0108913
   0.183346 -0.00660384  -0.0108913    0.423177
IMAGINARY
          0 -0.00367422  -0.0111489  0.00246041
 0.00367422           0  0.00433307 -0.00987017
  0.0111489 -0.00433307           0  0.00558504
-0.00246041  0.00987017 -0.00558504           0
EndNode2[0]<--->HoM1[0]
REAL
    0.43433  0.00189461 -0.00109469    0.158139
 0.00189461   0.0676203 -0.00552083 -0.00848385
-0.00109469 -0.00552083   0.0715215  -0.0063646
   0.158139 -0.00848385  -0.0063646    0.426528
IMAGINARY
           0  -0.00321504   -0.0105697   0.00293008
  0.00321504            0   -0.0140412    0.0183017
   0.0105697    0.0140412            0 -0.000650938
 -0.00293008   -0.0183017  0.000650938            0
Repeater1[0]<--->EndNode1[0]
REAL
   0.427083  0.00473118  0.00777021    0.183346
 0.00473118   0.0742188   0.0132828  -0.0108913
 0.00777021   0.0132828   0.0755208 -0.00660384
   0.183346  -0.0108913 -0.00660384    0.423177
IMAGINARY
          0  -0.0111489 -0.00367422  0.00246041
  0.0111489           0 -0.00433307  0.00558504
 0.00367422  0.00433307           0 -0.00987017
-0.00246041 -0.00558504  0.00987017           0
Repeater1[0]<--->HoM1[0]
REAL
    0.43433 -0.00109469  0.00189461    0.158139
-0.00109469   0.0715215 -0.00552083  -0.0063646
 0.00189461 -0.00552083   0.0676203 -0.00848385
   0.158139  -0.0063646 -0.00848385    0.426528
IMAGINARY
           0   -0.0105697  -0.00321504   0.00293008
   0.0105697            0    0.0140412 -0.000650938
  0.00321504   -0.0140412            0    0.0183017
 -0.00293008  0.000650938   -0.0183017            0
EndNode1[0]<--->Repeater1[0]
REAL
   0.419437  0.00986497  -0.0151676    0.173398
 0.00986497   0.0869565   0.0103411  0.00684496
 -0.0151676   0.0103411   0.0677749 -0.00666395
   0.173398  0.00684496 -0.00666395    0.425831
IMAGINARY
          0   0.0123636  0.00626393  0.00164403
 -0.0123636           0  -0.0148849  -0.0273229
-0.00626393   0.0148849           0   0.0207291
-0.00164403   0.0273229  -0.0207291           0
EndNode2[0]<--->HoM1[0]
REAL
   0.432911 -0.00354285  0.00328723    0.165406
-0.00354285    0.064557     0.01219 -0.00192111
 0.00328723     0.01219   0.0696203   0.0185702
   0.165406 -0.00192111   0.0185702    0.432911
IMAGINARY
          0 -0.00529618   0.0195899   0.0133173
 0.00529618           0  0.00368954  -0.0151762
 -0.0195899 -0.00368954           0   0.0147539
 -0.0133173   0.0151762  -0.0147539           0
Repeater1[0]<--->EndNode1[0]
REAL
   0.419437  -0.0151676  0.00986497    0.173398
 -0.0151676   0.0677749   0.0103411 -0.00666395
 0.00986497   0.0103411   0.0869565  0.00684496
   0.173398 -0.00666395  0.00684496    0.425831
IMAGINARY
          0  0.00626393   0.0123636  0.00164403
-0.00626393           0   0.0148849   0.0207291
 -0.0123636  -0.0148849           0  -0.0273229
-0.00164403  -0.0207291   0.0273229           0
Repeater1[0]<--->HoM1[0]
REAL
   0.432911  0.00328723 -0.00354285    0.165406
 0.00328723   0.0696203     0.01219   0.0185702
-0.00354285     0.01219    0.064557 -0.00192111
   0.165406   0.0185702 -0.00192111    0.432911
IMAGINARY
          0   0.0195899 -0.00529618   0.0133173
 -0.0195899           0 -0.00368954   0.0147539
 0.00529618  0.00368954           0  -0.0151762
 -0.0133173  -0.0147539   0.0151762           0
EndNode1[0]<--->Repeater1[0]
REAL
   0.442581  -0.0155907 0.000188953    0.146855
 -0.0155907   0.0670968 -0.00935458   -0.011439
0.000188953 -0.00935458   0.0670968   0.0118407
   0.146855   -0.011439   0.0118407    0.423226
IMAGINARY
          0  0.00834163  -0.0140359  0.00294889
-0.00834163           0  0.00294889  0.00292477
  0.0140359 -0.00294889           0   0.0197629
-0.00294889 -0.00292477  -0.0197629           0
EndNode2[0]<--->HoM1[0]
REAL
   0.430675 -0.00128211  0.00545581    0.150451
-0.00128211   0.0613497  -0.0149132 -0.00999537
 0.00545581  -0.0149132   0.0920245   0.0006336
   0.150451 -0.00999537   0.0006336    0.415951
IMAGINARY
           0  -0.00827753  -0.00525414  5.52543e-05
  0.00827753            0  -0.00271483   -0.0077667
  0.00525414   0.00271483            0   0.00957961
-5.52543e-05    0.0077667  -0.00957961            0
Repeater1[0]<--->EndNode1[0]
REAL
   0.442581 0.000188953  -0.0155907    0.146855
0.000188953   0.0670968 -0.00935458   0.0118407
 -0.0155907 -0.00935458   0.0670968   -0.011439
   0.146855   0.0118407   -0.011439    0.423226
IMAGINARY
          0  -0.0140359  0.00834163  0.00294889
  0.0140359           0 -0.00294889   0.0197629
-0.00834163  0.00294889           0  0.00292477
-0.00294889  -0.0197629 -0.00292477           0
Repeater1[0]<--->HoM1[0]
REAL
   0.430675  0.00545581 -0.00128211    0.150451
 0.00545581   0.0920245  -0.0149132   0.0006336
-0.00128211  -0.0149132   0.0613497 -0.00999537
   0.150451   0.0006336 -0.00999537    0.415951
IMAGINARY
           0  -0.00525414  -0.00827753  5.52543e-05
  0.00525414            0   0.00271483   0.00957961
  0.00827753  -0.00271483            0   -0.0077667
-5.52543e-05  -0.00957961    0.0077667            0
EndNode1[0]<--->Repeater1[0]
REAL
   0.405868 -0.00813773  -0.0174989    0.146047
-0.00813773   0.0929095  0.00849828 -0.00457901
 -0.0174989  0.00849828   0.0867971 -0.00355058
   0.146047 -0.00457901 -0.00355058    0.414425
IMAGINARY
          0   0.0108082  -0.0176741   0.0178775
 -0.0108082           0  0.00640648 -0.00905341
  0.0176741 -0.00640648           0  0.00548906
 -0.0178775  0.00905341 -0.00548906           0
EndNode2[0]<--->HoM1[0]
REAL
    0.463087    0.0121327   -0.0161693     0.153553
   0.0121327     0.061745 -9.67324e-06   0.00173356
  -0.0161693 -9.67324e-06    0.0630872   0.00230304
    0.153553   0.00173356   0.00230304     0.412081
IMAGINARY
           0 -0.000724624    -0.012149   -0.0140811
 0.000724624            0    0.0191701   0.00477804
    0.012149   -0.0191701            0   0.00318163
   0.0140811  -0.00477804  -0.00318163            0
Repeater1[0]<--->EndNode1[0]
REAL
   0.405868  -0.0174989 -0.00813773    0.146047
 -0.0174989   0.0867971  0.00849828 -0.00355058
-0.00813773  0.00849828   0.0929095 -0.00457901
   0.146047 -0.00355058 -0.00457901    0.414425
IMAGINARY
          0  -0.0176741   0.0108082   0.0178775
  0.0176741           0 -0.00640648  0.00548906
 -0.0108082  0.00640648           0 -0.00905341
 -0.0178775 -0.00548906  0.00905341           0
Repeater1[0]<--->HoM1[0]
REAL
    0.463087   -0.0161693    0.0121327     0.153553
  -0.0161693    0.0630872 -9.67324e-06   0.00230304
   0.0121327 -9.67324e-06     0.061745   0.00173356
    0.153553   0.00230304   0.00173356     0.412081
IMAGINARY
           0    -0.012149 -0.000724624   -0.0140811
    0.012149            0   -0.0191701   0.00318163
 0.000724624    0.0191701            0   0.00477804
   0.0140811  -0.00318163  -0.00477804            0
EndNode1[0]<--->Repeater1[0]
REAL
   0.442092  -0.0182709 0.000325028    0.141095
 -0.0182709   0.0784558   0.0144458  0.00968832
0.000325028   0.0144458   0.0797011 -0.00642875
   0.141095  0.00968832 -0.00642875    0.399751
IMAGINARY
          0  0.00396825   -0.016218    0.014066
-0.00396825           0  0.00843398  0.00962174
   0.016218 -0.00843398           0 -0.00396825
  -0.014066 -0.00962174  0.00396825           0
EndNode2[0]<--->HoM1[0]
REAL
   0.423387 -0.00517985  0.00665639    0.144413
-0.00517985   0.0645161  -0.0118371 -0.00791902
 0.00665639  -0.0118371   0.0860215  -0.0124969
   0.144413 -0.00791902  -0.0124969    0.426075
IMAGINARY
           0  -0.00345209  -0.00139674    0.0182483
  0.00345209            0  0.000585246  -0.00539674
  0.00139674 -0.000585246            0    0.0224738
  -0.0182483   0.00539674   -0.0224738            0
Repeater1[0]<--->EndNode1[0]
REAL
   0.442092 0.000325028  -0.0182709    0.141095
0.000325028   0.0797011   0.0144458 -0.00642875
 -0.0182709   0.0144458   0.0784558  0.00968832
   0.141095 -0.00642875  0.00968832    0.399751
IMAGINARY
          0   -0.016218  0.00396825    0.014066
   0.016218           0 -0.00843398 -0.00396825
-0.00396825  0.00843398           0  0.00962174
  -0.014066  0.00396825 -0.00962174           0
Repeater1[0]<--->HoM1[0]
REAL
   0.423387  0.00665639 -0.00517985    0.144413
 0.00665639   0.0860215  -0.0118371  -0.0124969
-0.00517985  -0.0118371   0.0645161 -0.00791902
   0.144413  -0.0124969 -0.00791902    0.426075
IMAGINARY
           0  -0.00139674  -0.00345209    0.0182483
  0.00139674            0 -0.000585246    0.0224738
  0.00345209  0.000585246            0  -0.00539674
  -0.0182483   -0.0224738   0.00539674            0
EndNode1[0]<--->Repeater1[0]
REAL
   0.454667 -0.00514964 -0.00522564    0.146874
-0.00514964   0.0626667  -0.0112147  -0.0141542
-0.00522564  -0.0112147        0.06  0.00902561
   0.146874  -0.0141542  0.00902561    0.422667
IMAGINARY
           0  0.000608273    0.0116791   0.00511392
-0.000608273            0    0.0083649 -0.000649678
  -0.0116791   -0.0083649            0 -0.000608273
 -0.00511392  0.000649678  0.000608273            0
EndNode2[0]<--->HoM1[0]
REAL
   0.406291    0.012713   0.0161978    0.151883
   0.012713   0.0707733   0.0256203    0.013061
  0.0161978   0.0256203   0.0707733 0.000941051
   0.151883    0.013061 0.000941051    0.452163
IMAGINARY
           0   0.00251554 -0.000719403   0.00847917
 -0.00251554            0  -0.00714583   0.00703253
 0.000719403   0.00714583            0   0.00379759
 -0.00847917  -0.00703253  -0.00379759            0
Repeater1[0]<--->EndNode1[0]
REAL
   0.454667 -0.00522564 -0.00514964    0.146874
-0.00522564        0.06  -0.0112147  0.00902561
-0.00514964  -0.0112147   0.0626667  -0.0141542
   0.146874  0.00902561  -0.0141542    0.422667
IMAGINARY
           0    0.0116791  0.000608273   0.00511392
  -0.0116791            0   -0.0083649 -0.000608273
-0.000608273    0.0083649            0 -0.000649678
 -0.00511392  0.000608273  0.000649678            0
Repeater1[0]<--->HoM1[0]
REAL
   0.406291   0.0161978    0.012713    0.151883
  0.0161978   0.0707733   0.0256203 0.000941051
   0.012713   0.0256203   0.0707733    0.013061
   0.151883 0.000941051    0.013061    0.452163
IMAGINARY
           0 -0.000719403   0.00251554   0.00847917
 0.000719403            0   0.00714583   0.00379759
 -0.00251554  -0.00714583            0   0.00703253
 -0.00847917  -0.00379759  -0.00703253            0
EndNode1[0]<--->Repeater1[0]
REAL
   0.379085   0.0126929 -0.00591871    0.139868
  0.0126929   0.0941176  -0.0225843   0.0170298
-0.00591871  -0.0225843   0.0666667 -0.00898915
   0.139868   0.0170298 -0.00898915    0.460131
IMAGINARY
           0   0.00755125  -0.00849777    0.0186845
 -0.00755125            0  0.000399488   0.00280877
  0.00849777 -0.000399488            0    0.0120442
  -0.0186845  -0.00280877   -0.0120442            0
EndNode2[0]<--->HoM1[0]
REAL
  0.421182   0.001539     0.0167   0.160167
  0.001539  0.0517241 -0.0158375  0.0064959
    0.0167 -0.0158375  0.0578818  0.0139249
  0.160167  0.0064959  0.0139249   0.469212
IMAGINARY
          0 -0.00433085   0.0132858  -0.0124243
 0.00433085           0   0.0169875   0.0153378
 -0.0132858  -0.0169875           0  0.00493986
  0.0124243  -0.0153378 -0.00493986           0
Repeater1[0]<--->EndNode1[0]
REAL
   0.379085 -0.00591871   0.0126929    0.139868
-0.00591871   0.0666667  -0.0225843 -0.00898915
  0.0126929  -0.0225843   0.0941176   0.0170298
   0.139868 -0.00898915   0.0170298    0.460131
IMAGINARY
           0  -0.00849777   0.00755125    0.0186845
  0.00849777            0 -0.000399488    0.0120442
 -0.00755125  0.000399488            0   0.00280877
  -0.0186845   -0.0120442  -0.00280877            0
Repeater1[0]<--->HoM1[0]
REAL
  0.421182     0.0167   0.001539   0.160167
    0.0167  0.0578818 -0.0158375  0.0139249
  0.001539 -0.0158375  0.0517241  0.0064959
  0.160167  0.0139249  0.0064959   0.469212
IMAGINARY
          0   0.0132858 -0.00433085  -0.0124243
 -0.0132858           0  -0.0169875  0.00493986
 0.00433085   0.0169875           0   0.0153378
  0.0124243 -0.00493986  -0.0153378           0
EndNode1[0]<--->Repeater1[0]
REAL
   0.428184   0.0167823   0.0251465    0.136061
  0.0167823   0.0569106  0.00414362 -0.00273935
  0.0251465  0.00414362   0.0704607  0.00434447
   0.136061 -0.00273935  0.00434447    0.444444
IMAGINARY
          0   0.0211918  -0.0115217  0.00570421
 -0.0211918           0 -0.00202774 -0.00199183
  0.0115217  0.00202774           0  0.00519176
-0.00570421  0.00199183 -0.00519176           0
EndNode2[0]<--->HoM1[0]
REAL
   0.405685 -0.00535461  0.00147976    0.153686
-0.00535461   0.0813953 -0.00792985  -0.0119349
 0.00147976 -0.00792985   0.0826873   0.0047396
   0.153686  -0.0119349   0.0047396    0.430233
IMAGINARY
          0  0.00157629 -0.00850737 -0.00889208
-0.00157629           0  0.00372412    0.019871
 0.00850737 -0.00372412           0  0.00473684
 0.00889208   -0.019871 -0.00473684           0
Repeater1[0]<--->EndNode1[0]
REAL
   0.428184   0.0251465   0.0167823    0.136061
  0.0251465   0.0704607  0.00414362  0.00434447
  0.0167823  0.00414362   0.0569106 -0.00273935
   0.136061  0.00434447 -0.00273935    0.444444
IMAGINARY
          0  -0.0115217   0.0211918  0.00570421
  0.0115217           0  0.00202774  0.00519176
 -0.0211918 -0.00202774           0 -0.00199183
-0.00570421 -0.00519176  0.00199183           0
Repeater1[0]<--->HoM1[0]
REAL
   0.405685  0.00147976 -0.00535461    0.153686
 0.00147976   0.0826873 -0.00792985   0.0047396
-0.00535461 -0.00792985   0.0813953  -0.0119349
   0.153686   0.0047396  -0.0119349    0.430233
IMAGINARY
          0 -0.00850737  0.00157629 -0.00889208
 0.00850737           0 -0.00372412  0.00473684
-0.00157629  0.00372412           0    0.019871
 0.00889208 -0.00473684   -0.019871           0
EndNode1[0]<--->Repeater1[0]
REAL
   0.435006 -0.00289999  -0.0142764      0.1592
-0.00289999   0.0656371    0.014957   0.0248881
 -0.0142764    0.014957   0.0707851  0.00477265
     0.1592   0.0248881  0.00477265    0.428571
IMAGINARY
          0  0.00159213 -0.00482629  -0.0113442
-0.00159213           0   0.0029787   0.0028858
 0.00482629  -0.0029787           0 -0.00611995
  0.0113442  -0.0028858  0.00611995           0
EndNode2[0]<--->HoM1[0]
REAL
   0.426471   0.0263191  0.00975179    0.144789
  0.0263191   0.0721925  0.00738467   0.0159399
 0.00975179  0.00738467   0.0681818 -0.00589744
   0.144789   0.0159399 -0.00589744    0.433155
IMAGINARY
          0  -0.0101781  0.00363845   0.0270894
  0.0101781           0  -0.0150793   0.0205346
-0.00363845   0.0150793           0 -0.00763359
 -0.0270894  -0.0205346  0.00763359           0
Repeater1[0]<--->EndNode1[0]
REAL
   0.435006  -0.0142764 -0.00289999      0.1592
 -0.0142764   0.0707851    0.014957  0.00477265
-0.00289999    0.014957   0.0656371   0.0248881
     0.1592  0.00477265   0.0248881    0.428571
IMAGINARY
          0 -0.00482629  0.00159213  -0.0113442
 0.00482629           0  -0.0029787 -0.00611995
-0.00159213   0.0029787           0   0.0028858
  0.0113442  0.00611995  -0.0028858           0
Repeater1[0]<--->HoM1[0]
REAL
   0.426471  0.00975179   0.0263191    0.144789
 0.00975179   0.0681818  0.00738467 -0.00589744
  0.0263191  0.00738467   0.0721925   0.0159399
   0.144789 -0.00589744   0.0159399    0.433155
IMAGINARY
          0  0.00363845  -0.0101781   0.0270894
-0.00363845           0   0.0150793 -0.00763359
  0.0101781  -0.0150793           0   0.0205346
 -0.0270894  0.00763359  -0.0205346           0
EndNode1[0]<--->Repeater1[0]
REAL
   0.409589 -0.00268251  0.00411019    0.142175
-0.00268251   0.0767123 -0.00261227 -0.00532378
 0.00411019 -0.00261227   0.0643836   0.0051097
   0.142175 -0.00532378   0.0051097    0.449315
IMAGINARY
           0    0.0120944    0.0157558   0.00732915
  -0.0120944            0  -0.00247478  0.000331676
  -0.0157558   0.00247478            0  -0.00501588
 -0.00732915 -0.000331676   0.00501588            0
EndNode2[0]<--->HoM1[0]
REAL
   0.402831   0.0190614   0.0148486     0.15217
  0.0190614   0.0772201 -0.00671501  0.00593063
  0.0148486 -0.00671501   0.0772201  0.00561395
    0.15217  0.00593063  0.00561395    0.442728
IMAGINARY
          0  -0.0168151  0.00558079   0.0165755
  0.0168151           0 -0.00807688   0.0274931
-0.00558079  0.00807688           0   0.0187606
 -0.0165755  -0.0274931  -0.0187606           0
Repeater1[0]<--->EndNode1[0]
REAL
   0.409589  0.00411019 -0.00268251    0.142175
 0.00411019   0.0643836 -0.00261227   0.0051097
-0.00268251 -0.00261227   0.0767123 -0.00532378
   0.142175   0.0051097 -0.00532378    0.449315
IMAGINARY
           0    0.0157558    0.0120944   0.00732915
  -0.0157558            0   0.00247478  -0.00501588
  -0.0120944  -0.00247478            0  0.000331676
 -0.00732915   0.00501588 -0.000331676            0
Repeater1[0]<--->HoM1[0]
REAL
   0.402831   0.0148486   0.0190614     0.15217
  0.0148486   0.0772201 -0.00671501  0.00561395
  0.0190614 -0.00671501   0.0772201  0.00593063
    0.15217  0.00561395  0.00593063    0.442728
IMAGINARY
          0  0.00558079  -0.0168151   0.0165755
-0.00558079           0  0.00807688   0.0187606
  0.0168151 -0.00807688           0   0.0274931
 -0.0165755  -0.0187606  -0.0274931           0
EndNode1[0]<--->Repeater1[0]
REAL
   0.418043 -0.00363276  0.00356807    0.151587
-0.00363276   0.0635324   0.0274087 -0.00158657
 0.00356807   0.0274087   0.0762389 -0.00363276
   0.151587 -0.00158657 -0.00363276    0.442186
IMAGINARY
           0    0.0163739    -0.017586  0.000430059
  -0.0163739            0   0.00820208    0.0116728
    0.017586  -0.00820208            0  -0.00520439
-0.000430059   -0.0116728   0.00520439            0
EndNode2[0]<--->HoM1[0]
REAL
  0.391528 -0.0211436 0.00207176   0.161583
-0.0211436  0.0834403 -0.0319037 -0.0127669
0.00207176 -0.0319037  0.0885751 -0.0096051
  0.161583 -0.0127669 -0.0096051   0.436457
IMAGINARY
           0 -0.000161341   0.00775818     0.013457
 0.000161341            0   -0.0205355    0.0184232
 -0.00775818    0.0205355            0  -0.00814006
   -0.013457   -0.0184232   0.00814006            0
Repeater1[0]<--->EndNode1[0]
REAL
   0.418043  0.00356807 -0.00363276    0.151587
 0.00356807   0.0762389   0.0274087 -0.00363276
-0.00363276   0.0274087   0.0635324 -0.00158657
   0.151587 -0.00363276 -0.00158657    0.442186
IMAGINARY
           0    -0.017586    0.0163739  0.000430059
    0.017586            0  -0.00820208  -0.00520439
  -0.0163739   0.00820208            0    0.0116728
-0.000430059   0.00520439   -0.0116728            0
Repeater1[0]<--->HoM1[0]
REAL
  0.391528 0.00207176 -0.0211436   0.161583
0.00207176  0.0885751 -0.0319037 -0.0096051
-0.0211436 -0.0319037  0.0834403 -0.0127669
  0.161583 -0.0096051 -0.0127669   0.436457
IMAGINARY
           0   0.00775818 -0.000161341     0.013457
 -0.00775818            0    0.0205355  -0.00814006
 0.000161341   -0.0205355            0    0.0184232
   -0.013457   0.00814006   -0.0184232            0
EndNode1[0]<--->Repeater1[0]
REAL
    0.425245  -0.00184117    0.0116572     0.163553
 -0.00184117       0.0625 -0.000902816     0.013644
   0.0116572 -0.000902816    0.0747549    0.0319616
    0.163553     0.013644    0.0319616       0.4375
IMAGINARY
          0   0.0110364  0.00771263  0.00883894
 -0.0110364           0  0.00294117 -0.00108134
-0.00771263 -0.00294117           0  0.00487874
-0.00883894  0.00108134 -0.00487874           0
EndNode2[0]<--->HoM1[0]
REAL
   0.438119   0.0274888 -0.00265069    0.158607
  0.0274888   0.0618812  0.00982064 -0.00593584
-0.00265069  0.00982064   0.0581683  0.00487577
   0.158607 -0.00593584  0.00487577    0.441832
IMAGINARY
          0  0.00832326  -0.0271491 -0.00908222
-0.00832326           0   0.0151225 -0.00924935
  0.0271491  -0.0151225           0   0.0140267
 0.00908222  0.00924935  -0.0140267           0
Repeater1[0]<--->EndNode1[0]
REAL
    0.425245    0.0116572  -0.00184117     0.163553
   0.0116572    0.0747549 -0.000902816    0.0319616
 -0.00184117 -0.000902816       0.0625     0.013644
    0.163553    0.0319616     0.013644       0.4375
IMAGINARY
          0  0.00771263   0.0110364  0.00883894
-0.00771263           0 -0.00294117  0.00487874
 -0.0110364  0.00294117           0 -0.00108134
-0.00883894 -0.00487874  0.00108134           0
Repeater1[0]<--->HoM1[0]
REAL
   0.438119 -0.00265069   0.0274888    0.158607
-0.00265069   0.0581683  0.00982064  0.00487577
  0.0274888  0.00982064   0.0618812 -0.00593584
   0.158607  0.00487577 -0.00593584    0.441832
IMAGINARY
          0  -0.0271491  0.00832326 -0.00908222
  0.0271491           0  -0.0151225   0.0140267
-0.00832326   0.0151225           0 -0.00924935
 0.00908222  -0.0140267  0.00924935           0
EndNode1[0]<--->Repeater1[0]
REAL
   0.431873   0.0168717  0.00171083    0.147688
  0.0168717   0.0778589 -0.00676181   0.0143767
 0.00171083 -0.00676181   0.0742092   0.0107988
   0.147688   0.0143767   0.0107988    0.416058
IMAGINARY
          0  0.00859824  0.00420314  -0.0146237
-0.00859824           0 -0.00782523  0.00757696
-0.00420314  0.00782523           0   0.0162709
  0.0146237 -0.00757696  -0.0162709           0
EndNode2[0]<--->HoM1[0]
REAL
   0.410287  -0.0127204 -0.00277273    0.156091
 -0.0127204   0.0550239  -0.0139342 -0.00212923
-0.00277273  -0.0139342   0.0801435  0.00536746
   0.156091 -0.00212923  0.00536746    0.454545
IMAGINARY
          0 -0.00483617  -0.0157238 -0.00871095
 0.00483617           0  -0.0113425  -0.0195406
  0.0157238   0.0113425           0 -0.00272051
 0.00871095   0.0195406  0.00272051           0
Repeater1[0]<--->EndNode1[0]
REAL
   0.431873  0.00171083   0.0168717    0.147688
 0.00171083   0.0742092 -0.00676181   0.0107988
  0.0168717 -0.00676181   0.0778589   0.0143767
   0.147688   0.0107988   0.0143767    0.416058
IMAGINARY
          0  0.00420314  0.00859824  -0.0146237
-0.00420314           0  0.00782523   0.0162709
-0.00859824 -0.00782523           0  0.00757696
  0.0146237  -0.0162709 -0.00757696           0
Repeater1[0]<--->HoM1[0]
REAL
   0.410287 -0.00277273  -0.0127204    0.156091
-0.00277273   0.0801435  -0.0139342  0.00536746
 -0.0127204  -0.0139342   0.0550239 -0.00212923
   0.156091  0.00536746 -0.00212923    0.454545
IMAGINARY
          0  -0.0157238 -0.00483617 -0.00871095
  0.0157238           0   0.0113425 -0.00272051
 0.00483617  -0.0113425           0  -0.0195406
 0.00871095  0.00272051   0.0195406           0
EndNode1[0]<--->Repeater1[0]
REAL
    0.424433    0.0230321   0.00752106     0.163554
   0.0230321    0.0642317 -0.000497865   0.00752106
  0.00752106 -0.000497865    0.0617128   0.00645046
    0.163554   0.00752106   0.00645046     0.449622
IMAGINARY
          0  0.00222678   0.0173382   0.0094248
-0.00222678           0   0.0100383  -0.0101487
 -0.0173382  -0.0100383           0 -0.00810914
 -0.0094248   0.0101487  0.00810914           0
EndNode2[0]<--->HoM1[0]
REAL
   0.417425   0.0122759   0.0011222    0.159328
  0.0122759   0.0676203 0.000518807  0.00655043
  0.0011222 0.000518807   0.0689207  0.00562694
   0.159328  0.00655043  0.00562694    0.446034
IMAGINARY
          0  0.00443619  -0.0245126  -0.0152594
-0.00443619           0  0.00282846  -0.0102269
  0.0245126 -0.00282846           0 -0.00815827
  0.0152594   0.0102269  0.00815827           0
Repeater1[0]<--->EndNode1[0]
REAL
    0.424433   0.00752106    0.0230321     0.163554
  0.00752106    0.0617128 -0.000497865   0.00645046
   0.0230321 -0.000497865    0.0642317   0.00752106
    0.163554   0.00645046   0.00752106     0.449622
IMAGINARY
          0   0.0173382  0.00222678   0.0094248
 -0.0173382           0  -0.0100383 -0.00810914
-0.00222678   0.0100383           0  -0.0101487
 -0.0094248  0.00810914   0.0101487           0
Repeater1[0]<--->HoM1[0]
REAL
   0.417425   0.0011222   0.0122759    0.159328
  0.0011222   0.0689207 0.000518807  0.00562694
  0.0122759 0.000518807   0.0676203  0.00655043
   0.159328  0.00562694  0.00655043    0.446034
IMAGINARY
          0  -0.0245126  0.00443619  -0.0152594
  0.0245126           0 -0.00282846 -0.00815827
-0.00443619  0.00282846           0  -0.0102269
  0.0152594  0.00815827   0.0102269           0
EndNode1[0]<--->Repeater1[0]
REAL
   0.437421  0.00824607 -0.00420335    0.134468
 0.00824607   0.0720607 0.000702185 -0.00235833
-0.00420335 0.000702185   0.0695322  -0.0226818
   0.134468 -0.00235833  -0.0226818    0.420986
IMAGINARY
           0    0.0165724    0.0016867    0.0113636
  -0.0165724            0    0.0113636 -0.000387994
  -0.0016867   -0.0113636            0    0.0392718
  -0.0113636  0.000387994   -0.0392718            0
EndNode2[0]<--->HoM1[0]
REAL
   0.439433  -0.0049606 0.000146625    0.127481
 -0.0049606    0.068299  -0.0217904   0.0337287
0.000146625  -0.0217904   0.0695876   0.0212208
   0.127481   0.0337287   0.0212208     0.42268
IMAGINARY
          0  0.00904053 -0.00593658 -0.00885629
-0.00904053           0  -0.0127123  -0.0159081
 0.00593658   0.0127123           0 -0.00782694
 0.00885629   0.0159081  0.00782694           0
Repeater1[0]<--->EndNode1[0]
REAL
   0.437421 -0.00420335  0.00824607    0.134468
-0.00420335   0.0695322 0.000702185  -0.0226818
 0.00824607 0.000702185   0.0720607 -0.00235833
   0.134468  -0.0226818 -0.00235833    0.420986
IMAGINARY
           0    0.0016867    0.0165724    0.0113636
  -0.0016867            0   -0.0113636    0.0392718
  -0.0165724    0.0113636            0 -0.000387994
  -0.0113636   -0.0392718  0.000387994            0
Repeater1[0]<--->HoM1[0]
REAL
   0.439433 0.000146625  -0.0049606    0.127481
0.000146625   0.0695876  -0.0217904   0.0212208
 -0.0049606  -0.0217904    0.068299   0.0337287
   0.127481   0.0212208   0.0337287     0.42268
IMAGINARY
          0 -0.00593658  0.00904053 -0.00885629
 0.00593658           0   0.0127123 -0.00782694
-0.00904053  -0.0127123           0  -0.0159081
 0.00885629  0.00782694   0.0159081           0
EndNode1[0]<--->Repeater1[0]
REAL
   0.44375  0.0177519 -0.0136099   0.153758
 0.0177519    0.04625 0.00465779 0.00989706
-0.0136099 0.00465779    0.08125  0.0131887
  0.153758 0.00989706  0.0131887    0.42875
IMAGINARY
          0   0.0104948 -0.00585527   0.0169976
 -0.0104948           0  0.00440316  0.00714062
 0.00585527 -0.00440316           0  -0.0130655
 -0.0169976 -0.00714062   0.0130655           0
EndNode2[0]<--->HoM1[0]
REAL
   0.453278   -0.013622  -0.0050174    0.163839
  -0.013622   0.0641562  -0.0154311 0.000558805
 -0.0050174  -0.0154311   0.0808926    0.014259
   0.163839 0.000558805    0.014259    0.401674
IMAGINARY
           0   -0.0116961  -0.00716595 -0.000622525
   0.0116961            0   -0.0012883   0.00521028
  0.00716595    0.0012883            0  -0.00199362
 0.000622525  -0.00521028   0.00199362            0
Repeater1[0]<--->EndNode1[0]
REAL
   0.44375 -0.0136099  0.0177519   0.153758
-0.0136099    0.08125 0.00465779  0.0131887
 0.0177519 0.00465779    0.04625 0.00989706
  0.153758  0.0131887 0.00989706    0.42875
IMAGINARY
          0 -0.00585527   0.0104948   0.0169976
 0.00585527           0 -0.00440316  -0.0130655
 -0.0104948  0.00440316           0  0.00714062
 -0.0169976   0.0130655 -0.00714062           0
Repeater1[0]<--->HoM1[0]
REAL
   0.453278  -0.0050174   -0.013622    0.163839
 -0.0050174   0.0808926  -0.0154311    0.014259
  -0.013622  -0.0154311   0.0641562 0.000558805
   0.163839    0.014259 0.000558805    0.401674
IMAGINARY
           0  -0.00716595   -0.0116961 -0.000622525
  0.00716595            0    0.0012883  -0.00199362
   0.0116961   -0.0012883            0   0.00521028
 0.000622525   0.00199362  -0.00521028            0
EndNode1[0]<--->Repeater1[0]
REAL
   0.447402   0.0184744   0.0132699    0.142338
  0.0184744   0.0583016 0.000261388  0.00417897
  0.0132699 0.000261388   0.0684411   0.0146183
   0.142338  0.00417897   0.0146183    0.425856
IMAGINARY
          0  -0.0210468   -0.010872   0.0166416
  0.0210468           0  0.00457048  -0.0178165
   0.010872 -0.00457048           0  -0.0158385
 -0.0166416   0.0178165   0.0158385           0
EndNode2[0]<--->HoM1[0]
REAL
   0.416452    0.011318   0.0130763    0.157864
   0.011318   0.0694087 0.000398905 -0.00327243
  0.0130763 0.000398905   0.0796915 -0.00991748
   0.157864 -0.00327243 -0.00991748    0.434447
IMAGINARY
           0   0.00988502 -0.000753324  -0.00877259
 -0.00988502            0   0.00997741  -0.00740226
 0.000753324  -0.00997741            0      0.02211
  0.00877259   0.00740226     -0.02211            0
Repeater1[0]<--->EndNode1[0]
REAL
   0.447402   0.0132699   0.0184744    0.142338
  0.0132699   0.0684411 0.000261388   0.0146183
  0.0184744 0.000261388   0.0583016  0.00417897
   0.142338   0.0146183  0.00417897    0.425856
IMAGINARY
          0   -0.010872  -0.0210468   0.0166416
   0.010872           0 -0.00457048  -0.0158385
  0.0210468  0.00457048           0  -0.0178165
 -0.0166416   0.0158385   0.0178165           0
Repeater1[0]<--->HoM1[0]
REAL
   0.416452   0.0130763    0.011318    0.157864
  0.0130763   0.0796915 0.000398905 -0.00991748
   0.011318 0.000398905   0.0694087 -0.00327243
   0.157864 -0.00991748 -0.00327243    0.434447
IMAGINARY
           0 -0.000753324   0.00988502  -0.00877259
 0.000753324            0  -0.00997741      0.02211
 -0.00988502   0.00997741            0  -0.00740226
  0.00877259     -0.02211   0.00740226            0
