EndNode1[0]<--->Repeater1[0]
REAL
   0.448052 -0.00340073 -0.00726412    0.463414
-0.00340073   0.0441558   0.0207906  -0.0103544
-0.00726412   0.0207906   0.0311688  -0.0154328
   0.463414  -0.0103544  -0.0154328    0.476623
IMAGINARY
          0   0.0036899  -0.0127663  -0.0171331
 -0.0036899           0  -0.0039587  0.00183733
  0.0127663   0.0039587           0   0.0099713
  0.0171331 -0.00183733  -0.0099713           0
EndNode2[0]<--->HoM1[0]
REAL
   0.478036 1.69109e-05   -0.011521    0.465366
1.69109e-05   0.0310078   0.0267809   0.0167566
  -0.011521   0.0267809   0.0335917  0.00260089
   0.465366   0.0167566  0.00260089    0.457364
IMAGINARY
          0 -0.00922262  -0.0142579  -0.0140214
 0.00922262           0  0.00597855   0.0202659
  0.0142579 -0.00597855           0 -0.00212585
  0.0140214  -0.0202659  0.00212585           0
Repeater1[0]<--->EndNode1[0]
REAL
   0.448052 -0.00726412 -0.00340073    0.463414
-0.00726412   0.0311688   0.0207906  -0.0154328
-0.00340073   0.0207906   0.0441558  -0.0103544
   0.463414  -0.0154328  -0.0103544    0.476623
IMAGINARY
          0  -0.0127663   0.0036899  -0.0171331
  0.0127663           0   0.0039587   0.0099713
 -0.0036899  -0.0039587           0  0.00183733
  0.0171331  -0.0099713 -0.00183733           0
Repeater1[0]<--->HoM1[0]
REAL
   0.478036   -0.011521 1.69109e-05    0.465366
  -0.011521   0.0335917   0.0267809  0.00260089
1.69109e-05   0.0267809   0.0310078   0.0167566
   0.465366  0.00260089   0.0167566    0.457364
IMAGINARY
          0  -0.0142579 -0.00922262  -0.0140214
  0.0142579           0 -0.00597855 -0.00212585
 0.00922262  0.00597855           0   0.0202659
  0.0140214  0.00212585  -0.0202659           0
EndNode1[0]<--->Repeater1[0]
REAL
   0.467254   -0.011675 -0.00148082    0.458018
  -0.011675   0.0377834    0.024056  -0.0145243
-0.00148082    0.024056   0.0251889  0.00335233
   0.458018  -0.0145243  0.00335233    0.469773
IMAGINARY
          0  -0.0147036  0.00293251   0.0358375
  0.0147036           0  -0.0186838   0.0280648
-0.00293251   0.0186838           0  -0.0176414
 -0.0358375  -0.0280648   0.0176414           0
EndNode2[0]<--->HoM1[0]
REAL
   0.442536  -0.0299317  -0.0256436    0.460394
 -0.0299317   0.0409511   0.0256112 -0.00616305
 -0.0256436   0.0256112   0.0224571  0.00448636
   0.460394 -0.00616305  0.00448636    0.494055
IMAGINARY
          0   0.0129968  0.00190668   0.0213861
 -0.0129968           0 -0.00521692    0.010881
-0.00190668  0.00521692           0   -0.011718
 -0.0213861   -0.010881    0.011718           0
Repeater1[0]<--->EndNode1[0]
REAL
   0.467254 -0.00148082   -0.011675    0.458018
-0.00148082   0.0251889    0.024056  0.00335233
  -0.011675    0.024056   0.0377834  -0.0145243
   0.458018  0.00335233  -0.0145243    0.469773
IMAGINARY
          0  0.00293251  -0.0147036   0.0358375
-0.00293251           0   0.0186838  -0.0176414
  0.0147036  -0.0186838           0   0.0280648
 -0.0358375   0.0176414  -0.0280648           0
Repeater1[0]<--->HoM1[0]
REAL
   0.442536  -0.0256436  -0.0299317    0.460394
 -0.0256436   0.0224571   0.0256112  0.00448636
 -0.0299317   0.0256112   0.0409511 -0.00616305
   0.460394  0.00448636 -0.00616305    0.494055
IMAGINARY
          0  0.00190668   0.0129968   0.0213861
-0.00190668           0  0.00521692   -0.011718
 -0.0129968 -0.00521692           0    0.010881
 -0.0213861    0.011718   -0.010881           0
EndNode1[0]<--->Repeater1[0]
REAL
   0.463351  -0.0198243 -0.00702866     0.46659
 -0.0198243   0.0484293   0.0227995  -0.0128652
-0.00702866   0.0227995   0.0314136   0.0025829
    0.46659  -0.0128652   0.0025829    0.456806
IMAGINARY
          0 -0.00991285  0.00539558   0.0173475
 0.00991285           0   0.0153867   0.0109443
-0.00539558  -0.0153867           0 -0.00250545
 -0.0173475  -0.0109443  0.00250545           0
EndNode2[0]<--->HoM1[0]
REAL
  0.472859  0.0170638  0.0118829   0.459975
 0.0170638  0.0325694  0.0221447  0.0142984
 0.0118829  0.0221447  0.0313631 0.00400898
  0.459975  0.0142984 0.00400898   0.463209
IMAGINARY
          0  -0.0171124   0.0276259 -0.00282152
  0.0171124           0  -0.0149183  -0.0210122
 -0.0276259   0.0149183           0  0.00388493
 0.00282152   0.0210122 -0.00388493           0
Repeater1[0]<--->EndNode1[0]
REAL
   0.463351 -0.00702866  -0.0198243     0.46659
-0.00702866   0.0314136   0.0227995   0.0025829
 -0.0198243   0.0227995   0.0484293  -0.0128652
    0.46659   0.0025829  -0.0128652    0.456806
IMAGINARY
          0  0.00539558 -0.00991285   0.0173475
-0.00539558           0  -0.0153867 -0.00250545
 0.00991285   0.0153867           0   0.0109443
 -0.0173475  0.00250545  -0.0109443           0
Repeater1[0]<--->HoM1[0]
REAL
  0.472859  0.0118829  0.0170638   0.459975
 0.0118829  0.0313631  0.0221447 0.00400898
 0.0170638  0.0221447  0.0325694  0.0142984
  0.459975 0.00400898  0.0142984   0.463209
IMAGINARY
          0   0.0276259  -0.0171124 -0.00282152
 -0.0276259           0   0.0149183  0.00388493
  0.0171124  -0.0149183           0  -0.0210122
 0.00282152 -0.00388493   0.0210122           0
EndNode1[0]<--->Repeater1[0]
REAL
   0.467662 -0.00713194  -0.0194476    0.457806
-0.00713194   0.0410448   0.0242221   0.0175221
 -0.0194476   0.0242221   0.0335821   0.0103412
   0.457806   0.0175221   0.0103412    0.457711
IMAGINARY
         0  0.0293544 -0.0017437   0.017619
-0.0293544          0  0.0169078 -0.0107876
 0.0017437 -0.0169078          0 -0.0205824
 -0.017619  0.0107876  0.0205824          0
EndNode2[0]<--->HoM1[0]
REAL
  0.453061  0.0132828  0.0205755   0.465226
 0.0132828  0.0421769   0.012667 0.00738289
 0.0205755   0.012667  0.0353741  0.0211775
  0.465226 0.00738289  0.0211775   0.469388
IMAGINARY
          0  -0.0230529  0.00170519  0.00671933
  0.0230529           0 -0.00355878   0.0139003
-0.00170519  0.00355878           0 -0.00254009
-0.00671933  -0.0139003  0.00254009           0
Repeater1[0]<--->EndNode1[0]
REAL
   0.467662  -0.0194476 -0.00713194    0.457806
 -0.0194476   0.0335821   0.0242221   0.0103412
-0.00713194   0.0242221   0.0410448   0.0175221
   0.457806   0.0103412   0.0175221    0.457711
IMAGINARY
         0 -0.0017437  0.0293544   0.017619
 0.0017437          0 -0.0169078 -0.0205824
-0.0293544  0.0169078          0 -0.0107876
 -0.017619  0.0205824  0.0107876          0
Repeater1[0]<--->HoM1[0]
REAL
  0.453061  0.0205755  0.0132828   0.465226
 0.0205755  0.0353741   0.012667  0.0211775
 0.0132828   0.012667  0.0421769 0.00738289
  0.465226  0.0211775 0.00738289   0.469388
IMAGINARY
          0  0.00170519  -0.0230529  0.00671933
-0.00170519           0  0.00355878 -0.00254009
  0.0230529 -0.00355878           0   0.0139003
-0.00671933  0.00254009  -0.0139003           0
EndNode1[0]<--->Repeater1[0]
REAL
  0.487531  0.0101533 -0.0173517   0.452104
 0.0101533  0.0374065  0.0374244  0.0147339
-0.0173517  0.0374244  0.0349127 -0.0127711
  0.452104  0.0147339 -0.0127711    0.44015
IMAGINARY
           0  0.000888115   0.00816748   0.00673627
-0.000888115            0    0.0105051   0.00500692
 -0.00816748   -0.0105051            0  -0.00653429
 -0.00673627  -0.00500692   0.00653429            0
EndNode2[0]<--->HoM1[0]
REAL
    0.446615 -0.000968574    0.0154275     0.464924
-0.000968574      0.03125    0.0234481   -0.0141355
   0.0154275    0.0234481    0.0351562   -0.0016154
    0.464924   -0.0141355   -0.0016154     0.486979
IMAGINARY
          0 -0.00398595 -0.00213443  -0.0175744
 0.00398595           0  -0.0113088 -0.00549916
 0.00213443   0.0113088           0   0.0116195
  0.0175744  0.00549916  -0.0116195           0
Repeater1[0]<--->EndNode1[0]
REAL
  0.487531 -0.0173517  0.0101533   0.452104
-0.0173517  0.0349127  0.0374244 -0.0127711
 0.0101533  0.0374244  0.0374065  0.0147339
  0.452104 -0.0127711  0.0147339    0.44015
IMAGINARY
           0   0.00816748  0.000888115   0.00673627
 -0.00816748            0   -0.0105051  -0.00653429
-0.000888115    0.0105051            0   0.00500692
 -0.00673627   0.00653429  -0.00500692            0
Repeater1[0]<--->HoM1[0]
REAL
    0.446615    0.0154275 -0.000968574     0.464924
   0.0154275    0.0351562    0.0234481   -0.0016154
-0.000968574    0.0234481      0.03125   -0.0141355
    0.464924   -0.0016154   -0.0141355     0.486979
IMAGINARY
          0 -0.00213443 -0.00398595  -0.0175744
 0.00213443           0   0.0113088   0.0116195
 0.00398595  -0.0113088           0 -0.00549916
  0.0175744  -0.0116195  0.00549916           0
EndNode1[0]<--->Repeater1[0]
REAL
  0.455808 0.00905237 0.00126835   0.465312
0.00905237  0.0265152  0.0204398   0.011685
0.00126835  0.0204398  0.0265152 0.00519633
  0.465312   0.011685 0.00519633   0.491162
IMAGINARY
           0    0.0119499  0.000677507    0.0264261
  -0.0119499            0    0.0145362 -0.000677507
-0.000677507   -0.0145362            0  -0.00297551
  -0.0264261  0.000677507   0.00297551            0
EndNode2[0]<--->HoM1[0]
REAL
  0.485333 -0.0112441  0.0062921   0.457213
-0.0112441      0.028  0.0271055 -0.0117203
 0.0062921  0.0271055  0.0253333 0.00460958
  0.457213 -0.0117203 0.00460958   0.461333
IMAGINARY
          0  0.00484164  0.00921459  -0.0149093
-0.00484164           0  -0.0162216   0.0176671
-0.00921459   0.0162216           0  -0.0155943
  0.0149093  -0.0176671   0.0155943           0
Repeater1[0]<--->EndNode1[0]
REAL
  0.455808 0.00126835 0.00905237   0.465312
0.00126835  0.0265152  0.0204398 0.00519633
0.00905237  0.0204398  0.0265152   0.011685
  0.465312 0.00519633   0.011685   0.491162
IMAGINARY
           0  0.000677507    0.0119499    0.0264261
-0.000677507            0   -0.0145362  -0.00297551
  -0.0119499    0.0145362            0 -0.000677507
  -0.0264261   0.00297551  0.000677507            0
Repeater1[0]<--->HoM1[0]
REAL
  0.485333  0.0062921 -0.0112441   0.457213
 0.0062921  0.0253333  0.0271055 0.00460958
-0.0112441  0.0271055      0.028 -0.0117203
  0.457213 0.00460958 -0.0117203   0.461333
IMAGINARY
          0  0.00921459  0.00484164  -0.0149093
-0.00921459           0   0.0162216  -0.0155943
-0.00484164  -0.0162216           0   0.0176671
  0.0149093   0.0155943  -0.0176671           0
EndNode1[0]<--->Repeater1[0]
REAL
  0.428384  0.0031152 0.00222287   0.454669
 0.0031152  0.0394218  0.0322664  0.0155919
0.00222287  0.0322664  0.0394218  0.0111366
  0.454669  0.0155919  0.0111366   0.492773
IMAGINARY
          0    0.013228  0.00161159  -0.0100559
  -0.013228           0 -0.00142373 -0.00098581
-0.00161159  0.00142373           0  -0.0213632
  0.0100559  0.00098581   0.0213632           0
EndNode2[0]<--->HoM1[0]
REAL
   0.470284  0.00794723  0.00660625     0.45042
 0.00794723   0.0310078    0.028566 -0.00598821
 0.00660625    0.028566   0.0322997  -0.0036209
    0.45042 -0.00598821  -0.0036209    0.466408
IMAGINARY
           0   -0.0295664    0.0251495  7.74319e-05
   0.0295664            0    0.0169465  -0.00461967
  -0.0251495   -0.0169465            0 -0.000234905
-7.74319e-05   0.00461967  0.000234905            0
Repeater1[0]<--->EndNode1[0]
REAL
  0.428384 0.00222287  0.0031152   0.454669
0.00222287  0.0394218  0.0322664  0.0111366
 0.0031152  0.0322664  0.0394218  0.0155919
  0.454669  0.0111366  0.0155919   0.492773
IMAGINARY
          0  0.00161159    0.013228  -0.0100559
-0.00161159           0  0.00142373  -0.0213632
  -0.013228 -0.00142373           0 -0.00098581
  0.0100559   0.0213632  0.00098581           0
Repeater1[0]<--->HoM1[0]
REAL
   0.470284  0.00660625  0.00794723     0.45042
 0.00660625   0.0322997    0.028566  -0.0036209
 0.00794723    0.028566   0.0310078 -0.00598821
    0.45042  -0.0036209 -0.00598821    0.466408
IMAGINARY
           0    0.0251495   -0.0295664  7.74319e-05
  -0.0251495            0   -0.0169465 -0.000234905
   0.0295664    0.0169465            0  -0.00461967
-7.74319e-05  0.000234905   0.00461967            0
EndNode1[0]<--->Repeater1[0]
REAL
   0.47861  0.0207561 0.00875645   0.455957
 0.0207561  0.0347594   0.030584  0.0147967
0.00875645   0.030584  0.0254011 0.00010528
  0.455957  0.0147967 0.00010528    0.46123
IMAGINARY
           0     0.015573   0.00535628  0.000311333
   -0.015573            0  0.000311333   -0.0215254
 -0.00535628 -0.000311333            0  -0.00189142
-0.000311333    0.0215254   0.00189142            0
EndNode2[0]<--->HoM1[0]
REAL
  0.478049 0.00733219 -0.0154848   0.468792
0.00733219  0.0341463  0.0203528 0.00802215
-0.0154848  0.0203528  0.0280488 -0.0175086
  0.468792 0.00802215 -0.0175086   0.459756
IMAGINARY
          0 -0.00436795   0.0436357  0.00306746
 0.00436795           0  0.00818254  -0.0131066
 -0.0436357 -0.00818254           0  -0.0261612
-0.00306746   0.0131066   0.0261612           0
Repeater1[0]<--->EndNode1[0]
REAL
   0.47861 0.00875645  0.0207561   0.455957
0.00875645  0.0254011   0.030584 0.00010528
 0.0207561   0.030584  0.0347594  0.0147967
  0.455957 0.00010528  0.0147967    0.46123
IMAGINARY
           0   0.00535628     0.015573  0.000311333
 -0.00535628            0 -0.000311333  -0.00189142
   -0.015573  0.000311333            0   -0.0215254
-0.000311333   0.00189142    0.0215254            0
Repeater1[0]<--->HoM1[0]
REAL
  0.478049 -0.0154848 0.00733219   0.468792
-0.0154848  0.0280488  0.0203528 -0.0175086
0.00733219  0.0203528  0.0341463 0.00802215
  0.468792 -0.0175086 0.00802215   0.459756
IMAGINARY
          0   0.0436357 -0.00436795  0.00306746
 -0.0436357           0 -0.00818254  -0.0261612
 0.00436795  0.00818254           0  -0.0131066
-0.00306746   0.0261612   0.0131066           0
EndNode1[0]<--->Repeater1[0]
REAL
   0.460177 -0.00549543   -0.011029    0.456103
-0.00549543   0.0442478   0.0243407  0.00255443
  -0.011029   0.0243407   0.0417193  0.00875488
   0.456103  0.00255443  0.00875488    0.453856
IMAGINARY
          0 -0.00886612   0.0256755 -0.00830976
 0.00886612           0   0.0121658 -0.00210229
 -0.0256755  -0.0121658           0  0.00142195
 0.00830976  0.00210229 -0.00142195           0
EndNode2[0]<--->HoM1[0]
REAL
   0.462042 -0.00466617 -0.00442695    0.463959
-0.00466617    0.039267   0.0158898 -0.00942695
-0.00442695   0.0158898    0.026178 -0.00666884
   0.463959 -0.00942695 -0.00666884    0.472513
IMAGINARY
          0 -0.00140365  0.00330806    0.025849
 0.00140365           0  0.00416376  0.00135239
-0.00330806 -0.00416376           0 -0.00458836
  -0.025849 -0.00135239  0.00458836           0
Repeater1[0]<--->EndNode1[0]
REAL
   0.460177   -0.011029 -0.00549543    0.456103
  -0.011029   0.0417193   0.0243407  0.00875488
-0.00549543   0.0243407   0.0442478  0.00255443
   0.456103  0.00875488  0.00255443    0.453856
IMAGINARY
          0   0.0256755 -0.00886612 -0.00830976
 -0.0256755           0  -0.0121658  0.00142195
 0.00886612   0.0121658           0 -0.00210229
 0.00830976 -0.00142195  0.00210229           0
Repeater1[0]<--->HoM1[0]
REAL
   0.462042 -0.00442695 -0.00466617    0.463959
-0.00442695    0.026178   0.0158898 -0.00666884
-0.00466617   0.0158898    0.039267 -0.00942695
   0.463959 -0.00666884 -0.00942695    0.472513
IMAGINARY
          0  0.00330806 -0.00140365    0.025849
-0.00330806           0 -0.00416376 -0.00458836
 0.00140365  0.00416376           0  0.00135239
  -0.025849  0.00458836 -0.00135239           0
EndNode1[0]<--->Repeater1[0]
REAL
   0.477922  -0.0104602  -0.0113937    0.464545
 -0.0104602   0.0337662   0.0272804 -0.00631751
 -0.0113937   0.0272804   0.0246753 -0.00725096
   0.464545 -0.00631751 -0.00725096    0.463636
IMAGINARY
          0 -0.00622913  -0.0163956    0.014496
 0.00622913           0  0.00835348   0.0145135
  0.0163956 -0.00835348           0     0.01313
  -0.014496  -0.0145135    -0.01313           0
EndNode2[0]<--->HoM1[0]
REAL
    0.47914  -0.0186427 -0.00551755    0.454507
 -0.0186427   0.0164349   0.0266722  -0.0227133
-0.00551755   0.0266722   0.0391909 -0.00833344
   0.454507  -0.0227133 -0.00833344    0.465234
IMAGINARY
          0  -0.0132469  0.00324981  0.00420008
  0.0132469           0  -0.0131744   0.0251007
-0.00324981   0.0131744           0 -0.00479435
-0.00420008  -0.0251007  0.00479435           0
Repeater1[0]<--->EndNode1[0]
REAL
   0.477922  -0.0113937  -0.0104602    0.464545
 -0.0113937   0.0246753   0.0272804 -0.00725096
 -0.0104602   0.0272804   0.0337662 -0.00631751
   0.464545 -0.00725096 -0.00631751    0.463636
IMAGINARY
          0  -0.0163956 -0.00622913    0.014496
  0.0163956           0 -0.00835348     0.01313
 0.00622913  0.00835348           0   0.0145135
  -0.014496    -0.01313  -0.0145135           0
Repeater1[0]<--->HoM1[0]
REAL
    0.47914 -0.00551755  -0.0186427    0.454507
-0.00551755   0.0391909   0.0266722 -0.00833344
 -0.0186427   0.0266722   0.0164349  -0.0227133
   0.454507 -0.00833344  -0.0227133    0.465234
IMAGINARY
          0  0.00324981  -0.0132469  0.00420008
-0.00324981           0   0.0131744 -0.00479435
  0.0132469  -0.0131744           0   0.0251007
-0.00420008  0.00479435  -0.0251007           0
EndNode1[0]<--->Repeater1[0]
REAL
    0.47868  0.00821393  0.00366597    0.460278
 0.00821393   0.0316369   0.0272691    0.005674
 0.00366597   0.0272691   0.0330124 -0.00136461
   0.460278    0.005674 -0.00136461    0.456671
IMAGINARY
          0  -0.0103032 -0.00525166  -0.0111832
  0.0103032           0  0.00628123  0.00829673
 0.00525166 -0.00628123           0  0.00360407
  0.0111832 -0.00829673 -0.00360407           0
EndNode2[0]<--->HoM1[0]
REAL
   0.462916 -0.00895141  -0.0153761    0.463668
-0.00895141   0.0332481   0.0135436   0.0140356
 -0.0153761   0.0135436   0.0255754  0.00895141
   0.463668   0.0140356  0.00895141    0.478261
IMAGINARY
          0  0.00150822  0.00063861  -0.0116387
-0.00150822           0  -0.0103125  0.00185516
-0.00063861   0.0103125           0  0.00347931
  0.0116387 -0.00185516 -0.00347931           0
Repeater1[0]<--->EndNode1[0]
REAL
    0.47868  0.00366597  0.00821393    0.460278
 0.00366597   0.0330124   0.0272691 -0.00136461
 0.00821393   0.0272691   0.0316369    0.005674
   0.460278 -0.00136461    0.005674    0.456671
IMAGINARY
          0 -0.00525166  -0.0103032  -0.0111832
 0.00525166           0 -0.00628123  0.00360407
  0.0103032  0.00628123           0  0.00829673
  0.0111832 -0.00360407 -0.00829673           0
Repeater1[0]<--->HoM1[0]
REAL
   0.462916  -0.0153761 -0.00895141    0.463668
 -0.0153761   0.0255754   0.0135436  0.00895141
-0.00895141   0.0135436   0.0332481   0.0140356
   0.463668  0.00895141   0.0140356    0.478261
IMAGINARY
          0  0.00063861  0.00150822  -0.0116387
-0.00063861           0   0.0103125  0.00347931
-0.00150822  -0.0103125           0  0.00185516
  0.0116387 -0.00347931 -0.00185516           0
EndNode1[0]<--->Repeater1[0]
REAL
  0.453865  -0.012019 -0.0109269   0.469441
 -0.012019   0.032419  0.0230121 -0.0224065
-0.0109269  0.0230121  0.0361596   -0.02383
  0.469441 -0.0224065   -0.02383   0.477556
IMAGINARY
          0  0.00207756 -0.00701531   0.0127888
-0.00207756           0   0.0234806 -0.00318878
 0.00701531  -0.0234806           0 -0.00207756
 -0.0127888  0.00318878  0.00207756           0
EndNode2[0]<--->HoM1[0]
REAL
  0.478098  0.0150658 0.00914551   0.453943
 0.0150658  0.0413016  0.0299882 -0.0011109
0.00914551  0.0299882  0.0175219 0.00162148
  0.453943 -0.0011109 0.00162148   0.463079
IMAGINARY
          0  0.00256911   0.0210403   0.0164962
-0.00256911           0 -0.00138455 -0.00899975
 -0.0210403  0.00138455           0  -0.0019354
 -0.0164962  0.00899975   0.0019354           0
Repeater1[0]<--->EndNode1[0]
REAL
  0.453865 -0.0109269  -0.012019   0.469441
-0.0109269  0.0361596  0.0230121   -0.02383
 -0.012019  0.0230121   0.032419 -0.0224065
  0.469441   -0.02383 -0.0224065   0.477556
IMAGINARY
          0 -0.00701531  0.00207756   0.0127888
 0.00701531           0  -0.0234806 -0.00207756
-0.00207756   0.0234806           0 -0.00318878
 -0.0127888  0.00207756  0.00318878           0
Repeater1[0]<--->HoM1[0]
REAL
  0.478098 0.00914551  0.0150658   0.453943
0.00914551  0.0175219  0.0299882 0.00162148
 0.0150658  0.0299882  0.0413016 -0.0011109
  0.453943 0.00162148 -0.0011109   0.463079
IMAGINARY
          0   0.0210403  0.00256911   0.0164962
 -0.0210403           0  0.00138455  -0.0019354
-0.00256911 -0.00138455           0 -0.00899975
 -0.0164962   0.0019354  0.00899975           0
EndNode1[0]<--->Repeater1[0]
REAL
    0.48906  -0.0174304  -0.0119761    0.460346
 -0.0174304     0.03861    0.030691 -0.00530943
 -0.0119761    0.030691    0.037323  0.00142527
   0.460346 -0.00530943  0.00142527    0.435006
IMAGINARY
           0  -0.00398217    0.0210935  -0.00538291
  0.00398217            0   -0.0122493   -0.0148866
  -0.0210935    0.0122493            0 -0.000845412
  0.00538291    0.0148866  0.000845412            0
EndNode2[0]<--->HoM1[0]
REAL
   0.443022  -0.0121117  -0.0154021    0.453286
 -0.0121117   0.0332907   0.0252857 -0.00364552
 -0.0154021   0.0252857   0.0345711   -0.004555
   0.453286 -0.00364552   -0.004555    0.489117
IMAGINARY
          0 -0.00831606  -0.0162628 -0.00508667
 0.00831606           0 -0.00694541   0.0215962
  0.0162628  0.00694541           0 -0.00768394
 0.00508667  -0.0215962  0.00768394           0
Repeater1[0]<--->EndNode1[0]
REAL
    0.48906  -0.0119761  -0.0174304    0.460346
 -0.0119761    0.037323    0.030691  0.00142527
 -0.0174304    0.030691     0.03861 -0.00530943
   0.460346  0.00142527 -0.00530943    0.435006
IMAGINARY
           0    0.0210935  -0.00398217  -0.00538291
  -0.0210935            0    0.0122493 -0.000845412
  0.00398217   -0.0122493            0   -0.0148866
  0.00538291  0.000845412    0.0148866            0
Repeater1[0]<--->HoM1[0]
REAL
   0.443022  -0.0154021  -0.0121117    0.453286
 -0.0154021   0.0345711   0.0252857   -0.004555
 -0.0121117   0.0252857   0.0332907 -0.00364552
   0.453286   -0.004555 -0.00364552    0.489117
IMAGINARY
          0  -0.0162628 -0.00831606 -0.00508667
  0.0162628           0  0.00694541 -0.00768394
 0.00831606 -0.00694541           0   0.0215962
 0.00508667  0.00768394  -0.0215962           0
EndNode1[0]<--->Repeater1[0]
REAL
    0.46397  0.00702105  0.00262759    0.462025
 0.00702105   0.0353982   0.0278481 -0.00136177
 0.00262759   0.0278481   0.0265487  0.00183971
   0.462025 -0.00136177  0.00183971    0.474083
IMAGINARY
          0   0.0131652 -0.00353737   0.0138125
 -0.0131652           0 -0.00126292  -0.0103867
 0.00353737  0.00126292           0  0.00582211
 -0.0138125   0.0103867 -0.00582211           0
EndNode2[0]<--->HoM1[0]
REAL
  0.473552  0.0105032 0.00657071   0.459407
 0.0105032   0.034005  0.0255743 0.00657071
0.00657071  0.0255743  0.0327456 0.00514131
  0.459407 0.00657071 0.00514131   0.459698
IMAGINARY
          0 -0.00514636  0.00589282 -0.00314203
 0.00514636           0   0.0120934  -0.0140077
-0.00589282  -0.0120934           0   0.0145097
 0.00314203   0.0140077  -0.0145097           0
Repeater1[0]<--->EndNode1[0]
REAL
    0.46397  0.00262759  0.00702105    0.462025
 0.00262759   0.0265487   0.0278481  0.00183971
 0.00702105   0.0278481   0.0353982 -0.00136177
   0.462025  0.00183971 -0.00136177    0.474083
IMAGINARY
          0 -0.00353737   0.0131652   0.0138125
 0.00353737           0  0.00126292  0.00582211
 -0.0131652 -0.00126292           0  -0.0103867
 -0.0138125 -0.00582211   0.0103867           0
Repeater1[0]<--->HoM1[0]
REAL
  0.473552 0.00657071  0.0105032   0.459407
0.00657071  0.0327456  0.0255743 0.00514131
 0.0105032  0.0255743   0.034005 0.00657071
  0.459407 0.00514131 0.00657071   0.459698
IMAGINARY
          0  0.00589282 -0.00514636 -0.00314203
-0.00589282           0  -0.0120934   0.0145097
 0.00514636   0.0120934           0  -0.0140077
 0.00314203  -0.0145097   0.0140077           0
EndNode1[0]<--->Repeater1[0]
REAL
   0.439901   -0.017533  0.00578908    0.462986
  -0.017533   0.0408922   0.0261442 -0.00307168
 0.00578908   0.0261442   0.0346964   0.0202504
   0.462986 -0.00307168   0.0202504    0.484511
IMAGINARY
          0 -0.00703098   0.0260152 -0.00641469
 0.00703098           0   0.0127922   0.0174059
 -0.0260152  -0.0127922           0  -0.0337585
 0.00641469  -0.0174059   0.0337585           0
EndNode2[0]<--->HoM1[0]
REAL
   0.472906 -0.00861395   0.0264947    0.460029
-0.00861395   0.0258621   0.0306747  -0.0191906
  0.0264947   0.0306747   0.0344828    0.011934
   0.460029  -0.0191906    0.011934    0.466749
IMAGINARY
          0   0.0146303  -0.0041074  0.00712044
 -0.0146303           0 -0.00310974  -0.0196441
  0.0041074  0.00310974           0   0.0139933
-0.00712044   0.0196441  -0.0139933           0
Repeater1[0]<--->EndNode1[0]
REAL
   0.439901  0.00578908   -0.017533    0.462986
 0.00578908   0.0346964   0.0261442   0.0202504
  -0.017533   0.0261442   0.0408922 -0.00307168
   0.462986   0.0202504 -0.00307168    0.484511
IMAGINARY
          0   0.0260152 -0.00703098 -0.00641469
 -0.0260152           0  -0.0127922  -0.0337585
 0.00703098   0.0127922           0   0.0174059
 0.00641469   0.0337585  -0.0174059           0
Repeater1[0]<--->HoM1[0]
REAL
   0.472906   0.0264947 -0.00861395    0.460029
  0.0264947   0.0344828   0.0306747    0.011934
-0.00861395   0.0306747   0.0258621  -0.0191906
   0.460029    0.011934  -0.0191906    0.466749
IMAGINARY
          0  -0.0041074   0.0146303  0.00712044
  0.0041074           0  0.00310974   0.0139933
 -0.0146303 -0.00310974           0  -0.0196441
-0.00712044  -0.0139933   0.0196441           0
EndNode1[0]<--->Repeater1[0]
REAL
  0.447958 0.00757636 0.00312454   0.461096
0.00757636  0.0382082  0.0280199  0.0166034
0.00312454  0.0280199  0.0289855  0.0121515
  0.461096  0.0166034  0.0121515   0.484848
IMAGINARY
          0   0.0037379    0.013923    0.011405
 -0.0037379           0   0.0139757 -0.00941851
  -0.013923  -0.0139757           0  -0.0030944
  -0.011405  0.00941851   0.0030944           0
EndNode2[0]<--->HoM1[0]
REAL
   0.462185    0.017097  0.00493121    0.465017
   0.017097    0.027611   0.0276837  0.00966734
 0.00493121   0.0276837   0.0408163 -0.00249845
   0.465017  0.00966734 -0.00249845    0.469388
IMAGINARY
           0  -0.00372222   -0.0115676    0.0355679
  0.00372222            0  0.000625104    0.0235676
   0.0115676 -0.000625104            0   -0.0176111
  -0.0355679   -0.0235676    0.0176111            0
Repeater1[0]<--->EndNode1[0]
REAL
  0.447958 0.00312454 0.00757636   0.461096
0.00312454  0.0289855  0.0280199  0.0121515
0.00757636  0.0280199  0.0382082  0.0166034
  0.461096  0.0121515  0.0166034   0.484848
IMAGINARY
          0    0.013923   0.0037379    0.011405
  -0.013923           0  -0.0139757  -0.0030944
 -0.0037379   0.0139757           0 -0.00941851
  -0.011405   0.0030944  0.00941851           0
Repeater1[0]<--->HoM1[0]
REAL
   0.462185  0.00493121    0.017097    0.465017
 0.00493121   0.0408163   0.0276837 -0.00249845
   0.017097   0.0276837    0.027611  0.00966734
   0.465017 -0.00249845  0.00966734    0.469388
IMAGINARY
           0   -0.0115676  -0.00372222    0.0355679
   0.0115676            0 -0.000625104   -0.0176111
  0.00372222  0.000625104            0    0.0235676
  -0.0355679    0.0176111   -0.0235676            0
EndNode1[0]<--->Repeater1[0]
REAL
   0.485602  0.00639044  -0.0183147     0.46467
 0.00639044   0.0235602   0.0278954 0.000346868
 -0.0183147   0.0278954   0.0209424  -0.0243582
    0.46467 0.000346868  -0.0243582    0.469895
IMAGINARY
           0   -0.0125458    0.0190302  -0.00840758
   0.0125458            0   0.00264574 -0.000320567
  -0.0190302  -0.00264574            0   0.00544904
  0.00840758  0.000320567  -0.00544904            0
EndNode2[0]<--->HoM1[0]
REAL
   0.463625   0.0062515  0.00360069     0.46036
  0.0062515   0.0221948   0.0283337 -0.00862582
 0.00360069   0.0283337   0.0308261   -0.017558
    0.46036 -0.00862582   -0.017558    0.483354
IMAGINARY
          0  0.00737032   0.0026279   0.0177372
-0.00737032           0  0.00383147  -0.0228893
 -0.0026279 -0.00383147           0   0.0155055
 -0.0177372   0.0228893  -0.0155055           0
Repeater1[0]<--->EndNode1[0]
REAL
   0.485602  -0.0183147  0.00639044     0.46467
 -0.0183147   0.0209424   0.0278954  -0.0243582
 0.00639044   0.0278954   0.0235602 0.000346868
    0.46467  -0.0243582 0.000346868    0.469895
IMAGINARY
           0    0.0190302   -0.0125458  -0.00840758
  -0.0190302            0  -0.00264574   0.00544904
   0.0125458   0.00264574            0 -0.000320567
  0.00840758  -0.00544904  0.000320567            0
Repeater1[0]<--->HoM1[0]
REAL
   0.463625  0.00360069   0.0062515     0.46036
 0.00360069   0.0308261   0.0283337   -0.017558
  0.0062515   0.0283337   0.0221948 -0.00862582
    0.46036   -0.017558 -0.00862582    0.483354
IMAGINARY
          0   0.0026279  0.00737032   0.0177372
 -0.0026279           0 -0.00383147   0.0155055
-0.00737032  0.00383147           0  -0.0228893
 -0.0177372  -0.0155055   0.0228893           0
EndNode1[0]<--->Repeater1[0]
REAL
   0.501205   0.0154175 0.000899817    0.463567
  0.0154175   0.0253012   0.0220913  0.00887854
0.000899817   0.0220913   0.0349398 -0.00955049
   0.463567  0.00887854 -0.00955049    0.438554
IMAGINARY
          0  0.00935257   -0.015027   0.0195239
-0.00935257           0   0.0118513   0.0137548
   0.015027  -0.0118513           0 -0.00553577
 -0.0195239  -0.0137548  0.00553577           0
EndNode2[0]<--->HoM1[0]
REAL
    0.46814 -0.00890235 -0.00267977    0.468403
-0.00890235   0.0286086   0.0223502 -0.00458575
-0.00267977   0.0223502   0.0286086  0.00295783
   0.468403 -0.00458575  0.00295783    0.474642
IMAGINARY
           0    0.0018983   0.00389676  -0.00128995
  -0.0018983            0  -0.00444253  5.06073e-05
 -0.00389676   0.00444253            0   -0.0124246
  0.00128995 -5.06073e-05    0.0124246            0
Repeater1[0]<--->EndNode1[0]
REAL
   0.501205 0.000899817   0.0154175    0.463567
0.000899817   0.0349398   0.0220913 -0.00955049
  0.0154175   0.0220913   0.0253012  0.00887854
   0.463567 -0.00955049  0.00887854    0.438554
IMAGINARY
          0   -0.015027  0.00935257   0.0195239
   0.015027           0  -0.0118513 -0.00553577
-0.00935257   0.0118513           0   0.0137548
 -0.0195239  0.00553577  -0.0137548           0
Repeater1[0]<--->HoM1[0]
REAL
    0.46814 -0.00267977 -0.00890235    0.468403
-0.00267977   0.0286086   0.0223502  0.00295783
-0.00890235   0.0223502   0.0286086 -0.00458575
   0.468403  0.00295783 -0.00458575    0.474642
IMAGINARY
           0   0.00389676    0.0018983  -0.00128995
 -0.00389676            0   0.00444253   -0.0124246
  -0.0018983  -0.00444253            0  5.06073e-05
  0.00128995    0.0124246 -5.06073e-05            0
EndNode1[0]<--->Repeater1[0]
REAL
   0.464286  0.00607577  -0.0014229    0.455828
 0.00607577   0.0304233   0.0300517 -0.00435373
 -0.0014229   0.0300517   0.0291005  -0.0105687
   0.455828 -0.00435373  -0.0105687     0.47619
IMAGINARY
           0   -0.0113643   0.00586663   -0.0109624
   0.0113643            0    0.0127806  0.000206249
 -0.00586663   -0.0127806            0   0.00394186
   0.0109624 -0.000206249  -0.00394186            0
EndNode2[0]<--->HoM1[0]
REAL
    0.44106   0.0127358 -0.00432221    0.463249
  0.0127358   0.0476821   0.0233996   0.0210111
-0.00432221   0.0233996   0.0344371  0.00662334
   0.463249   0.0210111  0.00662334    0.476821
IMAGINARY
          0  -0.0147014  0.00610661  0.00331115
  0.0147014           0  0.00851948   0.0202092
-0.00610661 -0.00851948           0  -0.0166269
-0.00331115  -0.0202092   0.0166269           0
Repeater1[0]<--->EndNode1[0]
REAL
   0.464286  -0.0014229  0.00607577    0.455828
 -0.0014229   0.0291005   0.0300517  -0.0105687
 0.00607577   0.0300517   0.0304233 -0.00435373
   0.455828  -0.0105687 -0.00435373     0.47619
IMAGINARY
           0   0.00586663   -0.0113643   -0.0109624
 -0.00586663            0   -0.0127806   0.00394186
   0.0113643    0.0127806            0  0.000206249
   0.0109624  -0.00394186 -0.000206249            0
Repeater1[0]<--->HoM1[0]
REAL
    0.44106 -0.00432221   0.0127358    0.463249
-0.00432221   0.0344371   0.0233996  0.00662334
  0.0127358   0.0233996   0.0476821   0.0210111
   0.463249  0.00662334   0.0210111    0.476821
IMAGINARY
          0  0.00610661  -0.0147014  0.00331115
-0.00610661           0 -0.00851948  -0.0166269
  0.0147014  0.00851948           0   0.0202092
-0.00331115   0.0166269  -0.0202092           0
EndNode1[0]<--->Repeater1[0]
REAL
    0.448799  -0.00410797  -0.00790396     0.456262
 -0.00410797    0.0429836     0.037202    0.0020216
 -0.00790396     0.037202    0.0379267 -0.000467193
    0.456262    0.0020216 -0.000467193     0.470291
IMAGINARY
          0  -0.0064753  0.00165311   0.0278322
  0.0064753           0  -0.0131074  0.00356882
-0.00165311   0.0131074           0  0.00908627
 -0.0278322 -0.00356882 -0.00908627           0
EndNode2[0]<--->HoM1[0]
REAL
  0.486076 0.00291056 0.00453874   0.462074
0.00291056  0.0405063  0.0288352 0.00195476
0.00453874  0.0288352  0.0316456 0.00488165
  0.462074 0.00195476 0.00488165   0.441772
IMAGINARY
          0   0.0136301  0.00311894 -0.00894771
 -0.0136301           0   0.0116002 -0.00880076
-0.00311894  -0.0116002           0  -0.0122097
 0.00894771  0.00880076   0.0122097           0
Repeater1[0]<--->EndNode1[0]
REAL
    0.448799  -0.00790396  -0.00410797     0.456262
 -0.00790396    0.0379267     0.037202 -0.000467193
 -0.00410797     0.037202    0.0429836    0.0020216
    0.456262 -0.000467193    0.0020216     0.470291
IMAGINARY
          0  0.00165311  -0.0064753   0.0278322
-0.00165311           0   0.0131074  0.00908627
  0.0064753  -0.0131074           0  0.00356882
 -0.0278322 -0.00908627 -0.00356882           0
Repeater1[0]<--->HoM1[0]
REAL
  0.486076 0.00453874 0.00291056   0.462074
0.00453874  0.0316456  0.0288352 0.00488165
0.00291056  0.0288352  0.0405063 0.00195476
  0.462074 0.00488165 0.00195476   0.441772
IMAGINARY
          0  0.00311894   0.0136301 -0.00894771
-0.00311894           0  -0.0116002  -0.0122097
 -0.0136301   0.0116002           0 -0.00880076
 0.00894771   0.0122097  0.00880076           0
EndNode1[0]<--->Repeater1[0]
REAL
   0.434501  0.00246607  -0.0155042    0.468437
 0.00246607   0.0298314   0.0198444  0.00769169
 -0.0155042   0.0198444   0.0492866 -0.00637232
   0.468437  0.00769169 -0.00637232    0.486381
IMAGINARY
           0  7.17182e-05    0.0141804  -0.00807827
-7.17182e-05            0  0.000265765   -0.0245843
  -0.0141804 -0.000265765            0   0.00788422
  0.00807827    0.0245843  -0.00788422            0
EndNode2[0]<--->HoM1[0]
REAL
  0.447268  -0.016346 0.00392241   0.451377
 -0.016346   0.021601  0.0269433 -0.0134075
0.00392241  0.0269433  0.0368488 0.00415089
  0.451377 -0.0134075 0.00415089   0.494282
IMAGINARY
          0 -0.00920868 -0.00788177  0.00188031
 0.00920868           0  0.00704827 -0.00723158
 0.00788177 -0.00704827           0   0.0167654
-0.00188031  0.00723158  -0.0167654           0
Repeater1[0]<--->EndNode1[0]
REAL
   0.434501  -0.0155042  0.00246607    0.468437
 -0.0155042   0.0492866   0.0198444 -0.00637232
 0.00246607   0.0198444   0.0298314  0.00769169
   0.468437 -0.00637232  0.00769169    0.486381
IMAGINARY
           0    0.0141804  7.17182e-05  -0.00807827
  -0.0141804            0 -0.000265765   0.00788422
-7.17182e-05  0.000265765            0   -0.0245843
  0.00807827  -0.00788422    0.0245843            0
Repeater1[0]<--->HoM1[0]
REAL
  0.447268 0.00392241  -0.016346   0.451377
0.00392241  0.0368488  0.0269433 0.00415089
 -0.016346  0.0269433   0.021601 -0.0134075
  0.451377 0.00415089 -0.0134075   0.494282
IMAGINARY
          0 -0.00788177 -0.00920868  0.00188031
 0.00788177           0 -0.00704827   0.0167654
 0.00920868  0.00704827           0 -0.00723158
-0.00188031  -0.0167654  0.00723158           0
EndNode1[0]<--->Repeater1[0]
REAL
   0.475477 -0.00657429   0.0136606      0.4606
-0.00657429   0.0326975   0.0267578 -0.00670736
  0.0136606   0.0267578    0.020436  0.00594218
     0.4606 -0.00670736  0.00594218     0.47139
IMAGINARY
           0  0.000410253   -0.0201892   0.00410532
-0.000410253            0   -0.0159952   0.00619431
   0.0201892    0.0159952            0    0.0135847
 -0.00410532  -0.00619431   -0.0135847            0
EndNode2[0]<--->HoM1[0]
REAL
    0.477612   0.00569675   0.00315249     0.459622
  0.00569675     0.036635    0.0309565  -0.00247955
  0.00315249    0.0309565    0.0257802 -0.000986117
    0.459622  -0.00247955 -0.000986117     0.459973
IMAGINARY
           0   0.00651151  -0.00139993   0.00590959
 -0.00651151            0   -0.0126581  -0.00454459
  0.00139993    0.0126581            0 -0.000566995
 -0.00590959   0.00454459  0.000566995            0
Repeater1[0]<--->EndNode1[0]
REAL
   0.475477   0.0136606 -0.00657429      0.4606
  0.0136606    0.020436   0.0267578  0.00594218
-0.00657429   0.0267578   0.0326975 -0.00670736
     0.4606  0.00594218 -0.00670736     0.47139
IMAGINARY
           0   -0.0201892  0.000410253   0.00410532
   0.0201892            0    0.0159952    0.0135847
-0.000410253   -0.0159952            0   0.00619431
 -0.00410532   -0.0135847  -0.00619431            0
Repeater1[0]<--->HoM1[0]
REAL
    0.477612   0.00315249   0.00569675     0.459622
  0.00315249    0.0257802    0.0309565 -0.000986117
  0.00569675    0.0309565     0.036635  -0.00247955
    0.459622 -0.000986117  -0.00247955     0.459973
IMAGINARY
           0  -0.00139993   0.00651151   0.00590959
  0.00139993            0    0.0126581 -0.000566995
 -0.00651151   -0.0126581            0  -0.00454459
 -0.00590959  0.000566995   0.00454459            0
EndNode1[0]<--->Repeater1[0]
REAL
    0.477302 -0.000180347    0.0213819     0.467852
-0.000180347    0.0389105    0.0257866   0.00533567
   0.0213819    0.0257866    0.0350195    0.0281702
    0.467852   0.00533567    0.0281702     0.448768
IMAGINARY
          0  -0.0217023  0.00903227  -0.0128069
  0.0217023           0  0.00958113   0.0211944
-0.00903227 -0.00958113           0  -0.0236378
  0.0128069  -0.0211944   0.0236378           0
EndNode2[0]<--->HoM1[0]
REAL
   0.451948  0.00594099  -0.0148566    0.464833
 0.00594099   0.0402597   0.0263511  0.00981877
 -0.0148566   0.0263511   0.0311688 -0.00720044
   0.464833  0.00981877 -0.00720044    0.476623
IMAGINARY
         0  0.0229058  -0.024064  0.0225667
-0.0229058          0  0.0120077 -0.0112763
  0.024064 -0.0120077          0  0.0294503
-0.0225667  0.0112763 -0.0294503          0
Repeater1[0]<--->EndNode1[0]
REAL
    0.477302    0.0213819 -0.000180347     0.467852
   0.0213819    0.0350195    0.0257866    0.0281702
-0.000180347    0.0257866    0.0389105   0.00533567
    0.467852    0.0281702   0.00533567     0.448768
IMAGINARY
          0  0.00903227  -0.0217023  -0.0128069
-0.00903227           0 -0.00958113  -0.0236378
  0.0217023  0.00958113           0   0.0211944
  0.0128069   0.0236378  -0.0211944           0
Repeater1[0]<--->HoM1[0]
REAL
   0.451948  -0.0148566  0.00594099    0.464833
 -0.0148566   0.0311688   0.0263511 -0.00720044
 0.00594099   0.0263511   0.0402597  0.00981877
   0.464833 -0.00720044  0.00981877    0.476623
IMAGINARY
         0  -0.024064  0.0229058  0.0225667
  0.024064          0 -0.0120077  0.0294503
-0.0229058  0.0120077          0 -0.0112763
-0.0225667 -0.0294503  0.0112763          0
EndNode1[0]<--->Repeater1[0]
REAL
   0.451444  -0.0157561  -0.0279055     0.46264
 -0.0157561   0.0314961   0.0265495  0.00222981
 -0.0279055   0.0265495   0.0354331 -0.00991955
    0.46264  0.00222981 -0.00991955    0.481627
IMAGINARY
          0 -0.00362333 -0.00451482 -0.00776398
 0.00362333           0 -0.00776398  0.00576795
 0.00451482  0.00776398           0   0.0061296
 0.00776398 -0.00576795  -0.0061296           0
EndNode2[0]<--->HoM1[0]
REAL
   0.478969 -0.00700898  0.00685399    0.454847
-0.00700898   0.0352782   0.0364793 -0.00375609
 0.00685399   0.0364793    0.036635   0.0138243
   0.454847 -0.00375609   0.0138243    0.449118
IMAGINARY
          0  0.00888608 -0.00874978  0.00701447
-0.00888608           0  -0.0138981   0.0045481
 0.00874978   0.0138981           0 -0.00228344
-0.00701447  -0.0045481  0.00228344           0
Repeater1[0]<--->EndNode1[0]
REAL
   0.451444  -0.0279055  -0.0157561     0.46264
 -0.0279055   0.0354331   0.0265495 -0.00991955
 -0.0157561   0.0265495   0.0314961  0.00222981
    0.46264 -0.00991955  0.00222981    0.481627
IMAGINARY
          0 -0.00451482 -0.00362333 -0.00776398
 0.00451482           0  0.00776398   0.0061296
 0.00362333 -0.00776398           0  0.00576795
 0.00776398  -0.0061296 -0.00576795           0
Repeater1[0]<--->HoM1[0]
REAL
   0.478969  0.00685399 -0.00700898    0.454847
 0.00685399    0.036635   0.0364793   0.0138243
-0.00700898   0.0364793   0.0352782 -0.00375609
   0.454847   0.0138243 -0.00375609    0.449118
IMAGINARY
          0 -0.00874978  0.00888608  0.00701447
 0.00874978           0   0.0138981 -0.00228344
-0.00888608  -0.0138981           0   0.0045481
-0.00701447  0.00228344  -0.0045481           0
EndNode1[0]<--->Repeater1[0]
REAL
  0.463235  0.0105315 0.00534459   0.463976
 0.0105315  0.0269608  0.0221001   0.018706
0.00534459  0.0221001  0.0318627  0.0198483
  0.463976   0.018706  0.0198483   0.477941
IMAGINARY
           0  -0.00953072    0.0055298   0.00201712
  0.00953072            0    0.0224927  0.000414714
  -0.0055298   -0.0224927            0  -0.00169782
 -0.00201712 -0.000414714   0.00169782            0
EndNode2[0]<--->HoM1[0]
REAL
   0.448549  0.00141204 -0.00338818    0.458354
 0.00141204   0.0329815   0.0310358  -0.0112007
-0.00338818   0.0310358   0.0343008  -0.0160009
   0.458354  -0.0112007  -0.0160009    0.484169
IMAGINARY
          0   0.0106229  -0.0141151 -0.00478132
 -0.0106229           0  -0.0338819  -0.0159601
  0.0141151   0.0338819           0   0.0144397
 0.00478132   0.0159601  -0.0144397           0
Repeater1[0]<--->EndNode1[0]
REAL
  0.463235 0.00534459  0.0105315   0.463976
0.00534459  0.0318627  0.0221001  0.0198483
 0.0105315  0.0221001  0.0269608   0.018706
  0.463976  0.0198483   0.018706   0.477941
IMAGINARY
           0    0.0055298  -0.00953072   0.00201712
  -0.0055298            0   -0.0224927  -0.00169782
  0.00953072    0.0224927            0  0.000414714
 -0.00201712   0.00169782 -0.000414714            0
Repeater1[0]<--->HoM1[0]
REAL
   0.448549 -0.00338818  0.00141204    0.458354
-0.00338818   0.0343008   0.0310358  -0.0160009
 0.00141204   0.0310358   0.0329815  -0.0112007
   0.458354  -0.0160009  -0.0112007    0.484169
IMAGINARY
          0  -0.0141151   0.0106229 -0.00478132
  0.0141151           0   0.0338819   0.0144397
 -0.0106229  -0.0338819           0  -0.0159601
 0.00478132  -0.0144397   0.0159601           0
EndNode1[0]<--->Repeater1[0]
REAL
   0.470437 -0.00289601 -0.00863179     0.46489
-0.00289601   0.0398458   0.0224352 -0.00594362
-0.00863179   0.0224352   0.0372751  -0.0142143
    0.46489 -0.00594362  -0.0142143    0.452442
IMAGINARY
           0   0.00546671   -0.0121829   0.00181096
 -0.00546671            0  -0.00844545  -0.00316232
   0.0121829   0.00844545            0  0.000927151
 -0.00181096   0.00316232 -0.000927151            0
EndNode2[0]<--->HoM1[0]
REAL
    0.490862  -0.00372984 -0.000922503     0.461627
 -0.00372984    0.0248042    0.0195284  -0.00159006
-0.000922503    0.0195284    0.0274151   0.00749869
    0.461627  -0.00159006   0.00749869     0.456919
IMAGINARY
          0  -0.0120512   0.0198392  0.00587121
  0.0120512           0 -0.00267018  -0.0180298
 -0.0198392  0.00267018           0 -0.00182098
-0.00587121   0.0180298  0.00182098           0
Repeater1[0]<--->EndNode1[0]
REAL
   0.470437 -0.00863179 -0.00289601     0.46489
-0.00863179   0.0372751   0.0224352  -0.0142143
-0.00289601   0.0224352   0.0398458 -0.00594362
    0.46489  -0.0142143 -0.00594362    0.452442
IMAGINARY
           0   -0.0121829   0.00546671   0.00181096
   0.0121829            0   0.00844545  0.000927151
 -0.00546671  -0.00844545            0  -0.00316232
 -0.00181096 -0.000927151   0.00316232            0
Repeater1[0]<--->HoM1[0]
REAL
    0.490862 -0.000922503  -0.00372984     0.461627
-0.000922503    0.0274151    0.0195284   0.00749869
 -0.00372984    0.0195284    0.0248042  -0.00159006
    0.461627   0.00749869  -0.00159006     0.456919
IMAGINARY
          0   0.0198392  -0.0120512  0.00587121
 -0.0198392           0  0.00267018 -0.00182098
  0.0120512 -0.00267018           0  -0.0180298
-0.00587121  0.00182098   0.0180298           0
EndNode1[0]<--->Repeater1[0]
REAL
   0.466495  0.00835292  0.00984288    0.462091
 0.00835292   0.0399485   0.0244319 -0.00175663
 0.00984288   0.0244319   0.0373711  0.00242875
   0.462091 -0.00175663  0.00242875    0.456186
IMAGINARY
           0  -0.00487476   -0.0100813   0.00256431
  0.00487476            0   -0.0135232    0.0215316
   0.0100813    0.0135232            0 -0.000214303
 -0.00256431   -0.0215316  0.000214303            0
EndNode2[0]<--->HoM1[0]
REAL
    0.472329  -0.00838849   0.00161277     0.462461
 -0.00838849     0.023166    0.0244667  -0.00488074
  0.00161277    0.0244667     0.032175 -0.000108239
    0.462461  -0.00488074 -0.000108239     0.472329
IMAGINARY
          0  -0.0024528 -0.00566332 -0.00892642
  0.0024528           0  0.00954143  -0.0101678
 0.00566332 -0.00954143           0   0.0169647
 0.00892642   0.0101678  -0.0169647           0
Repeater1[0]<--->EndNode1[0]
REAL
   0.466495  0.00984288  0.00835292    0.462091
 0.00984288   0.0373711   0.0244319  0.00242875
 0.00835292   0.0244319   0.0399485 -0.00175663
   0.462091  0.00242875 -0.00175663    0.456186
IMAGINARY
           0   -0.0100813  -0.00487476   0.00256431
   0.0100813            0    0.0135232 -0.000214303
  0.00487476   -0.0135232            0    0.0215316
 -0.00256431  0.000214303   -0.0215316            0
Repeater1[0]<--->HoM1[0]
REAL
    0.472329   0.00161277  -0.00838849     0.462461
  0.00161277     0.032175    0.0244667 -0.000108239
 -0.00838849    0.0244667     0.023166  -0.00488074
    0.462461 -0.000108239  -0.00488074     0.472329
IMAGINARY
          0 -0.00566332  -0.0024528 -0.00892642
 0.00566332           0 -0.00954143   0.0169647
  0.0024528  0.00954143           0  -0.0101678
 0.00892642  -0.0169647   0.0101678           0
EndNode1[0]<--->Repeater1[0]
REAL
  0.472924  0.0373869  0.0204792    0.46627
 0.0373869  0.0361011  0.0263224   0.010385
 0.0204792  0.0263224  0.0300842 -0.0089918
   0.46627   0.010385 -0.0089918    0.46089
IMAGINARY
          0 -0.00626548  0.00815628  -0.0111457
 0.00626548           0 -0.00700202   0.0127314
-0.00815628  0.00700202           0  -0.0172332
  0.0111457  -0.0127314   0.0172332           0
EndNode2[0]<--->HoM1[0]
REAL
   0.468293   0.0140507   -0.010535     0.46372
  0.0140507   0.0243902   0.0297699   0.0235559
  -0.010535   0.0297699   0.0402439 -0.00233197
    0.46372   0.0235559 -0.00233197    0.467073
IMAGINARY
          0  -0.0166998 -0.00840196 -0.00391684
  0.0166998           0  0.00817993  0.00906246
 0.00840196 -0.00817993           0   0.0266073
 0.00391684 -0.00906246  -0.0266073           0
Repeater1[0]<--->EndNode1[0]
REAL
  0.472924  0.0204792  0.0373869    0.46627
 0.0204792  0.0300842  0.0263224 -0.0089918
 0.0373869  0.0263224  0.0361011   0.010385
   0.46627 -0.0089918   0.010385    0.46089
IMAGINARY
          0  0.00815628 -0.00626548  -0.0111457
-0.00815628           0  0.00700202  -0.0172332
 0.00626548 -0.00700202           0   0.0127314
  0.0111457   0.0172332  -0.0127314           0
Repeater1[0]<--->HoM1[0]
REAL
   0.468293   -0.010535   0.0140507     0.46372
  -0.010535   0.0402439   0.0297699 -0.00233197
  0.0140507   0.0297699   0.0243902   0.0235559
    0.46372 -0.00233197   0.0235559    0.467073
IMAGINARY
          0 -0.00840196  -0.0166998 -0.00391684
 0.00840196           0 -0.00817993   0.0266073
  0.0166998  0.00817993           0  0.00906246
 0.00391684  -0.0266073 -0.00906246           0
EndNode1[0]<--->Repeater1[0]
REAL
   0.471448 7.03414e-05 -0.00115393    0.458171
7.03414e-05   0.0345286   0.0325205   0.0051433
-0.00115393   0.0325205   0.0265604  0.00258923
   0.458171   0.0051433  0.00258923    0.467463
IMAGINARY
          0   0.0155011  -0.0215918 -0.00419445
 -0.0155011           0  0.00159705   0.0048632
  0.0215918 -0.00159705           0   0.0136191
 0.00419445  -0.0048632  -0.0136191           0
EndNode2[0]<--->HoM1[0]
REAL
   0.448187 -0.00990722   0.0116281    0.465287
-0.00990722   0.0310881    0.027185  -0.0235478
  0.0116281    0.027185   0.0479275 -0.00201248
   0.465287  -0.0235478 -0.00201248    0.472798
IMAGINARY
           0   0.00233803  0.000631414   0.00296296
 -0.00233803            0   -0.0062395  -0.00131917
-0.000631414    0.0062395            0  -0.00577682
 -0.00296296   0.00131917   0.00577682            0
Repeater1[0]<--->EndNode1[0]
REAL
   0.471448 -0.00115393 7.03414e-05    0.458171
-0.00115393   0.0265604   0.0325205  0.00258923
7.03414e-05   0.0325205   0.0345286   0.0051433
   0.458171  0.00258923   0.0051433    0.467463
IMAGINARY
          0  -0.0215918   0.0155011 -0.00419445
  0.0215918           0 -0.00159705   0.0136191
 -0.0155011  0.00159705           0   0.0048632
 0.00419445  -0.0136191  -0.0048632           0
Repeater1[0]<--->HoM1[0]
REAL
   0.448187   0.0116281 -0.00990722    0.465287
  0.0116281   0.0479275    0.027185 -0.00201248
-0.00990722    0.027185   0.0310881  -0.0235478
   0.465287 -0.00201248  -0.0235478    0.472798
IMAGINARY
           0  0.000631414   0.00233803   0.00296296
-0.000631414            0    0.0062395  -0.00577682
 -0.00233803   -0.0062395            0  -0.00131917
 -0.00296296   0.00577682   0.00131917            0
EndNode1[0]<--->Repeater1[0]
REAL
    0.46089   0.0229913 -0.00375438    0.461858
  0.0229913   0.0433213   0.0213242  0.00440121
-0.00375438   0.0213242   0.0288809  -0.0107015
   0.461858  0.00440121  -0.0107015    0.466907
IMAGINARY
          0  -0.0114323   0.0134778 -0.00526026
  0.0114323           0 -0.00593869 -0.00740988
 -0.0134778  0.00593869           0   0.0138595
 0.00526026  0.00740988  -0.0138595           0
EndNode2[0]<--->HoM1[0]
REAL
   0.48822 0.00125767 0.00653738   0.452403
0.00125767  0.0274869   0.036403 0.00590043
0.00653738   0.036403  0.0248691  0.0124239
  0.452403 0.00590043  0.0124239   0.459424
IMAGINARY
          0  -0.0136914   0.0179205  -0.0082232
  0.0136914           0   0.0134588  0.00474613
 -0.0179205  -0.0134588           0   -0.015642
  0.0082232 -0.00474613    0.015642           0
Repeater1[0]<--->EndNode1[0]
REAL
    0.46089 -0.00375438   0.0229913    0.461858
-0.00375438   0.0288809   0.0213242  -0.0107015
  0.0229913   0.0213242   0.0433213  0.00440121
   0.461858  -0.0107015  0.00440121    0.466907
IMAGINARY
          0   0.0134778  -0.0114323 -0.00526026
 -0.0134778           0  0.00593869   0.0138595
  0.0114323 -0.00593869           0 -0.00740988
 0.00526026  -0.0138595  0.00740988           0
Repeater1[0]<--->HoM1[0]
REAL
   0.48822 0.00653738 0.00125767   0.452403
0.00653738  0.0248691   0.036403  0.0124239
0.00125767   0.036403  0.0274869 0.00590043
  0.452403  0.0124239 0.00590043   0.459424
IMAGINARY
          0   0.0179205  -0.0136914  -0.0082232
 -0.0179205           0  -0.0134588   -0.015642
  0.0136914   0.0134588           0  0.00474613
  0.0082232    0.015642 -0.00474613           0
EndNode1[0]<--->Repeater1[0]
REAL
   0.488462  0.00166603 -0.00891379    0.460965
 0.00166603   0.0358974   0.0270028 -0.00445519
-0.00891379   0.0270028   0.0307692  -0.0110243
   0.460965 -0.00445519  -0.0110243    0.444872
IMAGINARY
          0 -0.00756156 -0.00651787   0.0270149
 0.00756156           0  0.00954174 -0.00965463
 0.00651787 -0.00954174           0   0.0223864
 -0.0270149  0.00965463  -0.0223864           0
EndNode2[0]<--->HoM1[0]
REAL
   0.449875 -0.00370279 0.000223429    0.459346
-0.00370279    0.037594   0.0232045  -0.0156597
0.000223429   0.0232045   0.0263158 -0.00502205
   0.459346  -0.0156597 -0.00502205    0.486216
IMAGINARY
          0 -0.00680809 -0.00876658  0.00833968
 0.00680809           0  0.00894427   0.0182774
 0.00876658 -0.00894427           0 -0.00949626
-0.00833968  -0.0182774  0.00949626           0
Repeater1[0]<--->EndNode1[0]
REAL
   0.488462 -0.00891379  0.00166603    0.460965
-0.00891379   0.0307692   0.0270028  -0.0110243
 0.00166603   0.0270028   0.0358974 -0.00445519
   0.460965  -0.0110243 -0.00445519    0.444872
IMAGINARY
          0 -0.00651787 -0.00756156   0.0270149
 0.00651787           0 -0.00954174   0.0223864
 0.00756156  0.00954174           0 -0.00965463
 -0.0270149  -0.0223864  0.00965463           0
Repeater1[0]<--->HoM1[0]
REAL
   0.449875 0.000223429 -0.00370279    0.459346
0.000223429   0.0263158   0.0232045 -0.00502205
-0.00370279   0.0232045    0.037594  -0.0156597
   0.459346 -0.00502205  -0.0156597    0.486216
IMAGINARY
          0 -0.00876658 -0.00680809  0.00833968
 0.00876658           0 -0.00894427 -0.00949626
 0.00680809  0.00894427           0   0.0182774
-0.00833968  0.00949626  -0.0182774           0
EndNode1[0]<--->Repeater1[0]
REAL
   0.501238  0.00490386 -0.00793651    0.453561
 0.00490386   0.0247525   0.0279202 -0.00793651
-0.00793651   0.0279202   0.0284653  -0.0181314
   0.453561 -0.00793651  -0.0181314    0.445545
IMAGINARY
          0  -0.0142281  -0.0137165  0.00984114
  0.0142281           0   0.0150631  0.00089597
  0.0137165  -0.0150631           0   0.0347409
-0.00984114 -0.00089597  -0.0347409           0
EndNode2[0]<--->HoM1[0]
REAL
  0.456774 -0.0121118 -0.0225608   0.457499
-0.0121118  0.0374194  0.0308581 0.00768371
-0.0225608  0.0308581  0.0283871  0.0011157
  0.457499 0.00768371  0.0011157   0.477419
IMAGINARY
           0  9.29306e-05    0.0102803 -0.000305998
-9.29306e-05            0 -0.000305998  -0.00191481
  -0.0102803  0.000305998            0   -0.0148934
 0.000305998   0.00191481    0.0148934            0
Repeater1[0]<--->EndNode1[0]
REAL
   0.501238 -0.00793651  0.00490386    0.453561
-0.00793651   0.0284653   0.0279202  -0.0181314
 0.00490386   0.0279202   0.0247525 -0.00793651
   0.453561  -0.0181314 -0.00793651    0.445545
IMAGINARY
          0  -0.0137165  -0.0142281  0.00984114
  0.0137165           0  -0.0150631   0.0347409
  0.0142281   0.0150631           0  0.00089597
-0.00984114  -0.0347409 -0.00089597           0
Repeater1[0]<--->HoM1[0]
REAL
  0.456774 -0.0225608 -0.0121118   0.457499
-0.0225608  0.0283871  0.0308581  0.0011157
-0.0121118  0.0308581  0.0374194 0.00768371
  0.457499  0.0011157 0.00768371   0.477419
IMAGINARY
           0    0.0102803  9.29306e-05 -0.000305998
  -0.0102803            0  0.000305998   -0.0148934
-9.29306e-05 -0.000305998            0  -0.00191481
 0.000305998    0.0148934   0.00191481            0
EndNode1[0]<--->Repeater1[0]
REAL
  0.477876 -0.0128846   0.015062   0.466246
-0.0128846  0.0252845  0.0159194 -0.0080556
  0.015062  0.0159194  0.0353982  0.0122477
  0.466246 -0.0080556  0.0122477   0.461441
IMAGINARY
           0   0.00517048   0.00969233    0.0128935
 -0.00517048            0  -0.00621061  -0.00250279
 -0.00969233   0.00621061            0  0.000711877
  -0.0128935   0.00250279 -0.000711877            0
EndNode2[0]<--->HoM1[0]
REAL
   0.475806 -0.00740432  0.00285853     0.45892
-0.00740432   0.0282258   0.0282764  0.00674454
 0.00285853   0.0282764   0.0403226   0.0144466
    0.45892  0.00674454   0.0144466    0.455645
IMAGINARY
           0  -0.00253409    0.0067045   -0.0123867
  0.00253409            0  -0.00459446  -0.00355191
  -0.0067045   0.00459446            0  0.000642535
   0.0123867   0.00355191 -0.000642535            0
Repeater1[0]<--->EndNode1[0]
REAL
  0.477876   0.015062 -0.0128846   0.466246
  0.015062  0.0353982  0.0159194  0.0122477
-0.0128846  0.0159194  0.0252845 -0.0080556
  0.466246  0.0122477 -0.0080556   0.461441
IMAGINARY
           0   0.00969233   0.00517048    0.0128935
 -0.00969233            0   0.00621061  0.000711877
 -0.00517048  -0.00621061            0  -0.00250279
  -0.0128935 -0.000711877   0.00250279            0
Repeater1[0]<--->HoM1[0]
REAL
   0.475806  0.00285853 -0.00740432     0.45892
 0.00285853   0.0403226   0.0282764   0.0144466
-0.00740432   0.0282764   0.0282258  0.00674454
    0.45892   0.0144466  0.00674454    0.455645
IMAGINARY
           0    0.0067045  -0.00253409   -0.0123867
  -0.0067045            0   0.00459446  0.000642535
  0.00253409  -0.00459446            0  -0.00355191
   0.0123867 -0.000642535   0.00355191            0
EndNode1[0]<--->Repeater1[0]
REAL
    0.474684 -0.000187985 -0.000751746     0.460487
-0.000187985    0.0329114    0.0232427   0.00763535
-0.000751746    0.0232427    0.0367089   0.00582003
    0.460487   0.00763535   0.00582003     0.455696
IMAGINARY
          0 -0.00192664   0.0065702  -0.0115198
 0.00192664           0  -0.0159671 -0.00179531
 -0.0065702   0.0159671           0  0.00533728
  0.0115198  0.00179531 -0.00533728           0
EndNode2[0]<--->HoM1[0]
REAL
    0.47541 -0.00618485 -0.00173118    0.462701
-0.00618485   0.0315259   0.0274221  -0.0180219
-0.00173118   0.0274221   0.0327869  -0.0185065
   0.462701  -0.0180219  -0.0185065    0.460277
IMAGINARY
           0   0.00391749   0.00690117  -0.00108821
 -0.00391749            0  -0.00576111  0.000713047
 -0.00690117   0.00576111            0   -0.0153388
  0.00108821 -0.000713047    0.0153388            0
Repeater1[0]<--->EndNode1[0]
REAL
    0.474684 -0.000751746 -0.000187985     0.460487
-0.000751746    0.0367089    0.0232427   0.00582003
-0.000187985    0.0232427    0.0329114   0.00763535
    0.460487   0.00582003   0.00763535     0.455696
IMAGINARY
          0   0.0065702 -0.00192664  -0.0115198
 -0.0065702           0   0.0159671  0.00533728
 0.00192664  -0.0159671           0 -0.00179531
  0.0115198 -0.00533728  0.00179531           0
Repeater1[0]<--->HoM1[0]
REAL
    0.47541 -0.00173118 -0.00618485    0.462701
-0.00173118   0.0327869   0.0274221  -0.0185065
-0.00618485   0.0274221   0.0315259  -0.0180219
   0.462701  -0.0185065  -0.0180219    0.460277
IMAGINARY
           0   0.00690117   0.00391749  -0.00108821
 -0.00690117            0   0.00576111   -0.0153388
 -0.00391749  -0.00576111            0  0.000713047
  0.00108821    0.0153388 -0.000713047            0
EndNode1[0]<--->Repeater1[0]
REAL
   0.470822  0.00896827 -0.00304506    0.457517
 0.00896827   0.0371353   0.0313172  -0.0081212
-0.00304506   0.0313172   0.0238727  -0.0164124
   0.457517  -0.0081212  -0.0164124     0.46817
IMAGINARY
          0 -0.00907626  0.00961037  0.00371008
 0.00907626           0  -0.0017544 -0.00530533
-0.00961037   0.0017544           0   0.0146113
-0.00371008  0.00530533  -0.0146113           0
EndNode2[0]<--->HoM1[0]
REAL
  0.447742  0.0198056  0.0180988   0.460313
 0.0198056  0.0412903  0.0261734 0.00622549
 0.0180988  0.0261734       0.04 0.00992415
  0.460313 0.00622549 0.00992415   0.470968
IMAGINARY
          0   -0.013294  0.00688335  -0.0150738
   0.013294           0   0.0245301   0.0119339
-0.00688335  -0.0245301           0 -0.00686728
  0.0150738  -0.0119339  0.00686728           0
Repeater1[0]<--->EndNode1[0]
REAL
   0.470822 -0.00304506  0.00896827    0.457517
-0.00304506   0.0238727   0.0313172  -0.0164124
 0.00896827   0.0313172   0.0371353  -0.0081212
   0.457517  -0.0164124  -0.0081212     0.46817
IMAGINARY
          0  0.00961037 -0.00907626  0.00371008
-0.00961037           0   0.0017544   0.0146113
 0.00907626  -0.0017544           0 -0.00530533
-0.00371008  -0.0146113  0.00530533           0
Repeater1[0]<--->HoM1[0]
REAL
  0.447742  0.0180988  0.0198056   0.460313
 0.0180988       0.04  0.0261734 0.00992415
 0.0198056  0.0261734  0.0412903 0.00622549
  0.460313 0.00992415 0.00622549   0.470968
IMAGINARY
          0  0.00688335   -0.013294  -0.0150738
-0.00688335           0  -0.0245301 -0.00686728
   0.013294   0.0245301           0   0.0119339
  0.0150738  0.00686728  -0.0119339           0
EndNode1[0]<--->Repeater1[0]
REAL
   0.453317 -0.00442668 -0.00201552    0.456834
-0.00442668    0.029484   0.0278014   0.0103382
-0.00201552   0.0278014   0.0307125   0.0153102
   0.456834   0.0103382   0.0153102    0.486486
IMAGINARY
           0   -0.0035213  -0.00491978    0.0234378
   0.0035213            0 -0.000626414   0.00169398
  0.00491978  0.000626414            0  0.000295494
  -0.0234378  -0.00169398 -0.000295494            0
EndNode2[0]<--->HoM1[0]
REAL
 0.479401 0.0139903 0.0311473  0.460506
0.0139903 0.0337079 0.0248952 -0.010466
0.0311473 0.0248952 0.0274657 0.0139903
 0.460506 -0.010466 0.0139903  0.459426
IMAGINARY
           0  0.000636736     0.008147  -0.00869315
-0.000636736            0   0.00113647   -0.0140603
   -0.008147  -0.00113647            0  -0.00129377
  0.00869315    0.0140603   0.00129377            0
Repeater1[0]<--->EndNode1[0]
REAL
   0.453317 -0.00201552 -0.00442668    0.456834
-0.00201552   0.0307125   0.0278014   0.0153102
-0.00442668   0.0278014    0.029484   0.0103382
   0.456834   0.0153102   0.0103382    0.486486
IMAGINARY
           0  -0.00491978   -0.0035213    0.0234378
  0.00491978            0  0.000626414  0.000295494
   0.0035213 -0.000626414            0   0.00169398
  -0.0234378 -0.000295494  -0.00169398            0
Repeater1[0]<--->HoM1[0]
REAL
 0.479401 0.0311473 0.0139903  0.460506
0.0311473 0.0274657 0.0248952 0.0139903
0.0139903 0.0248952 0.0337079 -0.010466
 0.460506 0.0139903 -0.010466  0.459426
IMAGINARY
           0     0.008147  0.000636736  -0.00869315
   -0.008147            0  -0.00113647  -0.00129377
-0.000636736   0.00113647            0   -0.0140603
  0.00869315   0.00129377    0.0140603            0
EndNode1[0]<--->Repeater1[0]
REAL
   0.477273   0.0129074  0.00575915    0.462518
  0.0129074   0.0334225     0.03067  0.00377764
 0.00575915     0.03067   0.0294118 -0.00200826
   0.462518  0.00377764 -0.00200826    0.459893
IMAGINARY
          0  -0.0171671   0.0300929 -0.00707256
  0.0171671           0   0.0120601 -0.00584654
 -0.0300929  -0.0120601           0 -0.00183687
 0.00707256  0.00584654  0.00183687           0
EndNode2[0]<--->HoM1[0]
REAL
   0.473475  0.00613318  0.00399861     0.46219
 0.00613318   0.0371353   0.0257941  -0.0073364
 0.00399861   0.0257941   0.0424403 -0.00279539
    0.46219  -0.0073364 -0.00279539     0.44695
IMAGINARY
          0   0.0202481 -0.00334835 -0.00110365
 -0.0202481           0  0.00492045 -0.00784129
 0.00334835 -0.00492045           0  -0.0114142
 0.00110365  0.00784129   0.0114142           0
Repeater1[0]<--->EndNode1[0]
REAL
   0.477273  0.00575915   0.0129074    0.462518
 0.00575915   0.0294118     0.03067 -0.00200826
  0.0129074     0.03067   0.0334225  0.00377764
   0.462518 -0.00200826  0.00377764    0.459893
IMAGINARY
          0   0.0300929  -0.0171671 -0.00707256
 -0.0300929           0  -0.0120601 -0.00183687
  0.0171671   0.0120601           0 -0.00584654
 0.00707256  0.00183687  0.00584654           0
Repeater1[0]<--->HoM1[0]
REAL
   0.473475  0.00399861  0.00613318     0.46219
 0.00399861   0.0424403   0.0257941 -0.00279539
 0.00613318   0.0257941   0.0371353  -0.0073364
    0.46219 -0.00279539  -0.0073364     0.44695
IMAGINARY
          0 -0.00334835   0.0202481 -0.00110365
 0.00334835           0 -0.00492045  -0.0114142
 -0.0202481  0.00492045           0 -0.00784129
 0.00110365   0.0114142  0.00784129           0
EndNode1[0]<--->Repeater1[0]
REAL
    0.472422 -0.000648257  -0.00475283     0.469474
-0.000648257    0.0407674    0.0241405  -0.00227144
 -0.00475283    0.0241405    0.0359712  -0.00254459
    0.469474  -0.00227144  -0.00254459     0.450839
IMAGINARY
          0   0.0100203  -0.0212996   0.0183909
 -0.0100203           0  0.00567332  0.00396631
  0.0212996 -0.00567332           0 -0.00202028
 -0.0183909 -0.00396631  0.00202028           0
EndNode2[0]<--->HoM1[0]
REAL
   0.453046 -0.00360793  -0.0191032    0.458728
-0.00360793   0.0393401    0.026546 -0.00700125
 -0.0191032    0.026546   0.0329949   -0.015803
   0.458728 -0.00700125   -0.015803    0.474619
IMAGINARY
           0   -0.0271793    0.0116634    0.0127375
   0.0271793            0  0.000351543     0.013614
  -0.0116634 -0.000351543            0   0.00066881
  -0.0127375    -0.013614  -0.00066881            0
Repeater1[0]<--->EndNode1[0]
REAL
    0.472422  -0.00475283 -0.000648257     0.469474
 -0.00475283    0.0359712    0.0241405  -0.00254459
-0.000648257    0.0241405    0.0407674  -0.00227144
    0.469474  -0.00254459  -0.00227144     0.450839
IMAGINARY
          0  -0.0212996   0.0100203   0.0183909
  0.0212996           0 -0.00567332 -0.00202028
 -0.0100203  0.00567332           0  0.00396631
 -0.0183909  0.00202028 -0.00396631           0
Repeater1[0]<--->HoM1[0]
REAL
   0.453046  -0.0191032 -0.00360793    0.458728
 -0.0191032   0.0329949    0.026546   -0.015803
-0.00360793    0.026546   0.0393401 -0.00700125
   0.458728   -0.015803 -0.00700125    0.474619
IMAGINARY
           0    0.0116634   -0.0271793    0.0127375
  -0.0116634            0 -0.000351543   0.00066881
   0.0271793  0.000351543            0     0.013614
  -0.0127375  -0.00066881    -0.013614            0
EndNode1[0]<--->Repeater1[0]
REAL
    0.461012 -0.000922266   -0.0099799     0.463348
-0.000922266    0.0273598     0.024794    0.0106387
  -0.0099799     0.024794    0.0355677   0.00816864
    0.463348    0.0106387   0.00816864      0.47606
IMAGINARY
          0  -0.0165476 -0.00975146   0.0143128
  0.0165476           0  0.00609536  0.00372736
 0.00975146 -0.00609536           0   0.0117283
 -0.0143128 -0.00372736  -0.0117283           0
EndNode2[0]<--->HoM1[0]
REAL
   0.491591 -0.00531556  0.00895636    0.458279
-0.00531556   0.0401035   0.0281074  -0.0188574
 0.00895636   0.0281074   0.0271669  0.00160268
   0.458279  -0.0188574  0.00160268    0.441138
IMAGINARY
          0  -0.0163383 -0.00555538   0.0103692
  0.0163383           0   0.0150546   0.0167543
 0.00555538  -0.0150546           0 -0.00408335
 -0.0103692  -0.0167543  0.00408335           0
Repeater1[0]<--->EndNode1[0]
REAL
    0.461012   -0.0099799 -0.000922266     0.463348
  -0.0099799    0.0355677     0.024794   0.00816864
-0.000922266     0.024794    0.0273598    0.0106387
    0.463348   0.00816864    0.0106387      0.47606
IMAGINARY
          0 -0.00975146  -0.0165476   0.0143128
 0.00975146           0 -0.00609536   0.0117283
  0.0165476  0.00609536           0  0.00372736
 -0.0143128  -0.0117283 -0.00372736           0
Repeater1[0]<--->HoM1[0]
REAL
   0.491591  0.00895636 -0.00531556    0.458279
 0.00895636   0.0271669   0.0281074  0.00160268
-0.00531556   0.0281074   0.0401035  -0.0188574
   0.458279  0.00160268  -0.0188574    0.441138
IMAGINARY
          0 -0.00555538  -0.0163383   0.0103692
 0.00555538           0  -0.0150546 -0.00408335
  0.0163383   0.0150546           0   0.0167543
 -0.0103692  0.00408335  -0.0167543           0
EndNode1[0]<--->Repeater1[0]
REAL
    0.471598   0.00425932  -0.00264001     0.465731
  0.00425932    0.0317041    0.0207552 -6.26916e-05
 -0.00264001    0.0207552    0.0237781  -0.00966473
    0.465731 -6.26916e-05  -0.00966473     0.472919
IMAGINARY
           0  -0.00868663  -0.00312759    0.0172698
  0.00868663            0    0.0146451 -0.000460925
  0.00312759   -0.0146451            0   0.00270577
  -0.0172698  0.000460925  -0.00270577            0
EndNode2[0]<--->HoM1[0]
REAL
   0.479221  -0.0213372 -0.00931185    0.462166
 -0.0213372   0.0311688   0.0275251 0.000291227
-0.00931185   0.0275251   0.0272727   0.0123166
   0.462166 0.000291227   0.0123166    0.462338
IMAGINARY
           0    0.0151728   -0.0170341   0.00818668
  -0.0151728            0  -0.00307159   0.00200143
   0.0170341   0.00307159            0 -0.000140118
 -0.00818668  -0.00200143  0.000140118            0
Repeater1[0]<--->EndNode1[0]
REAL
    0.471598  -0.00264001   0.00425932     0.465731
 -0.00264001    0.0237781    0.0207552  -0.00966473
  0.00425932    0.0207552    0.0317041 -6.26916e-05
    0.465731  -0.00966473 -6.26916e-05     0.472919
IMAGINARY
           0  -0.00312759  -0.00868663    0.0172698
  0.00312759            0   -0.0146451   0.00270577
  0.00868663    0.0146451            0 -0.000460925
  -0.0172698  -0.00270577  0.000460925            0
Repeater1[0]<--->HoM1[0]
REAL
   0.479221 -0.00931185  -0.0213372    0.462166
-0.00931185   0.0272727   0.0275251   0.0123166
 -0.0213372   0.0275251   0.0311688 0.000291227
   0.462166   0.0123166 0.000291227    0.462338
IMAGINARY
           0   -0.0170341    0.0151728   0.00818668
   0.0170341            0   0.00307159 -0.000140118
  -0.0151728  -0.00307159            0   0.00200143
 -0.00818668  0.000140118  -0.00200143            0
EndNode1[0]<--->Repeater1[0]
REAL
   0.491803 -0.00983983  0.00625694    0.461629
-0.00983983   0.0327869   0.0251612  0.00497159
 0.00625694   0.0251612   0.0340479   0.0157843
   0.461629  0.00497159   0.0157843    0.441362
IMAGINARY
          0  0.00386629 -0.00892315 -0.00549284
-0.00386629           0  -0.0107979 -0.00441865
 0.00892315   0.0107979           0   0.0145581
 0.00549284  0.00441865  -0.0145581           0
EndNode2[0]<--->HoM1[0]
REAL
  0.471956 0.00572171  0.0039664   0.462182
0.00572171  0.0273598  0.0290237  0.0148778
 0.0039664  0.0290237  0.0328317 0.00935367
  0.462182  0.0148778 0.00935367   0.467852
IMAGINARY
          0  0.00288179  0.00109989   0.0165344
-0.00288179           0 -0.00938221  -0.0096189
-0.00109989  0.00938221           0   0.0121903
 -0.0165344   0.0096189  -0.0121903           0
Repeater1[0]<--->EndNode1[0]
REAL
   0.491803  0.00625694 -0.00983983    0.461629
 0.00625694   0.0340479   0.0251612   0.0157843
-0.00983983   0.0251612   0.0327869  0.00497159
   0.461629   0.0157843  0.00497159    0.441362
IMAGINARY
          0 -0.00892315  0.00386629 -0.00549284
 0.00892315           0   0.0107979   0.0145581
-0.00386629  -0.0107979           0 -0.00441865
 0.00549284  -0.0145581  0.00441865           0
Repeater1[0]<--->HoM1[0]
REAL
  0.471956  0.0039664 0.00572171   0.462182
 0.0039664  0.0328317  0.0290237 0.00935367
0.00572171  0.0290237  0.0273598  0.0148778
  0.462182 0.00935367  0.0148778   0.467852
IMAGINARY
          0  0.00109989  0.00288179   0.0165344
-0.00109989           0  0.00938221   0.0121903
-0.00288179 -0.00938221           0  -0.0096189
 -0.0165344  -0.0121903   0.0096189           0
EndNode1[0]<--->Repeater1[0]
REAL
   0.467844 -0.00130221   0.0161835    0.458504
-0.00130221   0.0416141   0.0315455 -0.00872076
  0.0161835   0.0315455    0.035309   0.0087649
   0.458504 -0.00872076   0.0087649    0.455233
IMAGINARY
          0  0.00188203 -0.00103544  0.00422711
-0.00188203           0  0.00292503  -0.0129088
 0.00103544 -0.00292503           0   0.0266704
-0.00422711   0.0129088  -0.0266704           0
EndNode2[0]<--->HoM1[0]
REAL
   0.483188  -0.0250449  -0.0250655     0.46413
 -0.0250449   0.0311333   0.0235091 -0.00769099
 -0.0250655   0.0235091   0.0236613 -0.00771158
    0.46413 -0.00769099 -0.00771158    0.462017
IMAGINARY
          0    0.001584 -0.00782959  -0.0132426
  -0.001584           0 -0.00723297  -0.0157871
 0.00782959  0.00723297           0   0.0112365
  0.0132426   0.0157871  -0.0112365           0
Repeater1[0]<--->EndNode1[0]
REAL
   0.467844   0.0161835 -0.00130221    0.458504
  0.0161835    0.035309   0.0315455   0.0087649
-0.00130221   0.0315455   0.0416141 -0.00872076
   0.458504   0.0087649 -0.00872076    0.455233
IMAGINARY
          0 -0.00103544  0.00188203  0.00422711
 0.00103544           0 -0.00292503   0.0266704
-0.00188203  0.00292503           0  -0.0129088
-0.00422711  -0.0266704   0.0129088           0
Repeater1[0]<--->HoM1[0]
REAL
   0.483188  -0.0250655  -0.0250449     0.46413
 -0.0250655   0.0236613   0.0235091 -0.00771158
 -0.0250449   0.0235091   0.0311333 -0.00769099
    0.46413 -0.00771158 -0.00769099    0.462017
IMAGINARY
          0 -0.00782959    0.001584  -0.0132426
 0.00782959           0  0.00723297   0.0112365
  -0.001584 -0.00723297           0  -0.0157871
  0.0132426  -0.0112365   0.0157871           0
EndNode1[0]<--->Repeater1[0]
REAL
   0.456929  -0.0360904  -0.0192196    0.465375
 -0.0360904   0.0387016   0.0257421 -0.00108493
 -0.0192196   0.0257421   0.0324594   0.0145168
   0.465375 -0.00108493   0.0145168     0.47191
IMAGINARY
          0  0.00984252  -0.0163232 -0.00782259
-0.00984252           0   0.0104542 -0.00861115
  0.0163232  -0.0104542           0  0.00984252
 0.00782259  0.00861115 -0.00984252           0
EndNode2[0]<--->HoM1[0]
REAL
   0.481669   0.0223175   0.0336839    0.461604
  0.0223175   0.0278129   0.0256567 -0.00119982
  0.0336839   0.0256567   0.0303413   0.0127144
   0.461604 -0.00119982   0.0127144    0.460177
IMAGINARY
          0 -0.00585737   0.0101522   0.0019021
 0.00585737           0   0.0202333  0.00357327
 -0.0101522  -0.0202333           0 -0.00394655
 -0.0019021 -0.00357327  0.00394655           0
Repeater1[0]<--->EndNode1[0]
REAL
   0.456929  -0.0192196  -0.0360904    0.465375
 -0.0192196   0.0324594   0.0257421   0.0145168
 -0.0360904   0.0257421   0.0387016 -0.00108493
   0.465375   0.0145168 -0.00108493     0.47191
IMAGINARY
          0  -0.0163232  0.00984252 -0.00782259
  0.0163232           0  -0.0104542  0.00984252
-0.00984252   0.0104542           0 -0.00861115
 0.00782259 -0.00984252  0.00861115           0
Repeater1[0]<--->HoM1[0]
REAL
   0.481669   0.0336839   0.0223175    0.461604
  0.0336839   0.0303413   0.0256567   0.0127144
  0.0223175   0.0256567   0.0278129 -0.00119982
   0.461604   0.0127144 -0.00119982    0.460177
IMAGINARY
          0   0.0101522 -0.00585737   0.0019021
 -0.0101522           0  -0.0202333 -0.00394655
 0.00585737   0.0202333           0  0.00357327
 -0.0019021  0.00394655 -0.00357327           0
EndNode1[0]<--->Repeater1[0]
REAL
   0.489796  -0.0109422 -0.00803955    0.453883
 -0.0109422   0.0331633   0.0279571 -0.00164568
-0.00803955   0.0279571   0.0306122  0.00488893
   0.453883 -0.00164568  0.00488893    0.446429
IMAGINARY
          0  -0.0157401 -0.00836267 -0.00298265
  0.0157401           0  0.00966715   0.0217726
 0.00836267 -0.00966715           0   0.0074387
 0.00298265  -0.0217726  -0.0074387           0
EndNode2[0]<--->HoM1[0]
REAL
  0.472727  -0.025021 -0.0122577   0.454036
 -0.025021  0.0350649  0.0334635 -0.0364923
-0.0122577  0.0334635  0.0285714  -0.023729
  0.454036 -0.0364923  -0.023729   0.463636
IMAGINARY
         0  0.0023137  0.0091943 -0.0175865
-0.0023137          0  0.0229198  0.0168474
-0.0091943 -0.0229198          0 -0.0348658
 0.0175865 -0.0168474  0.0348658          0
Repeater1[0]<--->EndNode1[0]
REAL
   0.489796 -0.00803955  -0.0109422    0.453883
-0.00803955   0.0306122   0.0279571  0.00488893
 -0.0109422   0.0279571   0.0331633 -0.00164568
   0.453883  0.00488893 -0.00164568    0.446429
IMAGINARY
          0 -0.00836267  -0.0157401 -0.00298265
 0.00836267           0 -0.00966715   0.0074387
  0.0157401  0.00966715           0   0.0217726
 0.00298265  -0.0074387  -0.0217726           0
Repeater1[0]<--->HoM1[0]
REAL
  0.472727 -0.0122577  -0.025021   0.454036
-0.0122577  0.0285714  0.0334635  -0.023729
 -0.025021  0.0334635  0.0350649 -0.0364923
  0.454036  -0.023729 -0.0364923   0.463636
IMAGINARY
         0  0.0091943  0.0023137 -0.0175865
-0.0091943          0 -0.0229198 -0.0348658
-0.0023137  0.0229198          0  0.0168474
 0.0175865  0.0348658 -0.0168474          0
EndNode1[0]<--->Repeater1[0]
REAL
  0.465147 -0.0113732 -0.0386554   0.461777
-0.0113732  0.0348525   0.028122  0.0121402
-0.0386554   0.028122  0.0335121  -0.015142
  0.461777  0.0121402  -0.015142   0.466488
IMAGINARY
          0  -0.0136404  0.00326718  0.00177073
  0.0136404           0  -0.0209253   0.0178426
-0.00326718   0.0209253           0  -0.0183258
-0.00177073  -0.0178426   0.0183258           0
EndNode2[0]<--->HoM1[0]
REAL
   0.480315 -0.00817406 0.000145802    0.467419
-0.00817406   0.0341207   0.0207858  -0.0230816
0.000145802   0.0207858   0.0393701  -0.0134511
   0.467419  -0.0230816  -0.0134511    0.446194
IMAGINARY
          0  0.00908565  -0.0104916   0.0164513
-0.00908565           0  0.00986448  -0.0117447
  0.0104916 -0.00986448           0   0.0131507
 -0.0164513   0.0117447  -0.0131507           0
Repeater1[0]<--->EndNode1[0]
REAL
  0.465147 -0.0386554 -0.0113732   0.461777
-0.0386554  0.0335121   0.028122  -0.015142
-0.0113732   0.028122  0.0348525  0.0121402
  0.461777  -0.015142  0.0121402   0.466488
IMAGINARY
          0  0.00326718  -0.0136404  0.00177073
-0.00326718           0   0.0209253  -0.0183258
  0.0136404  -0.0209253           0   0.0178426
-0.00177073   0.0183258  -0.0178426           0
Repeater1[0]<--->HoM1[0]
REAL
   0.480315 0.000145802 -0.00817406    0.467419
0.000145802   0.0393701   0.0207858  -0.0134511
-0.00817406   0.0207858   0.0341207  -0.0230816
   0.467419  -0.0134511  -0.0230816    0.446194
IMAGINARY
          0  -0.0104916  0.00908565   0.0164513
  0.0104916           0 -0.00986448   0.0131507
-0.00908565  0.00986448           0  -0.0117447
 -0.0164513  -0.0131507   0.0117447           0
EndNode1[0]<--->Repeater1[0]
REAL
   0.451654 -0.00705265 -0.00948825    0.442702
-0.00705265   0.0381679   0.0312222  0.00883636
-0.00948825   0.0312222   0.0330789  0.00118563
   0.442702  0.00883636  0.00118563    0.477099
IMAGINARY
          0 -0.00602495   0.0122782  0.00708944
 0.00602495           0 -0.00507601 -0.00467098
 -0.0122782  0.00507601           0 -0.00988099
-0.00708944  0.00467098  0.00988099           0
EndNode2[0]<--->HoM1[0]
REAL
   0.459727  -0.0136706   0.0132249    0.455681
 -0.0136706   0.0408922     0.02334 -0.00693117
  0.0132249     0.02334    0.047088   0.0129713
   0.455681 -0.00693117   0.0129713    0.452292
IMAGINARY
           0   -0.0185864  -0.00833805     0.003529
   0.0185864            0   -0.0109364    0.0238996
  0.00833805    0.0109364            0  0.000318447
   -0.003529   -0.0238996 -0.000318447            0
Repeater1[0]<--->EndNode1[0]
REAL
   0.451654 -0.00948825 -0.00705265    0.442702
-0.00948825   0.0330789   0.0312222  0.00118563
-0.00705265   0.0312222   0.0381679  0.00883636
   0.442702  0.00118563  0.00883636    0.477099
IMAGINARY
          0   0.0122782 -0.00602495  0.00708944
 -0.0122782           0  0.00507601 -0.00988099
 0.00602495 -0.00507601           0 -0.00467098
-0.00708944  0.00988099  0.00467098           0
Repeater1[0]<--->HoM1[0]
REAL
   0.459727   0.0132249  -0.0136706    0.455681
  0.0132249    0.047088     0.02334   0.0129713
 -0.0136706     0.02334   0.0408922 -0.00693117
   0.455681   0.0129713 -0.00693117    0.452292
IMAGINARY
           0  -0.00833805   -0.0185864     0.003529
  0.00833805            0    0.0109364  0.000318447
   0.0185864   -0.0109364            0    0.0238996
   -0.003529 -0.000318447   -0.0238996            0
EndNode1[0]<--->Repeater1[0]
REAL
   0.481383  0.00535413 -0.00280902     0.45767
 0.00535413   0.0412234   0.0261811   0.0158525
-0.00280902   0.0261811   0.0345745  0.00147816
    0.45767   0.0158525  0.00147816    0.442819
IMAGINARY
           0   0.00317649     0.013562  -0.00757497
 -0.00317649            0 -0.000621749    0.0068596
   -0.013562  0.000621749            0   -0.0235981
  0.00757497   -0.0068596    0.0235981            0
EndNode2[0]<--->HoM1[0]
REAL
   0.459596 -0.00108642  -0.0096713    0.456847
-0.00108642    0.030303   0.0270892  0.00230852
 -0.0096713   0.0270892   0.0265152 -0.00359899
   0.456847  0.00230852 -0.00359899    0.483586
IMAGINARY
          0  0.00680471 -0.00538593  -0.0320831
-0.00680471           0  -0.0047862  -0.0182411
 0.00538593   0.0047862           0   0.0104367
  0.0320831   0.0182411  -0.0104367           0
Repeater1[0]<--->EndNode1[0]
REAL
   0.481383 -0.00280902  0.00535413     0.45767
-0.00280902   0.0345745   0.0261811  0.00147816
 0.00535413   0.0261811   0.0412234   0.0158525
    0.45767  0.00147816   0.0158525    0.442819
IMAGINARY
           0     0.013562   0.00317649  -0.00757497
   -0.013562            0  0.000621749   -0.0235981
 -0.00317649 -0.000621749            0    0.0068596
  0.00757497    0.0235981   -0.0068596            0
Repeater1[0]<--->HoM1[0]
REAL
   0.459596  -0.0096713 -0.00108642    0.456847
 -0.0096713   0.0265152   0.0270892 -0.00359899
-0.00108642   0.0270892    0.030303  0.00230852
   0.456847 -0.00359899  0.00230852    0.483586
IMAGINARY
          0 -0.00538593  0.00680471  -0.0320831
 0.00538593           0   0.0047862   0.0104367
-0.00680471  -0.0047862           0  -0.0182411
  0.0320831  -0.0104367   0.0182411           0
EndNode1[0]<--->Repeater1[0]
REAL
   0.463824   0.0027073 -0.00197337    0.468077
  0.0027073   0.0335917    0.022238  0.00802663
-0.00197337    0.022238   0.0322997  0.00576728
   0.468077  0.00802663  0.00576728    0.470284
IMAGINARY
          0   0.0109044  -0.0115405   0.0196422
 -0.0109044           0 -0.00586805 -0.00233001
  0.0115405  0.00586805           0  0.00164514
 -0.0196422  0.00233001 -0.00164514           0
EndNode2[0]<--->HoM1[0]
REAL
  0.451537 0.00724864   0.018299   0.456781
0.00724864   0.035461   0.030907 0.00564079
  0.018299   0.030907  0.0413712  0.0153232
  0.456781 0.00564079  0.0153232   0.471631
IMAGINARY
           0   -0.0084307 -0.000130837   0.00618163
   0.0084307            0    0.0015703    0.0134176
 0.000130837   -0.0015703            0  -0.00905182
 -0.00618163   -0.0134176   0.00905182            0
Repeater1[0]<--->EndNode1[0]
REAL
   0.463824 -0.00197337   0.0027073    0.468077
-0.00197337   0.0322997    0.022238  0.00576728
  0.0027073    0.022238   0.0335917  0.00802663
   0.468077  0.00576728  0.00802663    0.470284
IMAGINARY
          0  -0.0115405   0.0109044   0.0196422
  0.0115405           0  0.00586805  0.00164514
 -0.0109044 -0.00586805           0 -0.00233001
 -0.0196422 -0.00164514  0.00233001           0
Repeater1[0]<--->HoM1[0]
REAL
  0.451537   0.018299 0.00724864   0.456781
  0.018299  0.0413712   0.030907  0.0153232
0.00724864   0.030907   0.035461 0.00564079
  0.456781  0.0153232 0.00564079   0.471631
IMAGINARY
           0 -0.000130837   -0.0084307   0.00618163
 0.000130837            0   -0.0015703  -0.00905182
   0.0084307    0.0015703            0    0.0134176
 -0.00618163   0.00905182   -0.0134176            0
EndNode1[0]<--->Repeater1[0]
REAL
   0.455844 -0.00456665  0.00380012    0.460808
-0.00456665   0.0337662   0.0194813 -0.00971339
 0.00380012   0.0194813   0.0350649 -0.00266068
   0.460808 -0.00971339 -0.00266068    0.475325
IMAGINARY
           0   -0.0283044    0.0112043    0.0034617
   0.0283044            0   0.00212836  0.000275315
  -0.0112043  -0.00212836            0    0.0040697
  -0.0034617 -0.000275315   -0.0040697            0
EndNode2[0]<--->HoM1[0]
REAL
   0.449312  0.00609756  0.00190669    0.459452
 0.00609756   0.0162703   0.0366822 -0.00319535
 0.00190669   0.0366822   0.0325407 -0.00609756
   0.459452 -0.00319535 -0.00609756    0.501877
IMAGINARY
           0   -0.0255543    0.0212449   0.00908447
   0.0255543            0  0.000928884    0.0193676
  -0.0212449 -0.000928884            0   -0.0177214
 -0.00908447   -0.0193676    0.0177214            0
Repeater1[0]<--->EndNode1[0]
REAL
   0.455844  0.00380012 -0.00456665    0.460808
 0.00380012   0.0350649   0.0194813 -0.00266068
-0.00456665   0.0194813   0.0337662 -0.00971339
   0.460808 -0.00266068 -0.00971339    0.475325
IMAGINARY
           0    0.0112043   -0.0283044    0.0034617
  -0.0112043            0  -0.00212836    0.0040697
   0.0283044   0.00212836            0  0.000275315
  -0.0034617   -0.0040697 -0.000275315            0
Repeater1[0]<--->HoM1[0]
REAL
   0.449312  0.00190669  0.00609756    0.459452
 0.00190669   0.0325407   0.0366822 -0.00609756
 0.00609756   0.0366822   0.0162703 -0.00319535
   0.459452 -0.00609756 -0.00319535    0.501877
IMAGINARY
           0    0.0212449   -0.0255543   0.00908447
  -0.0212449            0 -0.000928884   -0.0177214
   0.0255543  0.000928884            0    0.0193676
 -0.00908447    0.0177214   -0.0193676            0
EndNode1[0]<--->Repeater1[0]
REAL
   0.465116  -0.0150091  -0.0172708    0.464797
 -0.0150091   0.0383037   0.0253626  0.00804568
 -0.0172708   0.0253626   0.0300958 0.000863937
   0.464797  0.00804568 0.000863937    0.466484
IMAGINARY
          0   0.0117038   0.0108072  0.00927358
 -0.0117038           0 -0.00364154 -0.00340473
 -0.0108072  0.00364154           0 -0.00430135
-0.00927358  0.00340473  0.00430135           0
EndNode2[0]<--->HoM1[0]
REAL
    0.46871     0.01381 -0.00337557    0.464424
    0.01381   0.0332056    0.030401  -0.0102079
-0.00337557    0.030401   0.0319285  -0.0299808
   0.464424  -0.0102079  -0.0299808    0.466156
IMAGINARY
          0   0.0131994 -0.00514301 -0.00157712
 -0.0131994           0   0.0113095   0.0070835
 0.00514301  -0.0113095           0 -0.00608431
 0.00157712  -0.0070835  0.00608431           0
Repeater1[0]<--->EndNode1[0]
REAL
   0.465116  -0.0172708  -0.0150091    0.464797
 -0.0172708   0.0300958   0.0253626 0.000863937
 -0.0150091   0.0253626   0.0383037  0.00804568
   0.464797 0.000863937  0.00804568    0.466484
IMAGINARY
          0   0.0108072   0.0117038  0.00927358
 -0.0108072           0  0.00364154 -0.00430135
 -0.0117038 -0.00364154           0 -0.00340473
-0.00927358  0.00430135  0.00340473           0
Repeater1[0]<--->HoM1[0]
REAL
    0.46871 -0.00337557     0.01381    0.464424
-0.00337557   0.0319285    0.030401  -0.0299808
    0.01381    0.030401   0.0332056  -0.0102079
   0.464424  -0.0299808  -0.0102079    0.466156
IMAGINARY
          0 -0.00514301   0.0131994 -0.00157712
 0.00514301           0  -0.0113095 -0.00608431
 -0.0131994   0.0113095           0   0.0070835
 0.00157712  0.00608431  -0.0070835           0
