EndNode1[0]<--->Repeater1[0]
REAL
   0.415716  0.00611162    0.012111    0.384103
 0.00611162   0.0697085    0.029445  0.00272767
   0.012111    0.029445   0.0684411 -0.00288581
   0.384103  0.00272767 -0.00288581    0.446134
IMAGINARY
           0   -0.0255587   0.00454652  0.000342729
   0.0255587            0   0.00100498    0.0209193
 -0.00454652  -0.00100498            0   0.00630404
-0.000342729   -0.0209193  -0.00630404            0
EndNode2[0]<--->HoM1[0]
REAL
  0.458278 -0.0188807 -0.0118754    0.38946
-0.0188807  0.0649007 0.00520682 0.00654206
-0.0118754 0.00520682  0.0622517 0.00421401
   0.38946 0.00654206 0.00421401    0.41457
IMAGINARY
          0 -0.00595979   0.0296643  -0.0109819
 0.00595979           0   0.0109819 -0.00341935
 -0.0296643  -0.0109819           0  -0.0122098
  0.0109819  0.00341935   0.0122098           0
Repeater1[0]<--->EndNode1[0]
REAL
   0.415716    0.012111  0.00611162    0.384103
   0.012111   0.0684411    0.029445 -0.00288581
 0.00611162    0.029445   0.0697085  0.00272767
   0.384103 -0.00288581  0.00272767    0.446134
IMAGINARY
           0   0.00454652   -0.0255587  0.000342729
 -0.00454652            0  -0.00100498   0.00630404
   0.0255587   0.00100498            0    0.0209193
-0.000342729  -0.00630404   -0.0209193            0
Repeater1[0]<--->HoM1[0]
REAL
  0.458278 -0.0118754 -0.0188807    0.38946
-0.0118754  0.0622517 0.00520682 0.00421401
-0.0188807 0.00520682  0.0649007 0.00654206
   0.38946 0.00421401 0.00654206    0.41457
IMAGINARY
          0   0.0296643 -0.00595979  -0.0109819
 -0.0296643           0  -0.0109819  -0.0122098
 0.00595979   0.0109819           0 -0.00341935
  0.0109819   0.0122098  0.00341935           0
EndNode1[0]<--->Repeater1[0]
REAL
   0.450262 -0.00457188 -0.00965424    0.372866
-0.00457188   0.0641361       0.022  -0.0147956
-0.00965424       0.022   0.0706806   -0.019878
   0.372866  -0.0147956   -0.019878    0.414921
IMAGINARY
          0   0.0100745  0.00867202  0.00814938
 -0.0100745           0 -0.00170608 -0.00401156
-0.00867202  0.00170608           0   -0.017398
-0.00814938  0.00401156    0.017398           0
EndNode2[0]<--->HoM1[0]
REAL
   0.443272  0.00540049    0.017684    0.372925
 0.00540049   0.0738786   0.0297635 -0.00680053
   0.017684   0.0297635   0.0659631   0.0182871
   0.372925 -0.00680053   0.0182871    0.416887
IMAGINARY
           0 -0.000982937   -0.0182957    -0.010651
 0.000982937            0   -0.0196716   -0.0036616
   0.0182957    0.0196716            0   0.00913852
    0.010651    0.0036616  -0.00913852            0
Repeater1[0]<--->EndNode1[0]
REAL
   0.450262 -0.00965424 -0.00457188    0.372866
-0.00965424   0.0706806       0.022   -0.019878
-0.00457188       0.022   0.0641361  -0.0147956
   0.372866   -0.019878  -0.0147956    0.414921
IMAGINARY
          0  0.00867202   0.0100745  0.00814938
-0.00867202           0  0.00170608   -0.017398
 -0.0100745 -0.00170608           0 -0.00401156
-0.00814938    0.017398  0.00401156           0
Repeater1[0]<--->HoM1[0]
REAL
   0.443272    0.017684  0.00540049    0.372925
   0.017684   0.0659631   0.0297635   0.0182871
 0.00540049   0.0297635   0.0738786 -0.00680053
   0.372925   0.0182871 -0.00680053    0.416887
IMAGINARY
           0   -0.0182957 -0.000982937    -0.010651
   0.0182957            0    0.0196716   0.00913852
 0.000982937   -0.0196716            0   -0.0036616
    0.010651  -0.00913852    0.0036616            0
EndNode1[0]<--->Repeater1[0]
REAL
   0.418758 -0.00836497 -0.00491575    0.373154
-0.00836497   0.0819022   0.0493265 -0.00671216
-0.00491575   0.0493265   0.0858653 -0.00326293
   0.373154 -0.00671216 -0.00326293    0.413474
IMAGINARY
           0  -0.00544365  -0.00648869   0.00260105
  0.00544365            0  0.000624761    0.0020527
  0.00648869 -0.000624761            0   -0.0015272
 -0.00260105   -0.0020527    0.0015272            0
EndNode2[0]<--->HoM1[0]
REAL
    0.451058  -0.00848433     -0.02527     0.376533
 -0.00848433    0.0621693    0.0276502    0.0205467
    -0.02527    0.0276502    0.0648148 -0.000287604
    0.376533    0.0205467 -0.000287604     0.421958
IMAGINARY
          0  -0.0219023  0.00747956   0.0197424
  0.0219023           0  0.00843586  0.00106183
-0.00747956 -0.00843586           0 -0.00109375
 -0.0197424 -0.00106183  0.00109375           0
Repeater1[0]<--->EndNode1[0]
REAL
   0.418758 -0.00491575 -0.00836497    0.373154
-0.00491575   0.0858653   0.0493265 -0.00326293
-0.00836497   0.0493265   0.0819022 -0.00671216
   0.373154 -0.00326293 -0.00671216    0.413474
IMAGINARY
           0  -0.00648869  -0.00544365   0.00260105
  0.00648869            0 -0.000624761   -0.0015272
  0.00544365  0.000624761            0    0.0020527
 -0.00260105    0.0015272   -0.0020527            0
Repeater1[0]<--->HoM1[0]
REAL
    0.451058     -0.02527  -0.00848433     0.376533
    -0.02527    0.0648148    0.0276502 -0.000287604
 -0.00848433    0.0276502    0.0621693    0.0205467
    0.376533 -0.000287604    0.0205467     0.421958
IMAGINARY
          0  0.00747956  -0.0219023   0.0197424
-0.00747956           0 -0.00843586 -0.00109375
  0.0219023  0.00843586           0  0.00106183
 -0.0197424  0.00109375 -0.00106183           0
EndNode1[0]<--->Repeater1[0]
REAL
   0.428205 -0.00683855  -0.0122096    0.361641
-0.00683855   0.0705128    0.042875 -0.00908071
 -0.0122096    0.042875   0.0653846   0.0113547
   0.361641 -0.00908071   0.0113547    0.435897
IMAGINARY
          0  0.00228758   0.0054958   0.0137956
-0.00228758           0  -0.0105946   0.0112137
 -0.0054958   0.0105946           0 -0.00228758
 -0.0137956  -0.0112137  0.00228758           0
EndNode2[0]<--->HoM1[0]
REAL
   0.422572 -0.00373561  0.00289782    0.387193
-0.00373561   0.0787402   0.0236115  -0.0104355
 0.00289782   0.0236115   0.0551181 -0.00505836
   0.387193  -0.0104355 -0.00505836     0.44357
IMAGINARY
          0   -0.011388 -0.00511998  0.00719717
   0.011388           0   0.0091427  0.00816505
 0.00511998  -0.0091427           0  -0.0014013
-0.00719717 -0.00816505   0.0014013           0
Repeater1[0]<--->EndNode1[0]
REAL
   0.428205  -0.0122096 -0.00683855    0.361641
 -0.0122096   0.0653846    0.042875   0.0113547
-0.00683855    0.042875   0.0705128 -0.00908071
   0.361641   0.0113547 -0.00908071    0.435897
IMAGINARY
          0   0.0054958  0.00228758   0.0137956
 -0.0054958           0   0.0105946 -0.00228758
-0.00228758  -0.0105946           0   0.0112137
 -0.0137956  0.00228758  -0.0112137           0
Repeater1[0]<--->HoM1[0]
REAL
   0.422572  0.00289782 -0.00373561    0.387193
 0.00289782   0.0551181   0.0236115 -0.00505836
-0.00373561   0.0236115   0.0787402  -0.0104355
   0.387193 -0.00505836  -0.0104355     0.44357
IMAGINARY
          0 -0.00511998   -0.011388  0.00719717
 0.00511998           0  -0.0091427  -0.0014013
   0.011388   0.0091427           0  0.00816505
-0.00719717   0.0014013 -0.00816505           0
EndNode1[0]<--->Repeater1[0]
REAL
  0.413838 -0.0106844 0.00548317   0.396032
-0.0106844  0.0744125  0.0379915 0.00292563
0.00548317  0.0379915  0.0809399 0.00745028
  0.396032 0.00292563 0.00745028   0.430809
IMAGINARY
          0 -0.00661166    0.018292 -0.00385426
 0.00661166           0  -0.0178849 -0.00698545
  -0.018292   0.0178849           0 -0.00595116
 0.00385426  0.00698545  0.00595116           0
EndNode2[0]<--->HoM1[0]
REAL
   0.467925  -0.0299713 -0.00119819    0.380083
 -0.0299713   0.0679245   0.0356104  -0.0163115
-0.00119819   0.0356104   0.0616352  0.00597645
   0.380083  -0.0163115  0.00597645    0.402516
IMAGINARY
          0  0.00781892  0.00288254   0.0136141
-0.00781892           0  0.00466268    -0.01188
-0.00288254 -0.00466268           0  -0.0129603
 -0.0136141     0.01188   0.0129603           0
Repeater1[0]<--->EndNode1[0]
REAL
  0.413838 0.00548317 -0.0106844   0.396032
0.00548317  0.0809399  0.0379915 0.00745028
-0.0106844  0.0379915  0.0744125 0.00292563
  0.396032 0.00745028 0.00292563   0.430809
IMAGINARY
          0    0.018292 -0.00661166 -0.00385426
  -0.018292           0   0.0178849 -0.00595116
 0.00661166  -0.0178849           0 -0.00698545
 0.00385426  0.00595116  0.00698545           0
Repeater1[0]<--->HoM1[0]
REAL
   0.467925 -0.00119819  -0.0299713    0.380083
-0.00119819   0.0616352   0.0356104  0.00597645
 -0.0299713   0.0356104   0.0679245  -0.0163115
   0.380083  0.00597645  -0.0163115    0.402516
IMAGINARY
          0  0.00288254  0.00781892   0.0136141
-0.00288254           0 -0.00466268  -0.0129603
-0.00781892  0.00466268           0    -0.01188
 -0.0136141   0.0129603     0.01188           0
EndNode1[0]<--->Repeater1[0]
REAL
   0.389392  -0.0230499 -0.00944104    0.389503
 -0.0230499   0.0698577   0.0427882 -0.00227771
-0.00944104   0.0427882   0.0698577    0.008727
   0.389503 -0.00227771    0.008727    0.470893
IMAGINARY
          0   0.0130946   -0.015485 -0.00536483
 -0.0130946           0   0.0153899  0.00210297
   0.015485  -0.0153899           0   0.0124528
 0.00536483 -0.00210297  -0.0124528           0
EndNode2[0]<--->HoM1[0]
REAL
        0.4  0.00593323  -0.0152991    0.370294
 0.00593323   0.0780142   0.0271066   0.0105112
 -0.0152991   0.0271066   0.0496454 -0.00114527
   0.370294   0.0105112 -0.00114527     0.47234
IMAGINARY
          0    0.011765  -0.0167704  0.00978363
  -0.011765           0  0.00732663  -0.0115072
  0.0167704 -0.00732663           0   0.0062299
-0.00978363   0.0115072  -0.0062299           0
Repeater1[0]<--->EndNode1[0]
REAL
   0.389392 -0.00944104  -0.0230499    0.389503
-0.00944104   0.0698577   0.0427882    0.008727
 -0.0230499   0.0427882   0.0698577 -0.00227771
   0.389503    0.008727 -0.00227771    0.470893
IMAGINARY
          0   -0.015485   0.0130946 -0.00536483
   0.015485           0  -0.0153899   0.0124528
 -0.0130946   0.0153899           0  0.00210297
 0.00536483  -0.0124528 -0.00210297           0
Repeater1[0]<--->HoM1[0]
REAL
        0.4  -0.0152991  0.00593323    0.370294
 -0.0152991   0.0496454   0.0271066 -0.00114527
 0.00593323   0.0271066   0.0780142   0.0105112
   0.370294 -0.00114527   0.0105112     0.47234
IMAGINARY
          0  -0.0167704    0.011765  0.00978363
  0.0167704           0 -0.00732663   0.0062299
  -0.011765  0.00732663           0  -0.0115072
-0.00978363  -0.0062299   0.0115072           0
EndNode1[0]<--->Repeater1[0]
REAL
    0.455154    0.0175478 -0.000205141     0.373113
   0.0175478    0.0803213    0.0189464   0.00640862
-0.000205141    0.0189464    0.0589023  -0.00762225
    0.373113   0.00640862  -0.00762225     0.405622
IMAGINARY
          0  0.00613757  0.00116276   0.0089315
-0.00613757           0 -0.00391897  -0.0102773
-0.00116276  0.00391897           0  0.00297701
 -0.0089315   0.0102773 -0.00297701           0
EndNode2[0]<--->HoM1[0]
REAL
  0.426908  0.0132991  0.0260396   0.380114
 0.0132991  0.0620957  0.0212592 -0.0191732
 0.0260396  0.0212592  0.0815006 -0.0126749
  0.380114 -0.0191732 -0.0126749   0.429495
IMAGINARY
          0  0.00378924  -0.0146287 -0.00506645
-0.00378924           0 -0.00323495  -0.0100052
  0.0146287  0.00323495           0    0.031497
 0.00506645   0.0100052   -0.031497           0
Repeater1[0]<--->EndNode1[0]
REAL
    0.455154 -0.000205141    0.0175478     0.373113
-0.000205141    0.0589023    0.0189464  -0.00762225
   0.0175478    0.0189464    0.0803213   0.00640862
    0.373113  -0.00762225   0.00640862     0.405622
IMAGINARY
          0  0.00116276  0.00613757   0.0089315
-0.00116276           0  0.00391897  0.00297701
-0.00613757 -0.00391897           0  -0.0102773
 -0.0089315 -0.00297701   0.0102773           0
Repeater1[0]<--->HoM1[0]
REAL
  0.426908  0.0260396  0.0132991   0.380114
 0.0260396  0.0815006  0.0212592 -0.0126749
 0.0132991  0.0212592  0.0620957 -0.0191732
  0.380114 -0.0126749 -0.0191732   0.429495
IMAGINARY
          0  -0.0146287  0.00378924 -0.00506645
  0.0146287           0  0.00323495    0.031497
-0.00378924 -0.00323495           0  -0.0100052
 0.00506645   -0.031497   0.0100052           0
EndNode1[0]<--->Repeater1[0]
REAL
   0.448718 -0.00496843 -0.00860207    0.369835
-0.00496843   0.0794872   0.0279374  -0.0156443
-0.00860207   0.0279374   0.0666667  -0.0166567
   0.369835  -0.0156443  -0.0166567    0.405128
IMAGINARY
           0   -0.0012429  -0.00873828   0.00703696
   0.0012429            0   0.00232633    0.0014919
  0.00873828  -0.00232633            0  0.000584139
 -0.00703696   -0.0014919 -0.000584139            0
EndNode2[0]<--->HoM1[0]
REAL
  0.447268  -0.003061 -0.0178197   0.382907
 -0.003061  0.0736976   0.025373 -0.0235816
-0.0178197   0.025373  0.0698856 -0.0332447
  0.382907 -0.0235816 -0.0332447   0.409149
IMAGINARY
          0 -0.00285719  -0.0200461   0.0347597
 0.00285719           0   -0.014005   0.0173064
  0.0200461    0.014005           0  0.00559692
 -0.0347597  -0.0173064 -0.00559692           0
Repeater1[0]<--->EndNode1[0]
REAL
   0.448718 -0.00860207 -0.00496843    0.369835
-0.00860207   0.0666667   0.0279374  -0.0166567
-0.00496843   0.0279374   0.0794872  -0.0156443
   0.369835  -0.0166567  -0.0156443    0.405128
IMAGINARY
           0  -0.00873828   -0.0012429   0.00703696
  0.00873828            0  -0.00232633  0.000584139
   0.0012429   0.00232633            0    0.0014919
 -0.00703696 -0.000584139   -0.0014919            0
Repeater1[0]<--->HoM1[0]
REAL
  0.447268 -0.0178197  -0.003061   0.382907
-0.0178197  0.0698856   0.025373 -0.0332447
 -0.003061   0.025373  0.0736976 -0.0235816
  0.382907 -0.0332447 -0.0235816   0.409149
IMAGINARY
          0  -0.0200461 -0.00285719   0.0347597
  0.0200461           0    0.014005  0.00559692
 0.00285719   -0.014005           0   0.0173064
 -0.0347597 -0.00559692  -0.0173064           0
EndNode1[0]<--->Repeater1[0]
REAL
   0.443272 -0.00223936   0.0205727    0.385333
-0.00223936   0.0659631   0.0372481  -0.0225082
  0.0205727   0.0372481    0.091029  -0.0100187
   0.385333  -0.0225082  -0.0100187    0.399736
IMAGINARY
          0 -0.00157915   0.0179983   0.0148697
 0.00157915           0 -0.00211147   0.0104033
 -0.0179983  0.00211147           0 -0.00700738
 -0.0148697  -0.0104033  0.00700738           0
EndNode2[0]<--->HoM1[0]
REAL
   0.424552  0.00939155  0.00811839    0.388988
 0.00939155   0.0703325   0.0324038 -0.00296375
 0.00811839   0.0324038   0.0549872  -0.0158348
   0.388988 -0.00296375  -0.0158348    0.450128
IMAGINARY
          0   0.0195584  0.00191772   0.0189626
 -0.0195584           0  -0.0115998 -0.00778474
-0.00191772   0.0115998           0  -0.0136913
 -0.0189626  0.00778474   0.0136913           0
Repeater1[0]<--->EndNode1[0]
REAL
   0.443272   0.0205727 -0.00223936    0.385333
  0.0205727    0.091029   0.0372481  -0.0100187
-0.00223936   0.0372481   0.0659631  -0.0225082
   0.385333  -0.0100187  -0.0225082    0.399736
IMAGINARY
          0   0.0179983 -0.00157915   0.0148697
 -0.0179983           0  0.00211147 -0.00700738
 0.00157915 -0.00211147           0   0.0104033
 -0.0148697  0.00700738  -0.0104033           0
Repeater1[0]<--->HoM1[0]
REAL
   0.424552  0.00811839  0.00939155    0.388988
 0.00811839   0.0549872   0.0324038  -0.0158348
 0.00939155   0.0324038   0.0703325 -0.00296375
   0.388988  -0.0158348 -0.00296375    0.450128
IMAGINARY
          0  0.00191772   0.0195584   0.0189626
-0.00191772           0   0.0115998  -0.0136913
 -0.0195584  -0.0115998           0 -0.00778474
 -0.0189626   0.0136913  0.00778474           0
EndNode1[0]<--->Repeater1[0]
REAL
   0.480692 6.93889e-18   0.0121801    0.379226
6.93889e-18   0.0772304   0.0262463  0.00647665
  0.0121801   0.0262463    0.057257   0.0161692
   0.379226  0.00647665   0.0161692     0.38482
IMAGINARY
           0   -0.0147178   -0.0019063 -0.000877899
   0.0147178            0   -0.0075092    0.0211116
   0.0019063    0.0075092            0  -0.00581197
 0.000877899   -0.0211116   0.00581197            0
EndNode2[0]<--->HoM1[0]
REAL
  0.409814 -0.0291622 -0.0195992   0.377121
-0.0291622  0.0901857  0.0341896 0.00931644
-0.0195992  0.0341896  0.0755968  0.0124527
  0.377121 0.00931644  0.0124527   0.424403
IMAGINARY
           0    0.0207169   -0.0287729   0.00196605
  -0.0207169            0 -1.54604e-05 -2.29058e-05
   0.0287729  1.54604e-05            0    0.0133145
 -0.00196605  2.29058e-05   -0.0133145            0
Repeater1[0]<--->EndNode1[0]
REAL
   0.480692   0.0121801 2.08167e-17    0.379226
  0.0121801    0.057257   0.0262463   0.0161692
2.08167e-17   0.0262463   0.0772304  0.00647665
   0.379226   0.0161692  0.00647665     0.38482
IMAGINARY
           0   -0.0019063   -0.0147178 -0.000877899
   0.0019063            0    0.0075092  -0.00581197
   0.0147178   -0.0075092            0    0.0211116
 0.000877899   0.00581197   -0.0211116            0
Repeater1[0]<--->HoM1[0]
REAL
  0.409814 -0.0195992 -0.0291622   0.377121
-0.0195992  0.0755968  0.0341896  0.0124527
-0.0291622  0.0341896  0.0901857 0.00931644
  0.377121  0.0124527 0.00931644   0.424403
IMAGINARY
           0   -0.0287729    0.0207169   0.00196605
   0.0287729            0  1.54604e-05    0.0133145
  -0.0207169 -1.54604e-05            0 -2.29058e-05
 -0.00196605   -0.0133145  2.29058e-05            0
EndNode1[0]<--->Repeater1[0]
REAL
   0.441362   0.0224831 -0.00266144     0.40334
  0.0224831   0.0706179   0.0300807  -0.0103934
-0.00266144   0.0300807   0.0870113  -0.0185667
    0.40334  -0.0103934  -0.0185667    0.401009
IMAGINARY
          0 -0.00396229 -0.00664932   0.0165509
 0.00396229           0  -0.0178878 -0.00727825
 0.00664932   0.0178878           0   0.0137116
 -0.0165509  0.00727825  -0.0137116           0
EndNode2[0]<--->HoM1[0]
REAL
  0.437267 0.00425054  0.0058328   0.374095
0.00425054  0.0695652  0.0347595 0.00328178
 0.0058328  0.0347595  0.0720497 0.00486404
  0.374095 0.00328178 0.00486404   0.421118
IMAGINARY
          0  -0.0227286   0.0165063  0.00494424
  0.0227286           0  -0.0132034   0.0125796
 -0.0165063   0.0132034           0  -0.0174376
-0.00494424  -0.0125796   0.0174376           0
Repeater1[0]<--->EndNode1[0]
REAL
   0.441362 -0.00266144   0.0224831     0.40334
-0.00266144   0.0870113   0.0300807  -0.0185667
  0.0224831   0.0300807   0.0706179  -0.0103934
    0.40334  -0.0185667  -0.0103934    0.401009
IMAGINARY
          0 -0.00664932 -0.00396229   0.0165509
 0.00664932           0   0.0178878   0.0137116
 0.00396229  -0.0178878           0 -0.00727825
 -0.0165509  -0.0137116  0.00727825           0
Repeater1[0]<--->HoM1[0]
REAL
  0.437267  0.0058328 0.00425054   0.374095
 0.0058328  0.0720497  0.0347595 0.00486404
0.00425054  0.0347595  0.0695652 0.00328178
  0.374095 0.00486404 0.00328178   0.421118
IMAGINARY
          0   0.0165063  -0.0227286  0.00494424
 -0.0165063           0   0.0132034  -0.0174376
  0.0227286  -0.0132034           0   0.0125796
-0.00494424   0.0174376  -0.0125796           0
EndNode1[0]<--->Repeater1[0]
REAL
   0.429119 -0.00418728  0.00443599    0.376353
-0.00418728   0.0676884   0.0361945  -0.0126743
 0.00443599   0.0361945    0.083014  0.00735585
   0.376353  -0.0126743  0.00735585    0.420179
IMAGINARY
          0 -0.00817043  -0.0102641  -0.0071126
 0.00817043           0   0.0122672 -0.00889047
  0.0102641  -0.0122672           0    0.018078
  0.0071126  0.00889047   -0.018078           0
EndNode2[0]<--->HoM1[0]
REAL
   0.453165 0.000407845  -0.0199153     0.37328
0.000407845   0.0607595   0.0279059 -0.00577644
 -0.0199153   0.0279059   0.0658228  -0.0142418
    0.37328 -0.00577644  -0.0142418    0.420253
IMAGINARY
           0   -0.0210757    0.0236901   0.00128301
   0.0210757            0   0.00590653 -0.000242664
  -0.0236901  -0.00590653            0  -0.00490655
 -0.00128301  0.000242664   0.00490655            0
Repeater1[0]<--->EndNode1[0]
REAL
   0.429119  0.00443599 -0.00418728    0.376353
 0.00443599    0.083014   0.0361945  0.00735585
-0.00418728   0.0361945   0.0676884  -0.0126743
   0.376353  0.00735585  -0.0126743    0.420179
IMAGINARY
          0  -0.0102641 -0.00817043  -0.0071126
  0.0102641           0  -0.0122672    0.018078
 0.00817043   0.0122672           0 -0.00889047
  0.0071126   -0.018078  0.00889047           0
Repeater1[0]<--->HoM1[0]
REAL
   0.453165  -0.0199153 0.000407845     0.37328
 -0.0199153   0.0658228   0.0279059  -0.0142418
0.000407845   0.0279059   0.0607595 -0.00577644
    0.37328  -0.0142418 -0.00577644    0.420253
IMAGINARY
           0    0.0236901   -0.0210757   0.00128301
  -0.0236901            0  -0.00590653  -0.00490655
   0.0210757   0.00590653            0 -0.000242664
 -0.00128301   0.00490655  0.000242664            0
EndNode1[0]<--->Repeater1[0]
REAL
   0.407008  0.00457916   0.0240966    0.390305
 0.00457916     0.06469   0.0372903 -0.00770314
  0.0240966   0.0372903   0.0606469  0.00771592
   0.390305 -0.00770314  0.00771592    0.467655
IMAGINARY
          0  -0.0206599   0.0129818  0.00988502
  0.0206599           0  0.00546024   0.0209378
 -0.0129818 -0.00546024           0  -0.0069783
-0.00988502  -0.0209378   0.0069783           0
EndNode2[0]<--->HoM1[0]
REAL
   0.418478  -0.0082107  -0.0195437    0.383539
 -0.0082107   0.0502717   0.0367144    0.010683
 -0.0195437   0.0367144   0.0747283 -0.00697917
   0.383539    0.010683 -0.00697917    0.456522
IMAGINARY
          0  0.00810178  0.00884353 -0.00670042
-0.00810178           0  0.00796624  -0.0181835
-0.00884353 -0.00796624           0  0.00746484
 0.00670042   0.0181835 -0.00746484           0
Repeater1[0]<--->EndNode1[0]
REAL
   0.407008   0.0240966  0.00457916    0.390305
  0.0240966   0.0606469   0.0372903  0.00771592
 0.00457916   0.0372903     0.06469 -0.00770314
   0.390305  0.00771592 -0.00770314    0.467655
IMAGINARY
          0   0.0129818  -0.0206599  0.00988502
 -0.0129818           0 -0.00546024  -0.0069783
  0.0206599  0.00546024           0   0.0209378
-0.00988502   0.0069783  -0.0209378           0
Repeater1[0]<--->HoM1[0]
REAL
   0.418478  -0.0195437  -0.0082107    0.383539
 -0.0195437   0.0747283   0.0367144 -0.00697917
 -0.0082107   0.0367144   0.0502717    0.010683
   0.383539 -0.00697917    0.010683    0.456522
IMAGINARY
          0  0.00884353  0.00810178 -0.00670042
-0.00884353           0 -0.00796624  0.00746484
-0.00810178  0.00796624           0  -0.0181835
 0.00670042 -0.00746484   0.0181835           0
EndNode1[0]<--->Repeater1[0]
REAL
   0.439276 4.97097e-05 -0.00721062    0.378851
4.97097e-05   0.0594315   0.0315028 0.000897488
-0.00721062   0.0315028   0.0723514 -0.00257496
   0.378851 0.000897488 -0.00257496    0.428941
IMAGINARY
          0  -0.0139497 -0.00263701  0.00619416
  0.0139497           0  0.00110511  -0.0122401
 0.00263701 -0.00110511           0  0.00812822
-0.00619416   0.0122401 -0.00812822           0
EndNode2[0]<--->HoM1[0]
REAL
   0.415094  -0.0131894 -0.00701941    0.385801
 -0.0131894     0.06469   0.0351521 -0.00364559
-0.00701941   0.0351521   0.0876011 -0.00123971
   0.385801 -0.00364559 -0.00123971    0.432615
IMAGINARY
          0  0.00605451 -0.00475085   0.0291374
-0.00605451           0  -0.0138313  -0.0108336
 0.00475085   0.0138313           0 -0.00995061
 -0.0291374   0.0108336  0.00995061           0
Repeater1[0]<--->EndNode1[0]
REAL
   0.439276 -0.00721062 4.97097e-05    0.378851
-0.00721062   0.0723514   0.0315028 -0.00257496
4.97097e-05   0.0315028   0.0594315 0.000897488
   0.378851 -0.00257496 0.000897488    0.428941
IMAGINARY
          0 -0.00263701  -0.0139497  0.00619416
 0.00263701           0 -0.00110511  0.00812822
  0.0139497  0.00110511           0  -0.0122401
-0.00619416 -0.00812822   0.0122401           0
Repeater1[0]<--->HoM1[0]
REAL
   0.415094 -0.00701941  -0.0131894    0.385801
-0.00701941   0.0876011   0.0351521 -0.00123971
 -0.0131894   0.0351521     0.06469 -0.00364559
   0.385801 -0.00123971 -0.00364559    0.432615
IMAGINARY
          0 -0.00475085  0.00605451   0.0291374
 0.00475085           0   0.0138313 -0.00995061
-0.00605451  -0.0138313           0  -0.0108336
 -0.0291374  0.00995061   0.0108336           0
EndNode1[0]<--->Repeater1[0]
REAL
    0.45925   0.0144659  0.00530099    0.384562
  0.0144659   0.0711514   0.0210982   0.0122192
 0.00530099   0.0210982   0.0556274 -0.00772733
   0.384562   0.0122192 -0.00772733    0.413972
IMAGINARY
          0 -0.00288088 -0.00925476  0.00925692
 0.00288088           0 -0.00608835  0.00356576
 0.00925476  0.00608835           0  0.00351299
-0.00925692 -0.00356576 -0.00351299           0
EndNode2[0]<--->HoM1[0]
REAL
  0.444292 0.00472783 0.00836116   0.375077
0.00472783  0.0756534  0.0296226 0.00469367
0.00836116  0.0296226  0.0591472  0.0148544
  0.375077 0.00469367  0.0148544   0.420908
IMAGINARY
          0   0.0127926  -0.0136891  0.00445088
 -0.0127926           0  -0.0245546 -0.00838878
  0.0136891   0.0245546           0   0.0261684
-0.00445088  0.00838878  -0.0261684           0
Repeater1[0]<--->EndNode1[0]
REAL
    0.45925  0.00530099   0.0144659    0.384562
 0.00530099   0.0556274   0.0210982 -0.00772733
  0.0144659   0.0210982   0.0711514   0.0122192
   0.384562 -0.00772733   0.0122192    0.413972
IMAGINARY
          0 -0.00925476 -0.00288088  0.00925692
 0.00925476           0  0.00608835  0.00351299
 0.00288088 -0.00608835           0  0.00356576
-0.00925692 -0.00351299 -0.00356576           0
Repeater1[0]<--->HoM1[0]
REAL
  0.444292 0.00836116 0.00472783   0.375077
0.00836116  0.0591472  0.0296226  0.0148544
0.00472783  0.0296226  0.0756534 0.00469367
  0.375077  0.0148544 0.00469367   0.420908
IMAGINARY
          0  -0.0136891   0.0127926  0.00445088
  0.0136891           0   0.0245546   0.0261684
 -0.0127926  -0.0245546           0 -0.00838878
-0.00445088  -0.0261684  0.00838878           0
EndNode1[0]<--->Repeater1[0]
REAL
  0.404199 0.00824145 0.00726392   0.382938
0.00824145  0.0800525  0.0214202 0.00726392
0.00726392  0.0214202  0.0761155 -0.0070308
  0.382938 0.00726392 -0.0070308   0.439633
IMAGINARY
           0  -0.00786289   0.00496181   0.00961066
  0.00786289            0    0.0184939 -0.000301353
 -0.00496181   -0.0184939            0    0.0191811
 -0.00961066  0.000301353   -0.0191811            0
EndNode2[0]<--->HoM1[0]
REAL
   0.398072  0.00530172   0.0148802     0.39021
 0.00530172   0.0743802   0.0261198 -0.00880735
  0.0148802   0.0261198   0.0688705  0.00347021
    0.39021 -0.00880735  0.00347021    0.458678
IMAGINARY
          0   0.0090491  0.00872818  0.00330827
 -0.0090491           0  -0.0213031 -0.00498753
-0.00872818   0.0213031           0  0.00840726
-0.00330827  0.00498753 -0.00840726           0
Repeater1[0]<--->EndNode1[0]
REAL
  0.404199 0.00726392 0.00824145   0.382938
0.00726392  0.0761155  0.0214202 -0.0070308
0.00824145  0.0214202  0.0800525 0.00726392
  0.382938 -0.0070308 0.00726392   0.439633
IMAGINARY
           0   0.00496181  -0.00786289   0.00961066
 -0.00496181            0   -0.0184939    0.0191811
  0.00786289    0.0184939            0 -0.000301353
 -0.00961066   -0.0191811  0.000301353            0
Repeater1[0]<--->HoM1[0]
REAL
   0.398072   0.0148802  0.00530172     0.39021
  0.0148802   0.0688705   0.0261198  0.00347021
 0.00530172   0.0261198   0.0743802 -0.00880735
    0.39021  0.00347021 -0.00880735    0.458678
IMAGINARY
          0  0.00872818   0.0090491  0.00330827
-0.00872818           0   0.0213031  0.00840726
 -0.0090491  -0.0213031           0 -0.00498753
-0.00330827 -0.00840726  0.00498753           0
EndNode1[0]<--->Repeater1[0]
REAL
  0.426612 0.00599706 0.00511672   0.382394
0.00599706  0.0754458  0.0289665 -0.0119831
0.00511672  0.0289665  0.0727023 -0.0041244
  0.382394 -0.0119831 -0.0041244    0.42524
IMAGINARY
          0  -0.0124501   0.0128982   0.0216823
  0.0124501           0  0.00250071  0.00365031
 -0.0128982 -0.00250071           0  -0.0111906
 -0.0216823 -0.00365031   0.0111906           0
EndNode2[0]<--->HoM1[0]
REAL
   0.438503  -0.0250894  -0.0137342    0.380195
 -0.0250894    0.065508   0.0313436 -0.00934273
 -0.0137342   0.0313436    0.052139   0.0084227
   0.380195 -0.00934273   0.0084227     0.44385
IMAGINARY
           0   -0.0119718  0.000728456    0.0189938
   0.0119718            0   -0.0209546     0.018014
-0.000728456    0.0209546            0   -0.0055615
  -0.0189938    -0.018014    0.0055615            0
Repeater1[0]<--->EndNode1[0]
REAL
  0.426612 0.00511672 0.00599706   0.382394
0.00511672  0.0727023  0.0289665 -0.0041244
0.00599706  0.0289665  0.0754458 -0.0119831
  0.382394 -0.0041244 -0.0119831    0.42524
IMAGINARY
          0   0.0128982  -0.0124501   0.0216823
 -0.0128982           0 -0.00250071  -0.0111906
  0.0124501  0.00250071           0  0.00365031
 -0.0216823   0.0111906 -0.00365031           0
Repeater1[0]<--->HoM1[0]
REAL
   0.438503  -0.0137342  -0.0250894    0.380195
 -0.0137342    0.052139   0.0313436   0.0084227
 -0.0250894   0.0313436    0.065508 -0.00934273
   0.380195   0.0084227 -0.00934273     0.44385
IMAGINARY
           0  0.000728456   -0.0119718    0.0189938
-0.000728456            0    0.0209546   -0.0055615
   0.0119718   -0.0209546            0     0.018014
  -0.0189938    0.0055615    -0.018014            0
EndNode1[0]<--->Repeater1[0]
REAL
   0.413524  0.00388778   0.0141026    0.383094
 0.00388778   0.0663199   0.0271621 -0.00512821
  0.0141026   0.0271621   0.0884265 -0.00260573
   0.383094 -0.00512821 -0.00260573     0.43173
IMAGINARY
          0  0.00832895  0.00936019  -0.0229384
-0.00832895           0 -0.00827176 -0.00814954
-0.00936019  0.00827176           0  0.00377759
  0.0229384  0.00814954 -0.00377759           0
EndNode2[0]<--->HoM1[0]
REAL
   0.438813  -0.0316595  -0.0153257    0.398136
 -0.0316595   0.0729295   0.0261461  -0.0160059
 -0.0153257   0.0261461   0.0741656 -0.00750495
   0.398136  -0.0160059 -0.00750495    0.414091
IMAGINARY
          0   0.0119686 -0.00589296  -0.0308247
 -0.0119686           0  0.00845627  0.00906153
 0.00589296 -0.00845627           0  -0.0164046
  0.0308247 -0.00906153   0.0164046           0
Repeater1[0]<--->EndNode1[0]
REAL
   0.413524   0.0141026  0.00388778    0.383094
  0.0141026   0.0884265   0.0271621 -0.00260573
 0.00388778   0.0271621   0.0663199 -0.00512821
   0.383094 -0.00260573 -0.00512821     0.43173
IMAGINARY
          0  0.00936019  0.00832895  -0.0229384
-0.00936019           0  0.00827176  0.00377759
-0.00832895 -0.00827176           0 -0.00814954
  0.0229384 -0.00377759  0.00814954           0
Repeater1[0]<--->HoM1[0]
REAL
   0.438813  -0.0153257  -0.0316595    0.398136
 -0.0153257   0.0741656   0.0261461 -0.00750495
 -0.0316595   0.0261461   0.0729295  -0.0160059
   0.398136 -0.00750495  -0.0160059    0.414091
IMAGINARY
          0 -0.00589296   0.0119686  -0.0308247
 0.00589296           0 -0.00845627  -0.0164046
 -0.0119686  0.00845627           0  0.00906153
  0.0308247   0.0164046 -0.00906153           0
EndNode1[0]<--->Repeater1[0]
REAL
   0.433155   0.0172814    0.026841    0.378017
  0.0172814   0.0561497   0.0162721   0.0041432
   0.026841   0.0162721   0.0721925 -0.00695331
   0.378017   0.0041432 -0.00695331    0.438503
IMAGINARY
          0  0.00332394   0.0132162  0.00294927
-0.00332394           0  0.00422153  0.00222006
 -0.0132162 -0.00422153           0  -0.0147333
-0.00294927 -0.00222006   0.0147333           0
EndNode2[0]<--->HoM1[0]
REAL
   0.456163   0.0148526  -0.0196019    0.384648
  0.0148526   0.0800508   0.0335573   0.0196019
 -0.0196019   0.0335573    0.068615 -0.00165997
   0.384648   0.0196019 -0.00165997    0.395172
IMAGINARY
           0   -0.0148198  -0.00125165   0.00963573
   0.0148198            0  -0.00831298    0.0237163
  0.00125165   0.00831298            0  5.72931e-05
 -0.00963573   -0.0237163 -5.72931e-05            0
Repeater1[0]<--->EndNode1[0]
REAL
   0.433155    0.026841   0.0172814    0.378017
   0.026841   0.0721925   0.0162721 -0.00695331
  0.0172814   0.0162721   0.0561497   0.0041432
   0.378017 -0.00695331   0.0041432    0.438503
IMAGINARY
          0   0.0132162  0.00332394  0.00294927
 -0.0132162           0 -0.00422153  -0.0147333
-0.00332394  0.00422153           0  0.00222006
-0.00294927   0.0147333 -0.00222006           0
Repeater1[0]<--->HoM1[0]
REAL
   0.456163  -0.0196019   0.0148526    0.384648
 -0.0196019    0.068615   0.0335573 -0.00165997
  0.0148526   0.0335573   0.0800508   0.0196019
   0.384648 -0.00165997   0.0196019    0.395172
IMAGINARY
           0  -0.00125165   -0.0148198   0.00963573
  0.00125165            0   0.00831298  5.72931e-05
   0.0148198  -0.00831298            0    0.0237163
 -0.00963573 -5.72931e-05   -0.0237163            0
EndNode1[0]<--->Repeater1[0]
REAL
   0.451372   0.0108163 -0.00395246    0.384733
  0.0108163   0.0623441   0.0301872  -0.0336554
-0.00395246   0.0301872   0.0511222  -0.0200641
   0.384733  -0.0336554  -0.0200641    0.435162
IMAGINARY
           0    0.0173348   0.00393882     0.012179
  -0.0173348            0   -0.0173873  -0.00264012
 -0.00393882    0.0173873            0 -0.000451722
   -0.012179   0.00264012  0.000451722            0
EndNode2[0]<--->HoM1[0]
REAL
    0.438462    0.0187945    0.0244555     0.381505
   0.0187945    0.0666667    0.0306491 -0.000989794
   0.0244555    0.0306491    0.0615385   0.00587459
    0.381505 -0.000989794   0.00587459     0.433333
IMAGINARY
          0   0.0037877  -0.0196806  -0.0253621
 -0.0037877           0  0.00116853  0.00501072
  0.0196806 -0.00116853           0 -0.00867767
  0.0253621 -0.00501072  0.00867767           0
Repeater1[0]<--->EndNode1[0]
REAL
   0.451372 -0.00395246   0.0108163    0.384733
-0.00395246   0.0511222   0.0301872  -0.0200641
  0.0108163   0.0301872   0.0623441  -0.0336554
   0.384733  -0.0200641  -0.0336554    0.435162
IMAGINARY
           0   0.00393882    0.0173348     0.012179
 -0.00393882            0    0.0173873 -0.000451722
  -0.0173348   -0.0173873            0  -0.00264012
   -0.012179  0.000451722   0.00264012            0
Repeater1[0]<--->HoM1[0]
REAL
    0.438462    0.0244555    0.0187945     0.381505
   0.0244555    0.0615385    0.0306491   0.00587459
   0.0187945    0.0306491    0.0666667 -0.000989794
    0.381505   0.00587459 -0.000989794     0.433333
IMAGINARY
          0  -0.0196806   0.0037877  -0.0253621
  0.0196806           0 -0.00116853 -0.00867767
 -0.0037877  0.00116853           0  0.00501072
  0.0253621  0.00867767 -0.00501072           0
EndNode1[0]<--->Repeater1[0]
REAL
   0.463235  0.00660631 -0.00334225    0.381207
 0.00660631    0.064951  0.00635901  0.00334225
-0.00334225  0.00635901   0.0759804 -0.00528356
   0.381207  0.00334225 -0.00528356    0.395833
IMAGINARY
           0    0.0123946    -0.012299   -0.0107757
  -0.0123946            0  -0.00126484  0.000755848
    0.012299   0.00126484            0   0.00522384
   0.0107757 -0.000755848  -0.00522384            0
EndNode2[0]<--->HoM1[0]
REAL
  0.403797 0.00635424 0.00292542   0.378748
0.00635424  0.0658228  0.0310661 -0.0069042
0.00292542  0.0310661  0.0848101  -0.010333
  0.378748 -0.0069042  -0.010333    0.44557
IMAGINARY
          0  -0.0163574 -0.00585147  0.00171434
  0.0163574           0  -0.0153959  0.00783823
 0.00585147   0.0153959           0  0.00509908
-0.00171434 -0.00783823 -0.00509908           0
Repeater1[0]<--->EndNode1[0]
REAL
   0.463235 -0.00334225  0.00660631    0.381207
-0.00334225   0.0759804  0.00635901 -0.00528356
 0.00660631  0.00635901    0.064951  0.00334225
   0.381207 -0.00528356  0.00334225    0.395833
IMAGINARY
           0    -0.012299    0.0123946   -0.0107757
    0.012299            0   0.00126484   0.00522384
  -0.0123946  -0.00126484            0  0.000755848
   0.0107757  -0.00522384 -0.000755848            0
Repeater1[0]<--->HoM1[0]
REAL
  0.403797 0.00292542 0.00635424   0.378748
0.00292542  0.0848101  0.0310661  -0.010333
0.00635424  0.0310661  0.0658228 -0.0069042
  0.378748  -0.010333 -0.0069042    0.44557
IMAGINARY
          0 -0.00585147  -0.0163574  0.00171434
 0.00585147           0   0.0153959  0.00509908
  0.0163574  -0.0153959           0  0.00783823
-0.00171434 -0.00509908 -0.00783823           0
EndNode1[0]<--->Repeater1[0]
REAL
  0.461929  0.0128454 0.00272119   0.384768
 0.0128454  0.0761421  0.0205869  0.0103548
0.00272119  0.0205869  0.0596447 0.00521185
  0.384768  0.0103548 0.00521185   0.402284
IMAGINARY
          0   0.0045447   0.0173103   -0.016955
 -0.0045447           0  -0.0317175  0.00998668
 -0.0173103   0.0317175           0  -0.0078736
   0.016955 -0.00998668   0.0078736           0
EndNode2[0]<--->HoM1[0]
REAL
   0.40125 -0.0331059 -0.0118973   0.385626
-0.0331059    0.07875  0.0305345 -0.0105815
-0.0118973  0.0305345    0.07125  -0.010029
  0.385626 -0.0105815  -0.010029    0.44875
IMAGINARY
           0   0.00268588   -0.0107486   -0.0327179
 -0.00268588            0    0.0205885  0.000304726
   0.0107486   -0.0205885            0    0.0142854
   0.0327179 -0.000304726   -0.0142854            0
Repeater1[0]<--->EndNode1[0]
REAL
  0.461929 0.00272119  0.0128454   0.384768
0.00272119  0.0596447  0.0205869 0.00521185
 0.0128454  0.0205869  0.0761421  0.0103548
  0.384768 0.00521185  0.0103548   0.402284
IMAGINARY
          0   0.0173103   0.0045447   -0.016955
 -0.0173103           0   0.0317175  -0.0078736
 -0.0045447  -0.0317175           0  0.00998668
   0.016955   0.0078736 -0.00998668           0
Repeater1[0]<--->HoM1[0]
REAL
   0.40125 -0.0118973 -0.0331059   0.385626
-0.0118973    0.07125  0.0305345  -0.010029
-0.0331059  0.0305345    0.07875 -0.0105815
  0.385626  -0.010029 -0.0105815    0.44875
IMAGINARY
           0   -0.0107486   0.00268588   -0.0327179
   0.0107486            0   -0.0205885    0.0142854
 -0.00268588    0.0205885            0  0.000304726
   0.0327179   -0.0142854 -0.000304726            0
EndNode1[0]<--->Repeater1[0]
REAL
   0.443467 -0.00588069 -0.00220949    0.381718
-0.00588069   0.0766332   0.0265267   -0.013748
-0.00220949   0.0265267   0.0841709  0.00189133
   0.381718   -0.013748  0.00189133    0.395729
IMAGINARY
          0  -0.0151942   0.0154277   0.0155504
  0.0151942           0  -0.0143004  0.00643025
 -0.0154277   0.0143004           0 -0.00119927
 -0.0155504 -0.00643025  0.00119927           0
EndNode2[0]<--->HoM1[0]
REAL
   0.461832   0.0239219   0.0190509     0.38243
  0.0239219   0.0699746   0.0372593  0.00685581
  0.0190509   0.0372593   0.0585242 -0.00837785
    0.38243  0.00685581 -0.00837785    0.409669
IMAGINARY
          0   -0.014434  -0.0311908   0.0114103
   0.014434           0  -0.0120554   0.0326113
  0.0311908   0.0120554           0  0.00591126
 -0.0114103  -0.0326113 -0.00591126           0
Repeater1[0]<--->EndNode1[0]
REAL
   0.443467 -0.00220949 -0.00588069    0.381718
-0.00220949   0.0841709   0.0265267  0.00189133
-0.00588069   0.0265267   0.0766332   -0.013748
   0.381718  0.00189133   -0.013748    0.395729
IMAGINARY
          0   0.0154277  -0.0151942   0.0155504
 -0.0154277           0   0.0143004 -0.00119927
  0.0151942  -0.0143004           0  0.00643025
 -0.0155504  0.00119927 -0.00643025           0
Repeater1[0]<--->HoM1[0]
REAL
   0.461832   0.0190509   0.0239219     0.38243
  0.0190509   0.0585242   0.0372593 -0.00837785
  0.0239219   0.0372593   0.0699746  0.00685581
    0.38243 -0.00837785  0.00685581    0.409669
IMAGINARY
          0  -0.0311908   -0.014434   0.0114103
  0.0311908           0   0.0120554  0.00591126
   0.014434  -0.0120554           0   0.0326113
 -0.0114103 -0.00591126  -0.0326113           0
EndNode1[0]<--->Repeater1[0]
REAL
   0.411844 -0.00453368  0.00168488    0.370752
-0.00453368   0.0659489   0.0385744  -0.0159336
 0.00168488   0.0385744   0.0740242 -0.00453368
   0.370752  -0.0159336 -0.00453368    0.448183
IMAGINARY
          0   -0.020266  0.00256726  -0.0218012
   0.020266           0  -0.0211627  0.00506103
-0.00256726   0.0211627           0 -0.00261891
  0.0218012 -0.00506103  0.00261891           0
EndNode2[0]<--->HoM1[0]
REAL
   0.435374  0.00608466   0.0153272    0.385136
 0.00608466   0.0789116   0.0128237  0.00167958
  0.0153272   0.0128237   0.0612245 -0.00132275
   0.385136  0.00167958 -0.00132275     0.42449
IMAGINARY
          0   0.0153293  0.00268817  -0.0191694
 -0.0153293           0  0.00528049  0.00268817
-0.00268817 -0.00528049           0  -0.0059207
  0.0191694 -0.00268817   0.0059207           0
Repeater1[0]<--->EndNode1[0]
REAL
   0.411844  0.00168488 -0.00453368    0.370752
 0.00168488   0.0740242   0.0385744 -0.00453368
-0.00453368   0.0385744   0.0659489  -0.0159336
   0.370752 -0.00453368  -0.0159336    0.448183
IMAGINARY
          0  0.00256726   -0.020266  -0.0218012
-0.00256726           0   0.0211627 -0.00261891
   0.020266  -0.0211627           0  0.00506103
  0.0218012  0.00261891 -0.00506103           0
Repeater1[0]<--->HoM1[0]
REAL
   0.435374   0.0153272  0.00608466    0.385136
  0.0153272   0.0612245   0.0128237 -0.00132275
 0.00608466   0.0128237   0.0789116  0.00167958
   0.385136 -0.00132275  0.00167958     0.42449
IMAGINARY
          0  0.00268817   0.0153293  -0.0191694
-0.00268817           0 -0.00528049  -0.0059207
 -0.0153293  0.00528049           0  0.00268817
  0.0191694   0.0059207 -0.00268817           0
EndNode1[0]<--->Repeater1[0]
REAL
    0.471789   -0.0201199 -0.000474959     0.381319
  -0.0201199    0.0648259    0.0323799   -0.0118538
-0.000474959    0.0323799    0.0708283    0.0173801
    0.381319   -0.0118538    0.0173801     0.392557
IMAGINARY
          0  -0.0109402 -0.00555879  -0.0122355
  0.0109402           0  -0.0102747  -0.0150405
 0.00555879   0.0102747           0   0.0153098
  0.0122355   0.0150405  -0.0153098           0
EndNode2[0]<--->HoM1[0]
REAL
   0.434383 -0.00632644  0.00676921    0.376379
-0.00632644   0.0669291   0.0334145 0.000962754
 0.00676921   0.0334145   0.0695538  0.00374912
   0.376379 0.000962754  0.00374912    0.429134
IMAGINARY
           0   -0.0151144 -0.000357405  -0.00717344
   0.0151144            0   -0.0144582   0.00161369
 0.000357405    0.0144582            0   -0.0125238
  0.00717344  -0.00161369    0.0125238            0
Repeater1[0]<--->EndNode1[0]
REAL
    0.471789 -0.000474959   -0.0201199     0.381319
-0.000474959    0.0708283    0.0323799    0.0173801
  -0.0201199    0.0323799    0.0648259   -0.0118538
    0.381319    0.0173801   -0.0118538     0.392557
IMAGINARY
          0 -0.00555879  -0.0109402  -0.0122355
 0.00555879           0   0.0102747   0.0153098
  0.0109402  -0.0102747           0  -0.0150405
  0.0122355  -0.0153098   0.0150405           0
Repeater1[0]<--->HoM1[0]
REAL
   0.434383  0.00676921 -0.00632644    0.376379
 0.00676921   0.0695538   0.0334145  0.00374912
-0.00632644   0.0334145   0.0669291 0.000962754
   0.376379  0.00374912 0.000962754    0.429134
IMAGINARY
           0 -0.000357405   -0.0151144  -0.00717344
 0.000357405            0    0.0144582   -0.0125238
   0.0151144   -0.0144582            0   0.00161369
  0.00717344    0.0125238  -0.00161369            0
